5.497433380231807
2.9279530061104744
1.2725808646846555
0.5804676901792215
0.40041539945381266
0.19000909851424944
0.10407128564402093
0.07246717292454859
0.0369949876995903
0.019637630065326872
0.014454201853433943
0.0075456307974569965
0.004182983290495798
0.003071945248103397
0.0016529121442139547
0.0009227614342374338
0.0006860603971590313
0.0003750611722258133
0.00021465321661266488
0.00015936797490476707
8.881197878022686e-05
5.118263939924805e-05
3.824978633490169e-05
2.1538304628981863e-05
1.661860936548491e-05
9.35760454733895e-06
5.3783248848936256e-06
4.149980255146249e-06
2.3634437009107097e-06
1.364853053172571e-06
8.068681281156925e-07
5.271004419160856e-07
4.6571126439321195e-07
3.3437324797782724e-07
1.9474408721363297e-07
1.822520942740823e-07
1.0944609701187994e-07
7.159926056392156e-08
5.614299195987399e-08
3.6062183419688604e-08
3.215345314029946e-08
2.2785847105181567e-08
2.0681547252547996e-08
1.590456200350377e-08
1.5831815417694012e-08
5.124857872215595e-09
4.070785090831642e-09
2.6013453036275514e-09
2.356096761417297e-09
1.7470449844076491e-09
1.6512171623738814e-09
9.687272304009296e-10
8.631140893957773e-10
8.170997652601614e-10
7.307182027421919e-10
4.2724812114802965e-10
3.823736526628497e-10
3.6233769666546636e-10
2.1274545164477256e-10
1.253261206883125e-10
1.1875218871510485e-10
1.1254808678228831e-10
6.628002424358957e-11
3.93116504112086e-11
3.720830882003301e-11
2.946634393800544e-11
2.7938496126500163e-11
2.2184464961392777e-11
2.103690040390039e-11
1.886561701788638e-11
1.7890647903455187e-11
1.0555146450147803e-11
1.0009413441666432e-11
9.49262251775505e-12
9.002921051802649e-12
8.538719113101162e-12
5.047014640808334e-12
4.528183184822846e-12
4.295044479372209e-12
4.073977700109808e-12
3.8643473280635214e-12
3.6655425522580246e-12
2.914102985026483e-12
2.317228177405274e-12
2.1982028261205964e-12
2.0852992984055375e-12
1.9781969556803188e-12
1.8766016693839983e-12
1.4922707347223145e-12
1.186952485354532e-12
9.442000470926322e-13
5.59150193170038e-13
5.304806934966343e-13
4.761893911208617e-13
2.823257725483493e-13
2.6786497826077427e-13
2.5414946454647344e-13
2.28183996529962e-13
1.3541461632060214e-13
1.2850563210518972e-13
7.658402890260789e-14
4.589768456254226e-14
2.8098354309894453e-14
1.7995752450619254e-14
1.2865209401229147e-14
1.0462124618292485e-14
9.534831169513539e-15
9.241244978048237e-15
9.242312996551877e-15
9.261391498313734e-15
9.318232459540953e-15
9.378667243719367e-15
9.398421855593822e-15
9.49744547829431e-15
9.623721160988162e-15
9.690311914552242e-15
9.834440377548411e-15
9.956085072458882e-15
1.0195781410321574e-14
1.0413898004601986e-14
1.0824655030038791e-14
1.1307866531778946e-14
1.2013177880292959e-14
1.2844905201131251e-14
1.3914444842253606e-14
1.5343291316401792e-14
1.7179848285773712e-14
1.9678800062465963e-14
2.26993113392192e-14
2.6468247987982657e-14
3.111422561587056e-14
3.6937292751699126e-14
4.397780811608446e-14
5.2630363181320035e-14
6.293553331951039e-14
7.56826762084466e-14
9.097604497373034e-14
1.0965199232785941e-13
1.3229502286339185e-13
1.596420891512867e-13
3.0165292226090376e-14
1.3594382740036632e-14
1.0001041167530077e-14
9.172638388014702e-15
8.678318594222809e-15
8.45106074541774e-15
8.34875029833042e-15
8.290776886575666e-15
8.267968705848068e-15
8.259902179837407e-15
8.25701041284689e-15
8.251509762521287e-15
8.250056698785558e-15
8.249551859717412e-15
8.249405946717407e-15
8.251778171997608e-15
8.249712361036629e-15
8.251232591399069e-15
8.252799215228102e-15
8.253160925954199e-15
8.253928050272884e-15
8.254741765824273e-15
8.25518213039444e-15
8.256415609400097e-15
8.256596387529149e-15
8.25779175618333e-15
8.256191089116254e-15
8.257208671141078e-15
8.254910915259049e-15
8.257001666047799e-15
8.257444825544086e-15
8.257561442511293e-15
8.255867419260497e-15
8.255590394441154e-15
8.25568954123408e-15
8.258911164067299e-15
8.258844120470943e-15
8.260974674696148e-15
8.261099984303624e-15
8.261732331697127e-15
8.262364630694893e-15
8.261321457100896e-15
8.26170902021009e-15
8.262906562753771e-15
8.265531225323431e-15
8.265272000525476e-15
8.266725301999979e-15
8.266885469897364e-15
8.265452584951668e-15
8.264867127553452e-15
8.26117866610896e-15
8.261499213866746e-15
8.260543361981517e-15
8.261330199326347e-15
8.26117866610896e-15
8.260831877709971e-15
8.260992159871766e-15
8.26010619773653e-15
8.259922581854084e-15
8.260368499059852e-15
8.261784782302467e-15
8.257835485901769e-15
8.256643039307025e-15
8.253283437283539e-15
8.252215777422913e-15
8.252183687146872e-15
8.253146341151e-15
8.252971321502186e-15
8.252682530966837e-15
8.25218660444985e-15
8.2522624539653e-15
8.253073416748386e-15
8.253499286153474e-15
8.253143424187267e-15
8.252592099529596e-15
8.252533756140964e-15
8.251042942634983e-15
8.251083790429418e-15
8.25178984177679e-15
8.252527921779415e-15
8.251871529768971e-15
8.253195929376723e-15
8.25248124673853e-15
8.252834220184779e-15
8.25196780386447e-15
8.253289271111004e-15
8.253254268084359e-15
8.25491383159822e-15
8.253668461051441e-15
8.255243371288608e-15
8.254359708655527e-15
8.255222957707698e-15
8.25410304963526e-15
8.25547666577123e-15
8.252898395553062e-15
8.253300938753564e-15
8.25157394819034e-15
8.25156227810583e-15
8.251028354087961e-15
8.252102002244754e-15
8.250929151284161e-15
8.252119506220419e-15
8.252096167577947e-15
8.253376778028148e-15
8.254105966259866e-15
8.254861337335512e-15
8.256010302112568e-15
8.257803417464223e-15
8.258395205846688e-15
8.258914078993925e-15
8.258809140987224e-15
8.259115206446642e-15
8.258730436607171e-15
8.258351479092084e-15
8.257864638918743e-15
8.25435679212058e-15
8.252317882016482e-15
8.251442658787982e-15
8.250307647752107e-15
8.251509762521287e-15
8.25196780386447e-15
8.251959051720384e-15
8.251582700742891e-15
8.251766502201922e-15
8.250599439278209e-15
8.25037184277329e-15
8.249370927213372e-15
8.250637371418635e-15
8.249811578472157e-15
8.249551859717412e-15
8.248291086204925e-15
8.248390320736547e-15
8.247339541556469e-15
8.246551369305612e-15
8.24829400488466e-15
8.249026560838392e-15
8.249735706422929e-15
8.24998374707255e-15
8.250783262641208e-15
8.252303295723318e-15
8.251754832389733e-15
8.252163265997144e-15
8.25197947337548e-15
8.252851722607438e-15
8.252291626670225e-15
8.251643968350801e-15
8.250946657747972e-15
8.251436823654948e-15
8.251810263850648e-15
8.25248124673853e-15
8.252314964759912e-15
8.25227995760063e-15
8.250555671207166e-15
8.250094633421389e-15
8.249137460053895e-15
8.248696772783223e-15
8.248066344763764e-15
8.247380407693186e-15
8.246682736578611e-15
8.24651633767938e-15
8.245856547589652e-15
8.246542611413005e-15
8.246338257945023e-15
8.246770313598044e-15
8.247003847769853e-15
8.247695653941848e-15
8.247289918118224e-15
8.247748193811824e-15
8.247027200823315e-15
8.247529275478839e-15
8.247082664060257e-15
8.2479612687424e-15
8.247803652200373e-15
8.247082664060257e-15
8.246936707372789e-15
8.247908730229728e-15
8.247406678674145e-15
8.24769273505037e-15
8.246709009782095e-15
8.247351217616193e-15
8.246758636715855e-15
8.246244837530124e-15
8.24577771957956e-15
8.246440435312019e-15
8.245660935957184e-15
8.245643418271169e-15
8.244761646657744e-15
8.244542649022612e-15
8.245871145286603e-15
8.246163093798907e-15
8.247053472929414e-15
8.24810136980675e-15
8.248580030488884e-15
8.248326110293587e-15
8.248836861355522e-15
8.249904958497932e-15
8.250115059691512e-15
8.250721988641932e-15
8.250870796136526e-15
8.25184819042515e-15
8.252177852537821e-15
8.253044246806919e-15
8.252729204869317e-15
8.25376471418706e-15
8.254412206108363e-15
8.254811759114211e-15
8.254619276138787e-15
8.254957576562144e-15
8.253951383735575e-15
8.253881383149614e-15
8.253823048874478e-15
8.25448220219278e-15
8.25318134463538e-15
8.252977155550279e-15
8.252772961413158e-15
8.253257185008917e-15
8.253163842911747e-15
8.252282874869576e-15
8.252525004597094e-15
8.253761797441865e-15
8.253887216554451e-15
8.253373861145858e-15
8.252131175516901e-15
8.250768673635035e-15
8.250205518279867e-15
8.250838700629402e-15
8.251299696840747e-15
8.2521457621143e-15
8.252802132313495e-15
8.251737327640505e-15
8.251130473375442e-15
8.250555671207166e-15
8.250059616840662e-15
8.249090765829085e-15
8.248005050580648e-15
8.247532194428167e-15
8.246986332936359e-15
8.24689875821092e-15
8.246344096685814e-15
8.248241468491405e-15
8.249753215419299e-15
8.25106044885736e-15
8.251495174799599e-15
8.251337625762028e-15
8.251363884143858e-15
8.25105753115621e-15
8.250996259193723e-15
8.251897786451865e-15
8.252428737001984e-15
8.252557093545914e-15
8.252154514060365e-15
8.252889644395863e-15
8.252577513721107e-15
8.253373861145858e-15
8.2522624539653e-15
8.252560010716892e-15
8.25195613433696e-15
8.251646885844593e-15
8.251083790429418e-15
8.251165485411631e-15
8.25023761625023e-15
8.250646124964737e-15
8.24961314240782e-15
8.249487658315369e-15
8.249432211247875e-15
8.248597541938365e-15
8.247505923847016e-15
8.24717607498462e-15
8.246361612883383e-15
8.245748523829028e-15
8.246130979968512e-15
8.246055074054054e-15
8.245360210516185e-15
8.245395247054372e-15
8.245538311373533e-15
8.247225699107857e-15
8.247917486671748e-15
8.247062230279515e-15
8.247444625498907e-15
8.248229793691906e-15
8.247710248383747e-15
8.248060507242139e-15
8.249551859717412e-15
8.250152994058994e-15
8.251238426676531e-15
8.25183360330174e-15
8.252443323073427e-15
8.253114254493235e-15
8.253300938753564e-15
8.253070499758879e-15
8.252367475220389e-15
8.252472495138975e-15
8.252425819784601e-15
8.252592099529596e-15
8.251299696840747e-15
8.251824851015317e-15
8.251813181285644e-15
8.251880282005886e-15
8.250975835105114e-15
8.251194661994968e-15
8.250888302724152e-15
8.25087371390371e-15
8.250792016032529e-15
8.251366801736682e-15
8.25073074209826e-15
8.25056442483995e-15
8.250328073494847e-15
8.25051190290394e-15
8.249645242683016e-15
8.250001255542504e-15
8.249820332894475e-15
8.251337625762028e-15
8.251684813170016e-15
8.251235509038315e-15
8.250409775960115e-15
8.251568113150148e-15
8.2528663079313e-15
8.253586790843978e-15
8.25365096036073e-15
8.254210964059294e-15
8.253890133255324e-15
8.253295104934345e-15
8.252029068613162e-15
8.252454991912021e-15
8.252242033010492e-15
8.252454991912021e-15
8.251731492715843e-15
8.251883199416127e-15
8.250590685682574e-15
8.250894138245106e-15
8.250684056890529e-15
8.251436823654948e-15
8.251077955042594e-15
8.250864960599063e-15
8.250812440576164e-15
8.25148350460368e-15
8.251232591399069e-15
8.250996259193723e-15
8.250768673635035e-15
8.251139226398417e-15
8.250144239989673e-15
8.24979698774765e-15
8.248906904749518e-15
8.248655913168146e-15
8.248720121043825e-15
8.249175398916935e-15
8.248828105889455e-15
8.249508086088398e-15
8.249140378434169e-15
8.248758061826348e-15
8.248463286542263e-15
8.248620890479845e-15
8.248690935707746e-15
8.248839779842148e-15
8.248600460509665e-15
8.248828105889455e-15
8.24909952101637e-15
8.249572287331463e-15
8.249782396997339e-15
8.251492257252166e-15
8.251964886484141e-15
8.252107836907434e-15
8.25142807094766e-15
8.251436823654948e-15
8.250579014207282e-15
8.250225944275456e-15
8.249569369103982e-15
8.249394273565913e-15
8.248915660131949e-15
8.248924415505085e-15
8.248588786218271e-15
8.249254194459571e-15
8.249131623290249e-15
8.248652994616468e-15
8.248819350414093e-15
8.24977656068999e-15
8.24935633570948e-15
8.24977656068999e-15
8.249811578472157e-15
8.250794933827572e-15
8.251264685374048e-15
8.251924043051213e-15
8.251591453286158e-15
8.252102002244754e-15
8.252425819784601e-15
8.252137010158955e-15
8.251900703855919e-15
8.252936317127028e-15
8.252344137279205e-15
8.252349971770689e-15
8.251506844979012e-15
8.25152143268007e-15
8.249951648114462e-15
8.250298893846881e-15
8.249992501312172e-15
8.251603123329406e-15
8.252542507675554e-15
8.252565845055754e-15
8.252659193916608e-15
8.253458450313746e-15
8.252828386035643e-15
8.253067582768341e-15
8.252125340870723e-15
8.252977155550279e-15
8.252142844796884e-15
8.252869224992979e-15
8.252971321502186e-15
8.254222630399007e-15
8.253925133585409e-15
8.25352262082832e-15
8.252583348047596e-15
8.251401812770091e-15
8.250952493227654e-15
8.249928303339228e-15
8.249335907560674e-15
8.24929796943582e-15
8.248366971542395e-15
8.248092613559947e-15
8.24720526568151e-15
8.247771544757716e-15
8.24761684350933e-15
8.247657708272048e-15
8.246974656360032e-15
8.247152722352719e-15
8.246624351382297e-15
8.246317822319697e-15
8.246227321084507e-15
8.24640832256167e-15
8.246878323974505e-15
8.247754031554496e-15
8.24723445627508e-15
8.248343622282149e-15
8.247797814492823e-15
8.247578897476936e-15
8.246954222311677e-15
8.247695653941848e-15
8.247275322932505e-15
8.247993375446505e-15
8.24843993755466e-15
8.248874801601099e-15
8.248507065715876e-15
8.248939007772998e-15
8.249058663396204e-15
8.249528513810843e-15
8.250007091690898e-15
8.249487658315369e-15
8.248775572897884e-15
8.249064500211475e-15
8.248743469238338e-15
8.249292132785743e-15
8.249332989249572e-15
8.249864104866712e-15
8.249639406278634e-15
8.249893286052513e-15
8.249858268617166e-15
8.25101084779749e-15
8.251133391050798e-15
8.250975835105114e-15
8.251480587052121e-15
8.252029068613162e-15
8.251527267753271e-15
8.251290943988e-15
8.251226756117479e-15
8.251235509038315e-15
8.250964164174639e-15
8.252029068613162e-15
8.251457246602512e-15
8.251600205820142e-15
8.251489339703702e-15
8.25082119393653e-15
8.24941178328696e-15
8.250007091690898e-15
8.249049908165555e-15
8.248016725698264e-15
8.24785911021602e-15
8.2484953912923e-15
8.248807676432488e-15
8.249616060619817e-15
8.248921497048406e-15
8.249989583233331e-15
8.250001255542504e-15
8.24977072437851e-15
8.249277541142479e-15
8.249335907560674e-15
8.249379682103317e-15
8.250503149215433e-15
8.250832865069239e-15
8.251212167895449e-15
8.250786180439347e-15
8.25106044885736e-15
8.251092543501916e-15
8.251600205820142e-15
8.251147979412107e-15
8.250640289268367e-15
8.250348499187016e-15
8.251305532070753e-15
8.251168403074608e-15
8.250940822264162e-15
8.25071615299922e-15
8.252177852537821e-15
8.251819016152543e-15
8.251994060241034e-15
8.251098378878423e-15
8.251655638319778e-15
8.251509762521287e-15
8.251232591399069e-15
8.251092543501916e-15
8.251290943988e-15
8.251638133360123e-15
8.251381389685322e-15
8.25190362125894e-15
8.252294543935045e-15
8.252212860130248e-15
8.251856942686819e-15
8.252102002244754e-15
8.252253702133713e-15
8.25240831645865e-15
8.25190362125894e-15
8.251112967301635e-15
8.252125340870723e-15
8.251754832389733e-15
8.252160348685916e-15
8.251147979412107e-15
8.250660714187602e-15
8.25008587929014e-15
8.25038643248117e-15
8.250155912080038e-15
8.251142144070679e-15
8.251028354087961e-15
8.250546917565096e-15
8.249245439436445e-15
8.249671506451636e-15
8.249756133581748e-15
8.249896204165417e-15
8.24935633570948e-15
8.249864104866712e-15
8.249169562180131e-15
8.248994458155646e-15
8.248874801601099e-15
8.249178317283787e-15
8.24961314240782e-15
8.249300887759312e-15
8.248612134784535e-15
8.248437018926562e-15
8.247648951554225e-15
8.247348298602813e-15
8.24717607498462e-15
8.24822395628596e-15
8.248235631093721e-15
8.248629646165862e-15
8.24797294392199e-15
8.247897054959241e-15
8.24759932997761e-15
8.247517599671192e-15
8.248115963530766e-15
8.248962355347966e-15
8.248997376586512e-15
8.248635483284709e-15
8.24836405288848e-15
8.249067418617561e-15
8.247946674744672e-15
8.24750008592873e-15
8.246539692113403e-15
8.246495902495354e-15
8.24667689807758e-15
8.246504660437566e-15
8.246428757962725e-15
8.24711769328088e-15
8.247222780050051e-15
8.247508842804609e-15
8.247310351334839e-15
8.247713167269028e-15
8.247351217616193e-15
8.247170236832844e-15
8.246901677383417e-15
8.248314435613891e-15
8.24822395628596e-15
8.248174338168614e-15
8.248127638491386e-15
8.248580030488884e-15
8.248314435613891e-15
8.24826481804083e-15
8.248737632195904e-15
8.249575205557914e-15
8.249009050299655e-15
8.2488660461753e-15
8.248078019794619e-15
8.248016725698264e-15
8.248378646147733e-15
8.248329028960929e-15
8.248063426003468e-15
8.248950681568742e-15
8.24956353264592e-15
8.249049908165555e-15
8.24822395628596e-15
8.248314435613891e-15
8.248334866292516e-15
8.248693854246002e-15
8.249548941482704e-15
8.250786180439347e-15
8.250794933827572e-15
8.250468134368524e-15
8.24988744982361e-15
8.25063445356787e-15
8.250637371418635e-15
8.25021427228417e-15
8.249286296131534e-15
8.249496413081433e-15
8.24901780557367e-15
8.249694851953549e-15
8.249487658315369e-15
8.250129649853493e-15
8.25040102216325e-15
8.249764888062902e-15
8.248903986286642e-15
8.249671506451636e-15
8.249478903540015e-15
8.250185092233708e-15
8.24988161359058e-15
8.250546917565096e-15
8.250926233536582e-15
8.250818276150773e-15
8.250298893846881e-15
8.250614028583627e-15
8.251007930078799e-15
8.250573178463445e-15
8.249986665153457e-15
8.250850371737347e-15
8.249858268617166e-15
8.249528513810843e-15
8.249189990740873e-15
8.250727824280517e-15
8.250293057904904e-15
8.249642324481341e-15
8.248075101038454e-15
8.24800213179866e-15
8.24836405288848e-15
8.248022563250874e-15
8.247870785540219e-15
8.248690935707746e-15
8.247467977304288e-15
8.246773232816008e-15
8.24602295980298e-15
8.246177690953198e-15
8.246230240494695e-15
8.247336622538955e-15
8.246995090357756e-15
8.247899973778412e-15
8.247844516037529e-15
8.248048832186496e-15
8.247797814492823e-15
8.248813513425356e-15
8.248588786218271e-15
8.248480798239592e-15
8.24826481804083e-15
8.24868801716846e-15
8.248504147111531e-15
8.247850353712024e-15
8.246379129043746e-15
8.246726525204581e-15
8.247447544478196e-15
8.247295756185279e-15
8.247085583167657e-15
8.24802548202563e-15
8.248229793691906e-15
8.248226874989449e-15
8.248810594929438e-15
8.250147158013812e-15
8.25016174811903e-15
8.25101084779749e-15
8.250444791054696e-15
8.251501009891368e-15
8.251439741221981e-15
8.25146891683557e-15
8.250899973761934e-15
8.251751914934107e-15
8.25204365539105e-15
8.251994060241034e-15
8.251716905386138e-15
8.252131175516901e-15
8.25160895834484e-15
8.252061159490479e-15
8.251115884983181e-15
8.25074241335892e-15
8.250529410253092e-15
8.25037184277329e-15
8.25071615299922e-15
8.251480587052121e-15
8.250777427041835e-15
8.251051695750814e-15
8.250403940096572e-15
8.250220108281876e-15
8.249896204165417e-15
8.250097551463074e-15
8.250053780729424e-15
8.250330991453967e-15
8.249861186742455e-15
8.250094633421389e-15
8.250354335089777e-15
8.251320120127717e-15
8.250923315787971e-15
8.251299696840747e-15
8.251007930078799e-15
8.251375554508961e-15
8.251451411479796e-15
8.251226756117479e-15
8.250736577730653e-15
8.251495174799599e-15
8.251436823654948e-15
8.251763584750423e-15
8.250876631669862e-15
8.25093206903071e-15
8.250307647752107e-15
8.249753215419299e-15
8.249805742185452e-15
8.251363884143858e-15
8.251381389685322e-15
8.251337625762028e-15
8.250926233536582e-15
8.251404730349502e-15
8.250835782849836e-15
8.250281386008567e-15
8.250476888094184e-15
8.251775254550234e-15
8.25174899747745e-15
8.252457909119092e-15
8.251859860105312e-15
8.252507501481512e-15
8.252180769842862e-15
8.252746707514693e-15
8.252580430884867e-15
8.253295104934345e-15
8.253193012430516e-15
8.251900703855919e-15
8.251270520628815e-15
8.25147766949953e-15
8.251550608004816e-15
8.25174899747745e-15
8.250864960599063e-15
8.250561506963387e-15
8.250281386008567e-15
8.250415611819532e-15
8.250695728217227e-15
8.250911644783207e-15
8.250806604997427e-15
8.250456462719866e-15
8.24976196990355e-15
8.249811578472157e-15
8.249922467135096e-15
8.249893286052513e-15
8.249995419389982e-15
8.250573178463445e-15
8.249759051743165e-15
8.249604387765633e-15
8.248425344403843e-15
8.248582949066379e-15
8.248445774807757e-15
8.248422425770582e-15
8.248095532309914e-15
8.249006131872917e-15
8.247987537873236e-15
8.247996294231591e-15
8.247590573197805e-15
8.24808093854975e-15
8.24862672760489e-15
8.250071289050752e-15
8.24988453170761e-15
8.25051190290394e-15
8.251095461190686e-15
8.25132595534328e-15
8.250879549434982e-15
8.251541855418223e-15
8.251317202518387e-15
8.250660714187602e-15
8.249639406278634e-15
8.249718197389397e-15
8.250071289050752e-15
8.250418529747692e-15
8.250701563874384e-15
8.251918208258578e-15
8.252163265997144e-15
8.252323716526528e-15
8.251366801736682e-15
8.251378472097658e-15
8.251007930078799e-15
8.251582700742891e-15
8.250765755830705e-15
8.251439741221981e-15
8.251285108747677e-15
8.251410565505233e-15
8.250561506963387e-15
8.251098378878423e-15
8.250590685682574e-15
8.249980828990613e-15
8.249642324481341e-15
8.250190928252056e-15
8.24970652467973e-15
8.250205518279867e-15
8.249756133581748e-15
8.251171320736552e-15
8.250803687206511e-15
8.25127343825465e-15
8.250100469503728e-15
8.249581042007715e-15
8.248530414513462e-15
8.248148069632706e-15
8.24790289259655e-15
8.248880638546468e-15
8.248308598267846e-15
8.249076173829626e-15
8.249715279213528e-15
8.250430201450014e-15
8.250208436282334e-15
8.250917480287652e-15
8.250319319611294e-15
8.25180734641462e-15
8.252705867951073e-15
8.252125340870723e-15
8.252040738037535e-15
8.252810883563491e-15
8.252533756140964e-15
8.252638773943523e-15
8.252244950292843e-15
8.25265627678069e-15
8.251419318231088e-15
8.251536020355337e-15
8.251302614456266e-15
8.251442658787982e-15
8.250211354283767e-15
8.249972074738605e-15
8.249280459473197e-15
8.249595633114156e-15
8.249189990740873e-15
8.2488251873987e-15
8.248346540943294e-15
8.24861505335067e-15
8.248515821522716e-15
8.248276492790755e-15
8.248040075883918e-15
8.248690935707746e-15
8.24851290292147e-15
8.248711365453843e-15
8.248060507242139e-15
8.247835759518039e-15
8.247981700295837e-15
8.247882460847892e-15
8.247082664060257e-15
8.247473815245303e-15
8.247899973778412e-15
8.248752224794242e-15
8.248226874989449e-15
8.249260031136492e-15
8.248521658722112e-15
8.24820060662086e-15
8.247844516037529e-15
8.248793083932248e-15
8.248620890479845e-15
8.249680261022594e-15
8.249575205557914e-15
8.24979698774765e-15
8.24994873002117e-15
