5.4974333802318025
2.9279530061104695
1.2725808646846497
0.5804676901792162
0.40041539945380705
0.19000909851424344
0.10407128564401563
0.07246717292454295
0.03699498769958474
0.01963763006532165
0.014454201853428791
0.007545630797451908
0.004182983290491024
0.0030719452480986354
0.001652912144209356
0.0009227614342331226
0.0006860603971547399
0.00037506117222168835
0.0002146532166088332
0.00015936797490091864
8.881197877654678e-05
5.118263939583353e-05
3.824978633147288e-05
2.1538304625709714e-05
1.661860936232279e-05
9.357604544292792e-06
5.378324881995958e-06
4.149980252305985e-06
2.3634436981832264e-06
1.3648530505823832e-06
8.068681257144628e-07
5.271004398907136e-07
4.149870977404115e-07
2.623886621076464e-07
2.0735032895436053e-07
1.3702918632091084e-07
1.1172147004578377e-07
6.775984429749893e-08
5.5816142228083335e-08
4.902446101876389e-08
2.8815319476432755e-08
1.757796368371231e-08
1.2266321091582122e-08
9.19494969259433e-09
6.107944270094505e-09
4.006705896334004e-09
3.1310044966701243e-09
1.83403765367873e-09
1.6377679220095535e-09
1.4656114100758894e-09
1.3121254121505645e-09
7.681004158921355e-10
4.5239375954860147e-10
4.0497146627636296e-10
2.377146976362398e-10
2.1288737472910038e-10
1.254998874759192e-10
1.1243725055045274e-10
1.0076452362171273e-10
9.03143364891909e-11
7.165211523477918e-11
6.42352857582924e-11
3.782958643313059e-11
2.2379724978453884e-11
2.0064879323116104e-11
1.7992059820766076e-11
1.6134854289000034e-11
9.52246168775683e-12
8.5411519019071e-12
5.054879348999686e-12
4.534766864471382e-12
4.0683315907486464e-12
3.6500226198010294e-12
2.9015163191003288e-12
2.603489655776207e-12
2.336115822808721e-12
2.096257955255136e-12
1.8810794687041692e-12
1.495647230267991e-12
8.850515979815716e-13
5.251687965859622e-13
3.111819390185939e-13
1.8522493935458716e-13
1.6620196392369641e-13
1.4919972009949493e-13
1.3397737983253737e-13
1.0675743095446801e-13
6.416137675982663e-14
3.969913405093095e-14
2.6226389778140512e-14
2.225784761467561e-14
1.957517697721236e-14
1.7761931342695122e-14
1.6553179171985033e-14
1.576447155608092e-14
1.5261430486930368e-14
1.495225154288307e-14
1.476235551509603e-14
1.467322781496006e-14
1.4610539560022288e-14
1.4568887537126725e-14
1.4539715178876158e-14
1.449587396637529e-14
1.4545568730370275e-14
1.4478343625477024e-14
1.454707808780367e-14
1.4495706228946807e-14
1.4549379060026903e-14
1.4563108655715736e-14
1.4578055660794758e-14
1.4590892905462216e-14
1.4551537803947832e-14
1.459964322295384e-14
1.46031880413851e-14
1.4621617122637314e-14
1.4634443298483896e-14
1.4636344831682976e-14
1.463882418491021e-14
1.4642468030889845e-14
1.459433798974201e-14
1.4649128531724936e-14
1.458439935195998e-14
1.4579489000956904e-14
1.45789638996043e-14
1.4578797118173224e-14
1.457857088684609e-14
1.4579444004805146e-14
1.4578982476625805e-14
1.4579544729943178e-14
1.457977713815975e-14
1.458021181001333e-14
1.4580828914460592e-14
1.4581341565986423e-14
1.4581392334842656e-14
1.458152895584618e-14
1.4581792700930018e-14
1.4581889282443465e-14
1.45819619245278e-14
1.4582068823300622e-14
1.4582324304065806e-14
1.4582306144029947e-14
1.458246174178575e-14
1.4582695341665178e-14
1.4582967319848925e-14
1.45828290614668e-14
1.4582962780042266e-14
1.4582867443775962e-14
1.458301808304531e-14
1.4583103100685734e-14
1.458333256329933e-14
1.4583293769513946e-14
1.4583434086972662e-14
1.4583367642697266e-14
1.4583475769251772e-14
1.4583467102649093e-14
1.4583608656514566e-14
1.4583503007112373e-14
1.4583587609233772e-14
1.458347742003265e-14
1.4583550879592573e-14
1.458339653154985e-14
1.4583469578821814e-14
1.4583373007774216e-14
1.458352776875968e-14
1.4583484023154295e-14
1.4583585958465366e-14
1.4583433261579792e-14
1.4583514562553017e-14
1.4583425007648538e-14
1.4583519927575917e-14
1.4583446055164006e-14
1.4583521165657843e-14
1.4583435325061877e-14
1.4583501769028904e-14
1.4583436563150987e-14
1.4583554181137137e-14
1.458347453116599e-14
1.4583571926926376e-14
1.458347164229876e-14
1.4583536022632776e-14
1.458341716640952e-14
1.458351002291671e-14
1.4583384563317866e-14
1.4583525292596842e-14
1.4583470404212627e-14
1.4583562847688067e-14
1.4583453483691622e-14
1.4583536022632776e-14
1.4583456785258236e-14
1.4583510848305237e-14
1.4583397769642256e-14
1.4583502181723406e-14
1.4583425007648538e-14
1.4583528181453446e-14
1.4583480721593847e-14
1.4583572339618892e-14
1.4583469991517224e-14
1.4583540562260985e-14
1.4583460499519787e-14
1.4583547578047258e-14
1.4583422531468253e-14
1.4583504245195737e-14
1.4583370118886872e-14
1.4583498054777865e-14
1.4583462562998016e-14
1.4583596688456663e-14
1.4583476181947008e-14
1.458355583190914e-14
1.4583448944036305e-14
1.4583490213578122e-14
1.4583399007734554e-14
1.4583488975493568e-14
1.4583451832908033e-14
1.4583538911487253e-14
1.458345472177919e-14
1.4583561609609678e-14
1.4583443166291132e-14
1.4583539736874145e-14
1.4583470816908015e-14
1.4583561609609678e-14
1.4583446055164006e-14
1.4583511673693712e-14
1.4583382912526476e-14
1.458350878483384e-14
1.4583448944036305e-14
1.4583556244602113e-14
1.4583456785258236e-14
1.4583548403433657e-14
1.4583463388389227e-14
1.458353230839046e-14
1.458340519819447e-14
1.458348154698403e-14
1.458341015056051e-14
1.4583514149858866e-14
1.4583484023154295e-14
1.458358719654169e-14
1.4583493927831156e-14
1.458354964151317e-14
1.4583425833041876e-14
1.4583516213329503e-14
1.4583414277530925e-14
1.4583530657615795e-14
1.4583415515621822e-14
1.458353107030948e-14
1.4583455959866653e-14
1.458353643532631e-14
1.458343573775826e-14
1.4583555006523163e-14
1.458347783272784e-14
1.4583530657615795e-14
1.4583409737863403e-14
1.4583473293080102e-14
1.4583405610891703e-14
1.4583521578351795e-14
1.4583485261239272e-14
1.4583599577299128e-14
1.458347453116599e-14
1.4583533133777725e-14
1.4583438626632602e-14
1.4583514562553017e-14
1.458343119809742e-14
1.458353643532631e-14
1.4583398595037134e-14
1.4583524467209137e-14
1.4583448118644277e-14
1.4583554593830155e-14
1.45834493567323e-14
1.4583542625727887e-14
1.4583479896203617e-14
1.4583530657615795e-14
1.4583410975954687e-14
1.4583488150103806e-14
1.4583403547405415e-14
1.4583492689746918e-14
1.4583455959866653e-14
1.458358719654169e-14
1.4583498054777865e-14
1.4583579355389877e-14
1.4583463801084814e-14
1.4583526117984503e-14
1.4583392817272012e-14
1.4583485261239272e-14
1.4583406436286136e-14
1.4583542625727887e-14
1.4583487324713996e-14
1.4583568625385825e-14
1.4583415928318765e-14
1.458350878483384e-14
1.4583438213936303e-14
1.4583544689194498e-14
1.4583452658299853e-14
1.4583514562553017e-14
1.458342954731131e-14
1.4583491864357367e-14
1.4583438213936303e-14
1.4583567387307926e-14
1.4583491038967768e-14
1.4583570276156194e-14
1.4583456785258236e-14
1.4583521991045737e-14
1.4583399833129362e-14
1.4583504245195737e-14
1.4583397769642256e-14
1.4583550054206313e-14
1.458347700733745e-14
1.4583556244602113e-14
1.4583447705948245e-14
1.4583526117984503e-14
1.4583458436041264e-14
1.4583524054515267e-14
1.4583414277530925e-14
1.458350053094533e-14
1.458341015056051e-14
1.4583514149858866e-14
1.4583463388389227e-14
1.4583566561922603e-14
1.4583483197764252e-14
1.458356532384453e-14
1.4583467102649093e-14
1.4583540974954388e-14
1.4583416753712614e-14
1.458349434052588e-14
1.458337176967971e-14
1.458351126099948e-14
1.458347907081334e-14
1.4583595037689287e-14
1.4583461324911115e-14
1.4583541800341163e-14
1.4583431610793918e-14
1.4583484435849298e-14
1.4583412214045864e-14
1.4583513737164702e-14
1.4583458436041264e-14
1.458353230839046e-14
1.4583448944036305e-14
1.4583551704978783e-14
1.45834448170757e-14
1.4583552943058013e-14
1.4583487324713996e-14
1.458355995883833e-14
1.458343119809742e-14
1.4583497642083247e-14
1.4583365579205607e-14
1.4583503007112373e-14
1.4583462150302395e-14
1.458358100615903e-14
1.4583463388389227e-14
1.4583541800341163e-14
1.4583457610649775e-14
1.4583522403739667e-14
1.4583406848983338e-14
1.4583494753220594e-14
1.4583426658435163e-14
1.4583512499082143e-14
1.4583469166126388e-14
1.4583573165003887e-14
1.4583476594642235e-14
1.4583543863807887e-14
1.4583439039328893e-14
1.4583540974954388e-14
1.458342088068116e-14
1.4583524054515267e-14
1.4583409737863403e-14
1.4583521165657843e-14
1.4583457610649775e-14
1.458354964151317e-14
1.4583452245603948e-14
1.4583553355751066e-14
1.4583462975693628e-14
1.4583516626023594e-14
1.4583392404574416e-14
1.4583467515344575e-14
1.4583418817197034e-14
1.4583546339967573e-14
1.4583491864357367e-14
1.45835929742298e-14
1.4583468753430953e-14
1.458352322912749e-14
1.4583440277417684e-14
1.458352776875968e-14
1.4583447705948245e-14
1.458353478455211e-14
1.4583383737922196e-14
1.4583510435610978e-14
1.4583430785400908e-14
1.458354881612684e-14
1.4583462562998016e-14
1.4583567387307926e-14
1.458348649932414e-14
1.4583524054515267e-14
1.458340519819447e-14
1.458347824542302e-14
1.458340519819447e-14
1.458350589597339e-14
1.4583472467689452e-14
1.4583585545773238e-14
1.4583483197764252e-14
1.458356532384453e-14
1.458344646786008e-14
1.4583520340269904e-14
1.4583406023588927e-14
1.458351002291671e-14
1.4583413039439922e-14
1.4583536022632776e-14
1.458348154698403e-14
1.4583558720759694e-14
1.4583417579106416e-14
1.4583521991045737e-14
1.458345472177919e-14
1.4583543038421233e-14
1.458343780123999e-14
1.458350053094533e-14
1.4583412214045864e-14
1.4583486086629196e-14
1.458345142021211e-14
1.4583592148845926e-14
1.4583497642083247e-14
1.45835636730736e-14
1.458345100751617e-14
1.4583512086387935e-14
1.4583401483918836e-14
1.4583517451411744e-14
1.4583414277530925e-14
1.4583548403433657e-14
1.4583462150302395e-14
1.458354221303453e-14
1.4583430372704384e-14
1.4583520340269904e-14
1.458347164229876e-14
1.458354881612684e-14
1.458342088068116e-14
1.4583493927831156e-14
1.4583404372799967e-14
1.4583504245195737e-14
1.4583465039171507e-14
1.458357976808218e-14
1.4583499705556222e-14
1.45835636730736e-14
1.4583452245603948e-14
1.4583526943372117e-14
1.4583399420431964e-14
1.4583488562798692e-14
1.4583384976015687e-14
1.4583536022632776e-14
1.458348567393424e-14
1.4583588434617905e-14
1.4583455547170846e-14
1.4583531895696812e-14
1.4583433261579792e-14
1.4583497642083247e-14
1.4583428721918182e-14
1.4583512086387935e-14
1.458344357898729e-14
1.458351827679985e-14
1.4583431610793918e-14
1.458354592727432e-14
1.4583458023345526e-14
1.4583577704620537e-14
1.4583493927831156e-14
1.4583553355751066e-14
1.4583425420345213e-14
1.4583487737408907e-14
1.4583367229998956e-14
1.4583516213329503e-14
1.4583478658118186e-14
1.4583579355389877e-14
1.45834485313403e-14
1.458352776875968e-14
1.4583440277417684e-14
1.4583516626023594e-14
1.4583420055287546e-14
1.4583519514881918e-14
1.4583433261579792e-14
1.458350589597339e-14
1.4583463388389227e-14
1.4583563260380842e-14
1.458347824542302e-14
1.458355706998802e-14
1.4583455547170846e-14
1.4583539324180704e-14
1.4583406023588927e-14
1.458351002291671e-14
1.4583392404574416e-14
1.4583515387941284e-14
1.4583470816908015e-14
1.4583574403081297e-14
1.4583458848736993e-14
1.4583546752660812e-14
1.4583457197954012e-14
1.4583506721362147e-14
1.458339405536473e-14
1.4583480721593847e-14
1.4583435325061877e-14
1.4583544689194498e-14
1.458347700733745e-14
1.458357894269756e-14
1.458345142021211e-14
1.4583517451411744e-14
1.4583453483691622e-14
1.4583552530364948e-14
1.4583454309083348e-14
1.4583528181453446e-14
1.4583377960151187e-14
1.458350053094533e-14
1.4583432436186877e-14
1.4583562022302488e-14
1.458347907081334e-14
1.4583565736537233e-14
1.458347164229876e-14
1.458351002291671e-14
1.4583387864900087e-14
1.4583472467689452e-14
1.4583418404500173e-14
1.4583530657615795e-14
1.458347907081334e-14
1.458357894269756e-14
1.458347742003265e-14
1.4583555419216156e-14
1.4583448118644277e-14
1.458353354647134e-14
1.4583422531468253e-14
1.4583508372139524e-14
1.45833981823397e-14
1.4583521991045737e-14
1.458346421378039e-14
1.4583552943058013e-14
1.4583430785400908e-14
1.4583546752660812e-14
1.4583461324911115e-14
1.458353643532631e-14
1.4583432023490403e-14
1.458349062627295e-14
1.4583413864833935e-14
1.458349929286165e-14
1.4583467928040045e-14
1.4583590498078035e-14
1.4583482785069214e-14
1.458354964151317e-14
1.4583433674276233e-14
1.4583506308667776e-14
1.4583414690227903e-14
1.458354221303453e-14
1.458342088068116e-14
1.4583541800341163e-14
1.458345637256245e-14
1.458353230839046e-14
1.4583432023490403e-14
1.458353354647134e-14
1.4583488150103806e-14
1.458354716535404e-14
1.4583406023588927e-14
1.4583479896203617e-14
1.45833870395046e-14
1.4583498467472473e-14
1.458347824542302e-14
1.458360452959916e-14
1.4583506308667776e-14
1.458355706998802e-14
1.458344646786008e-14
1.4583517038717676e-14
1.4583401071221486e-14
1.4583501769028904e-14
1.4583401483918836e-14
1.458353437185853e-14
1.4583470816908015e-14
1.4583574403081297e-14
1.4583438213936303e-14
1.4583526117984503e-14
1.458344646786008e-14
1.4583522403739667e-14
1.4583435325061877e-14
1.4583505483278994e-14
1.458343780123999e-14
1.4583508372139524e-14
1.4583433261579792e-14
1.4583559133452586e-14
1.458347453116599e-14
1.458357605385101e-14
1.458347907081334e-14
1.4583539324180704e-14
1.4583408087074866e-14
1.45834819596791e-14
1.458338043633904e-14
1.4583540974954388e-14
1.4583485261239272e-14
1.4583572752311396e-14
1.458344275359496e-14
1.4583517864105804e-14
1.4583441928202583e-14
1.4583529832228393e-14
1.4583436563150987e-14
1.4583517864105804e-14
1.4583418404500173e-14
1.4583491864357367e-14
1.4583446055164006e-14
1.4583557482680956e-14
1.4583491451662572e-14
1.4583581831543536e-14
1.4583462150302395e-14
1.4583532721084098e-14
1.4583400245826747e-14
1.458350011825078e-14
1.458339405536473e-14
1.4583528594147203e-14
1.4583487324713996e-14
1.4583572752311396e-14
1.4583443991683438e-14
1.4583532721084098e-14
1.4583439864721432e-14
1.4583500943639864e-14
1.4583407261680524e-14
1.4583505483278994e-14
1.4583441928202583e-14
1.4583538086100318e-14
1.4583471229603393e-14
1.4583569038078436e-14
1.4583453070995742e-14
1.4583530657615795e-14
1.4583469991517224e-14
1.4583550879592573e-14
1.4583439452025167e-14
1.4583514149858866e-14
1.458336062682443e-14
1.4583494753220594e-14
1.4583445642467914e-14
1.4583586783849594e-14
1.458348567393424e-14
1.4583559133452586e-14
1.4583465864562576e-14
1.458350011825078e-14
1.4583389515690915e-14
1.458348567393424e-14
1.4583434912365483e-14
1.4583529006840943e-14
1.458346421378039e-14
1.4583564911151816e-14
1.4583460086824106e-14
1.458354964151317e-14
1.4583461324911115e-14
1.4583558308066793e-14
1.458342913461475e-14
1.4583501769028904e-14
1.4583392404574416e-14
1.4583512086387935e-14
1.4583465864562576e-14
1.4583566149229923e-14
1.4583447293252204e-14
1.4583545101887784e-14
1.458344646786008e-14
1.4583522403739667e-14
1.4583414690227903e-14
1.458348484854429e-14
1.458342707113179e-14
1.4583524054515267e-14
1.458347453116599e-14
1.45835838950046e-14
1.458347700733745e-14
1.4583539736874145e-14
1.4583435325061877e-14
1.4583519514881918e-14
1.458343119809742e-14
1.4583540562260985e-14
1.4583406023588927e-14
1.458352776875968e-14
1.4583439039328893e-14
1.4583526530678313e-14
1.4583445229771813e-14
1.4583558308066793e-14
1.4583494753220594e-14
1.4583540562260985e-14
1.4583400245826747e-14
1.4583469991517224e-14
1.4583388690295523e-14
1.4583511673693712e-14
1.4583494753220594e-14
1.458360287883267e-14
1.4583491451662572e-14
1.4583543038421233e-14
1.458342913461475e-14
1.458351126099948e-14
1.4583414277530925e-14
1.4583526530678313e-14
1.4583408087074866e-14
1.458352776875968e-14
1.4583465039171507e-14
1.4583564498459088e-14
1.4583439864721432e-14
1.4583539324180704e-14
1.4583462975693628e-14
1.4583520752963878e-14
1.4583420467984357e-14
1.4583491451662572e-14
1.4583420467984357e-14
1.4583502594417894e-14
1.458344646786008e-14
1.45835838950046e-14
1.4583481134288944e-14
1.4583569450771035e-14
1.4583473293080102e-14
1.4583529419534674e-14
1.4583409737863403e-14
1.4583495165915294e-14
1.458339694424733e-14
1.4583539324180704e-14
1.4583470404212627e-14
1.4583558720759694e-14
1.4583425420345213e-14
1.4583512086387935e-14
1.4583455134475022e-14
1.4583554593830155e-14
1.4583443166291132e-14
1.458351126099948e-14
1.45834126267429e-14
1.45834819596791e-14
1.4583447705948245e-14
1.4583570688848757e-14
1.4583507959445196e-14
1.4583580180774477e-14
1.4583447293252204e-14
1.4583518689493884e-14
1.4583382912526476e-14
1.458349434052588e-14
1.4583407261680524e-14
1.4583553355751066e-14
1.4583493927831156e-14
1.4583566149229923e-14
1.4583438213936303e-14
1.4583522816433585e-14
1.4583441515506375e-14
1.4583514149858866e-14
1.458342376955845e-14
1.4583503832501293e-14
1.458342707113179e-14
1.4583524054515267e-14
1.458345389638749e-14
1.4583563260380842e-14
1.4583466277258093e-14
1.4583555419216156e-14
1.4583476594642235e-14
1.45835442765012e-14
1.4583433674276233e-14
1.4583504245195737e-14
1.458336227761834e-14
1.4583507959445196e-14
1.4583462150302395e-14
1.4583585133081094e-14
1.4583470816908015e-14
1.4583545101887784e-14
1.45834485313403e-14
1.458349434052588e-14
1.4583402722010818e-14
1.4583510435610978e-14
1.4583441515506375e-14
1.4583522403739667e-14
1.4583458436041264e-14
1.4583555006523163e-14
1.4583461737606758e-14
1.4583562847688067e-14
1.458347783272784e-14
1.458355665729507e-14
1.4583414277530925e-14
1.4583487737408907e-14
1.4583375071264824e-14
1.4583506308667776e-14
1.458347907081334e-14
1.4583590910770024e-14
1.458345389638749e-14
1.4583538498793794e-14
1.4583440690113927e-14
1.4583512499082143e-14
1.4583416341015696e-14
1.4583498054777865e-14
1.458344357898729e-14
1.4583522403739667e-14
1.4583459674128412e-14
1.458356986346362e-14
1.4583459674128412e-14
1.458353395916494e-14
1.45834485313403e-14
1.45835442765012e-14
1.458343780123999e-14
1.458353395916494e-14
1.4583400245826747e-14
1.4583517864105804e-14
1.4583440690113927e-14
1.4583539736874145e-14
1.4583461737606758e-14
1.458355665729507e-14
1.4583479896203617e-14
1.4583526530678313e-14
1.4583382912526476e-14
1.458346421378039e-14
1.4583401896616174e-14
1.458353643532631e-14
1.458350135633439e-14
1.4583596275764838e-14
1.458348567393424e-14
1.4583533133777725e-14
1.4583430785400908e-14
1.4583524467209137e-14
1.4583430785400908e-14
1.4583524879902994e-14
1.4583393229969596e-14
1.4583513737164702e-14
1.4583447705948245e-14
1.4583558720759694e-14
1.4583453070995742e-14
1.458356408576635e-14
1.4583469578821814e-14
1.4583514149858866e-14
1.4583414690227903e-14
1.458348154698403e-14
1.4583422118771496e-14
1.45835158006354e-14
1.4583462975693628e-14
1.458358224423577e-14
1.4583466277258093e-14
1.4583555419216156e-14
1.4583455959866653e-14
1.4583523641821384e-14
1.4583422944164995e-14
1.4583519927575917e-14
1.4583403547405415e-14
1.4583532721084098e-14
1.4583464626475952e-14
1.458354881612684e-14
1.458342707113179e-14
1.4583525292596842e-14
1.458347164229876e-14
1.4583552943058013e-14
1.4583428309221602e-14
1.4583497229388616e-14
1.4583395293457346e-14
1.4583476181947008e-14
1.4583460912215455e-14
1.458359545038115e-14
1.4583514562553017e-14
1.4583573577696368e-14
1.4583441515506375e-14
1.458350878483384e-14
1.4583384563317866e-14
1.458350754675086e-14
1.458342376955845e-14
1.4583551704978783e-14
1.458347907081334e-14
1.4583552117671873e-14
1.458342088068116e-14
1.4583517038717676e-14
1.458345472177919e-14
1.4583538911487253e-14
1.4583430372704384e-14
1.4583497229388616e-14
1.458342129337795e-14
1.4583514149858866e-14
1.4583455547170846e-14
1.4583576466543408e-14
1.4583482785069214e-14
1.458355376844411e-14
1.4583461737606758e-14
1.4583530244922102e-14
1.4583416341015696e-14
1.4583498467472473e-14
1.4583375483962913e-14
1.4583532721084098e-14
1.4583468753430953e-14
1.458357853000523e-14
1.4583465039171507e-14
1.4583535197245677e-14
1.458345018212426e-14
1.458350754675086e-14
1.4583419229893883e-14
1.458350878483384e-14
1.4583426658435163e-14
1.4583508372139524e-14
1.4583441102810158e-14
1.458354922882001e-14
1.458347494386126e-14
1.4583587609233772e-14
1.4583484435849298e-14
1.4583550054206313e-14
1.4583408499772017e-14
1.458347783272784e-14
1.4583376722057104e-14
1.4583519514881918e-14
1.458349557860998e-14
1.458358926000199e-14
1.4583439039328893e-14
1.4583524467209137e-14
1.4583423356861727e-14
1.4583506721362147e-14
1.458342954731131e-14
1.4583522816433585e-14
1.458345018212426e-14
1.45835158006354e-14
1.458345389638749e-14
1.458355995883833e-14
1.4583461324911115e-14
1.458354716535404e-14
1.4583465039171507e-14
1.4583542625727887e-14
1.4583422944164995e-14
1.4583519927575917e-14
1.4583382912526476e-14
1.4583512086387935e-14
1.458345389638749e-14
1.4583564498459088e-14
1.4583468340735505e-14
1.4583550054206313e-14
1.4583474118470707e-14
1.4583516626023594e-14
1.4583384563317866e-14
1.458347742003265e-14
1.4583418404500173e-14
1.458353478455211e-14
1.458348649932414e-14
1.458358224423577e-14
1.4583468340735505e-14
1.4583527356065905e-14
1.4583443991683438e-14
1.458354922882001e-14
1.458343738854367e-14
1.458351827679985e-14
1.4583387452202348e-14
1.4583503832501293e-14
1.45834493567323e-14
1.4583571926926376e-14
1.4583469578821814e-14
1.4583562434995282e-14
1.458345472177919e-14
1.458350011825078e-14
1.4583397356944802e-14
1.4583475769251772e-14
1.4583435325061877e-14
1.4583540562260985e-14
1.4583469578821814e-14
1.45835756411586e-14
1.4583460499519787e-14
1.4583545514581057e-14
1.4583457610649775e-14
1.4583536848019828e-14
1.4583439452025167e-14
1.458351827679985e-14
1.4583388690295523e-14
1.4583518689493884e-14
1.4583447293252204e-14
1.4583543038421233e-14
1.4583440277417684e-14
1.4583550054206313e-14
1.458347824542302e-14
1.4583546339967573e-14
1.4583422531468253e-14
1.4583487324713996e-14
1.458339694424733e-14
1.4583489388188432e-14
1.458347742003265e-14
1.458359379961363e-14
1.4583499705556222e-14
1.4583559546145462e-14
1.4583424182255156e-14
1.4583503007112373e-14
1.4583397769642256e-14
1.458353230839046e-14
1.4583430372704384e-14
1.4583545101887784e-14
1.4583473293080102e-14
1.458354221303453e-14
1.4583422531468253e-14
1.4583530244922102e-14
1.4583471229603393e-14
1.4583537260713335e-14
1.4583415515621822e-14
1.4583483197764252e-14
1.4583403960102696e-14
1.4583508372139524e-14
1.4583468753430953e-14
1.458360122806599e-14
1.4583489388188432e-14
1.458354716535404e-14
1.4583455959866653e-14
1.4583520340269904e-14
1.45834179918033e-14
1.4583511673693712e-14
1.4583391991876807e-14
1.458353107030948e-14
1.458345389638749e-14
1.4583564498459088e-14
1.4583447705948245e-14
1.4583529419534674e-14
1.4583463388389227e-14
1.458353230839046e-14
1.4583425833041876e-14
1.4583502181723406e-14
1.458342088068116e-14
1.4583498467472473e-14
1.458344275359496e-14
1.4583562434995282e-14
1.4583491451662572e-14
1.4583585958465366e-14
1.4583469578821814e-14
1.4583536022632776e-14
1.4583391166481557e-14
