5.497433380231807
3.013056933930076
2.405405292834067
2.0385419133355063
1.9532151285849235
1.76510104198124
1.726059611586799
1.5853575961249522
1.563965543618984
1.4540886410533818
1.4501202103696076
1.3641882794132927
1.3783931025830927
1.3109361892220512
1.3448121220601637
1.2912276324740912
1.3471039348629548
1.3033859297583859
1.3817300434319313
1.3440370656170046
1.4461381721222517
1.411941465086245
1.5397728161026178
1.5096459033045202
1.6669165852076915
1.6525112192495908
1.8511100953322392
1.909426766736524
2.251252117532852
2.8580899625801246
4.889169109301135
11.653437079000122
32.864310064033624
104.30329338947266
340.18651442374096
1132.2526364982655
3806.5847253395705
12886.056067780699
43814.06671825737
149425.73908044456
510684.17361109867
1747969.1198475948
5989505.20708989
20540030.495179243
70481892.9715739
241968286.6545933
830995601.3477494
2854730748.053478
9809182995.908361
33711871260.58113
115877908933.38084
398359179894.29224
1369608379564.0012
4709319694176.731
16194006395573.223
55690360428197.14
inf
nan
nan
nan
nan
nan
nan
nan
nan
nan
nan
nan
nan
nan
nan
nan
nan
nan
nan
nan
nan
nan
nan
nan
nan
nan
nan
nan
nan
nan
nan
nan
nan
nan
nan
nan
nan
nan
nan
nan
nan
nan
nan
nan
nan
