11.869808931078062
7.431227307617797
4.921278400213989
3.382929199015306
2.3853186035602523
1.7129397098448371
1.2473494531809475
0.9185137499408769
0.682689641150616
0.511494862754051
0.38593243194166466
0.2930270206655658
0.22375763231579324
0.17175685900816515
0.13247646024742596
0.10263709373593385
0.07985154051848972
0.0623677851584485
0.04889085852895523
0.03845817733529298
0.03034965799473554
0.0240236578337313
0.019070667429838973
0.015179562274471247
0.012112928429737383
0.009688815999503511
0.007767173553869012
0.006239785422500789
0.005022710700950862
0.004050600897469497
0.0032724064236153787
0.0026481104187293203
0.002146273597506986
0.001742113274302624
0.0014160382306633436
0.0011525197190169968
0.0009392180003182696
0.0007663040669086187
0.0006259311357773129
0.000511821522733035
0.0004189427280601708
0.00034325273598472244
0.0002814991879922269
0.00023106062043484264
0.00018982064341403437
0.00015606798998087828
0.0001284169377468759
0.00010574381503170969
8.713623758593161e-05
7.185244505247433e-05
5.9288667996435265e-05
4.8952893897210126e-05
4.044374236880749e-05
3.3433427721018986e-05
2.765399738316333e-05
2.2886200423069082e-05
1.8950471218984937e-05
1.5699616869028223e-05
1.3012879027646435e-05
1.0791106113173563e-05
8.952823801155349e-06
7.4310331848688125e-06
6.170599134580661e-06
5.126117935551991e-06
4.260174578403108e-06
3.541917189279327e-06
2.9458898518745875e-06
2.4510761740677176e-06
2.0401149038019023e-06
1.6986561366541376e-06
1.4148325136191661e-06
1.1788245513071855e-06
9.82503093813786e-07
8.191350027053776e-07
6.831407391335504e-07
5.698945616203471e-07
4.755597453681056e-07
3.9695260366348454e-07
3.31430211746893e-07
2.7679764949206885e-07
2.312313280166389e-07
1.9321557792307896e-07
1.614901785179196e-07
1.350069185931255e-07
1.1289361742429889e-07
9.442430982677246e-08
7.899452942006677e-08
6.610080797297771e-08
5.532366517506174e-08
4.631348850250942e-08
3.877880712612065e-08
3.247655072401664e-08
2.7203953274964333e-08
2.279182254128221e-08
1.909894185017219e-08
1.600741287554931e-08
1.3418779132643568e-08
1.1250799213956499e-08
9.43475877480887e-09
7.913231897145255e-09
6.638214868138834e-09
5.569571052398982e-09
4.673733910006465e-09
3.922625195816904e-09
3.292752561040103e-09
2.7644563024647292e-09
2.3212807137931506e-09
1.94944900384417e-09
1.6374249288970665e-09
1.3755465321057234e-09
1.1557200680852644e-09
9.711641279376398e-10
8.161958914065849e-10
6.8605219917688e-10
5.767401099688354e-10
4.849116958204053e-10
4.077593936588802e-10
3.4292837490542386e-10
2.8844324566952394e-10
2.426466022463659e-10
2.0414763723021903e-10
1.7177907405784362e-10
1.4456104895305703e-10
1.2167095294308962e-10
1.0241811319985015e-10
8.622244423272701e-11
7.259672852417428e-11
6.113171656411696e-11
5.1483590382695205e-11
4.336335490206596e-11
3.652820220336825e-11
3.0774121934619065e-11
2.592942078437711e-11
2.184996691566354e-11
1.841445627308282e-11
1.552088190472227e-11
1.30834733886342e-11
1.1030083122779366e-11
9.300018175087424e-12
7.842199675215036e-12
6.613613095019906e-12
5.578132849640616e-12
4.70528397147783e-12
3.969439891615153e-12
3.349059557085552e-12
2.825916395814398e-12
2.3847227396816197e-12
2.012654347667194e-12
1.6988206424504066e-12
1.4340740349470327e-12
1.210696291387329e-12
1.0222063439301007e-12
8.631600546481848e-13
