19.810311806311717
16.948410252692096
14.753292946615373
12.99271109404262
11.538581099184292
10.312949647749265
9.264609713660565
8.357808511463341
7.56646119655873
6.870872242720891
6.255750021281218
5.708989129713018
5.220837408079772
4.783326539593434
4.389871409592186
4.03496805342067
3.713973333560686
3.4229422726578425
3.1584956650743936
2.9177214672293617
2.6980965744463776
2.497422405575537
2.3137752029122565
2.1454651904936637
1.9910016916447342
1.8490664283797065
1.7184902351481022
1.5982308390237774
1.487357314478406
1.3850369238272169
1.2905215517631652
1.2031387133877585
1.122283174397792
1.047407149596285
0.9780165959236051
0.9136628847955747
0.8539392434078424
0.7984757950797016
0.7469365279481973
0.6990147043163529
0.6544304111968863
0.6129276989618133
0.5742725137364629
0.5382504491589629
0.5046651153429653
0.47333647895246295
0.44409953820232845
0.4168022292235369
0.3913046789076907
0.36747831715493323
0.3452044585011133
0.3243737938924444
0.30488544479391927
0.2866460970175215
0.26956941134453677
0.25357558057762875
0.23859092430302195
0.2245470539903332
0.21138057463447155
0.1990326845709241
0.18744882564951845
0.17657846564328628
0.16637464002444197
0.15679372716599924
0.14779523955884122
0.1393414035625091
0.13139714880220335
0.12392983880576172
0.11690911820531105
0.11030666779522201
0.10409604712504761
0.09825262816891248
0.09275344667881004
0.0875770424726016
0.08270339840934954
0.07811381776610155
0.0737908180847916
0.06971807194149175
0.0658803152626093
0.062263307293939085
0.05885369237417951
0.05563895535544552
0.05260741295574292
0.04974810477322155
0.04705075591610785
0.04450575657091939
0.04210408485150808
0.03983727055671186
0.03769738693639956
0.035676994617507
0.0337691151643544
0.03196719790282921
0.030265089141066712
0.028657020274840368
0.02713757009008732
0.02570164443779002
0.02434445937537396
0.023061514637273777
0.021848587213101626
0.020701693371096522
0.01961709291653819
0.018591265393712083
0.017620899797096006
0.016702881122763226
0.015834277130665864
0.015012327189803882
0.014234433356164576
0.013498147068064249
0.012801162430627688
0.012141304938781412
0.011516524213432015
0.010924888090440557
0.010364576810888877
0.009833874111165793
0.009331161514873279
0.008854907891993344
0.008403676820311083
0.007976108943351842
0.007570922412579899
0.007186905969665633
0.00682291723614404
0.0064778780698283855
0.006150770617225836
0.005840633262018035
0.005546559177882119
0.0052676909792211575
0.0050032186031962805
0.004752376613515289
0.004514441591915049
0.0042887298244486385
0.004074594316351139
0.003871424563469922
0.003678643574087058
0.003495704851667083
0.0033220916966885034
0.003157315722333928
0.0030009146005588387
0.0028524505199035003
0.002711509911478282
0.0025777011605716614
0.0024506536100856982
0.002330016439296321
0.0022154578265005777
0.002106663385373857
0.002003335544899962
0.0019051924731745122
0.0018119673335462187
0.0017234074485370885
0.0016392735050236294
0.001559338621858826
0.001483388008138119
0.001411218209919622
0.0013426363729390556
0.0012774597597330854
0.0012155151994409745
0.0011566385698468737
0.0011006743091078331
0.0010474749551091466
0.0009969007106733006
0.0009488190330323731
0.0009031042461116522
0.0008596371741482917
0.0008183047966528761
0.0007789999199213118
0.000741620868377514
0.000706071192758611
0.0006722593821026855
0.0006400986623053975
0.0006095066779646018
0.0005804052557103613
0.0005527202120576197
0.000526381143935525
0.0005013212307210718
0.000477477047036412
0.0004547883856647298
0.00043319808999887953
0.0004126518871671412
0.0003930982513204191
0.00037448825954996347
0.00035677545468452634
0.0003399157178610747
0.0003238671478860796
0.00030858994700628335
0.00029404630186687596
0.000280200308562489
0.0002670178514333217
0.0002544665162925972
0.00024251550637253972
0.00023113555959312836
0.0002202988702260393
0.00020997901468969464
0.00020015088123898924
0.0001907906033329674
0.00018187549647928449
0.00017338399836667906
0.00016529561210765285
0.00015759085242508688
0.00015025119462474043
0.00014325902620534865
0.0001365976009656811
0.0001302509954764748
0.00012420406779163002
0.00011844241828054182
0.00011295235246965802
0.0001077208457872045
0.0001027355101114745
9.798456202765376e-05
9.345679270400158e-05
8.914153930246231e-05
8.502865784342112e-05
8.110849744952922e-05
7.73718758959651e-05
7.381005639957327e-05
7.041472558281602e-05
6.71779725511677e-05
6.409226902684335e-05
6.115045048385677e-05
5.834569823304581e-05
5.5671522407949516e-05
5.3121745805245274e-05
5.0690488535866076e-05
4.837215344519531e-05
4.616141226281736e-05
4.405319244468072e-05
4.2042664672072056e-05
4.0125230974205324e-05
3.829651344221907e-05
3.655234350487309e-05
3.4888751737202884e-05
3.3301958174873814e-05
3.17883631091319e-05
3.0344538337486313e-05
2.8967218847226645e-05
2.765329491019148e-05
2.639980456765603e-05
2.520392648569274e-05
2.406297316281711e-05
2.297438447158361e-05
2.1935721517836924e-05
2.094466080148688e-05
1.999898866369082e-05
1.9096596006130152e-05
1.823547326887457e-05
1.7413705653768837e-05
1.662946858132345e-05
1.588102336908496e-05
1.5166713121086801e-05
1.4484958817103253e-05
1.3834255592483537e-05
1.3213169198800912e-05
1.2620332636268722e-05
1.2054442949664093e-05
1.1514258179531616e-05
1.0998594461049305e-05
1.050632326319309e-05
1.0036368761390703e-05
9.587705337068882e-06
9.159355197748835e-06
8.750386112012308e-06
8.359909253290208e-06
7.98707714772715e-06
7.631081720348506e-06
7.291152435300832e-06
6.966554525257138e-06
6.656587305598889e-06
6.360582569567147e-06
6.077903060040465e-06
5.807941014366502e-06
5.550116778847136e-06
5.303877489200741e-06
5.068695814117497e-06
4.844068758540215e-06
4.629516523943647e-06
4.424581422942578e-06
4.22882684532154e-06
4.041836273297248e-06
3.86321234339821e-06
3.6925759529618237e-06
3.5295654087687497e-06
3.3738356161173338e-06
3.2250573062884225e-06
3.082916300267772e-06
2.9471128075554606e-06
2.8173607578318636e-06
2.6933871642192053e-06
2.5749315164973884e-06
2.461745202948309e-06
2.3535909592572106e-06
2.2502423435061484e-06
2.151483235678198e-06
2.0571073605968776e-06
1.9669178334394207e-06
1.8807267263164547e-06
1.7983546553702838e-06
1.7196303868878203e-06
1.6443904621514582e-06
1.5724788396055188e-06
1.503746553753032e-06
1.4380513900280524e-06
1.3752575747791052e-06
1.3152354796791082e-06
1.2578613398424582e-06
1.2030169852323937e-06
1.1505895843351736e-06
1.1004713998328322e-06
1.0525595556352284e-06
1.0067558147450034e-06
9.629663672442208e-07
9.211016282291505e-07
8.81076045202948e-07
8.428079140933564e-07
8.062192040020609e-07
7.712353900103111e-07
7.377852935330703e-07
7.058009303037038e-07
6.752173651262161e-07
6.459725734107296e-07
6.180073091494207e-07
5.912649788650029e-07
5.656915212854514e-07
5.41235292811299e-07
5.178469578874677e-07
4.954793847334515e-07
4.74087545615008e-07
4.5362842179642263e-07
4.340609127800197e-07
4.153457497813023e-07
3.974454131055632e-07
3.803240532617689e-07
3.6394741577489096e-07
3.4828276931557433e-07
3.3329883721675855e-07
3.1896573203795796e-07
3.0525489311894817e-07
2.9213902699673785e-07
2.795920504932953e-07
2.6758903648622087e-07
2.561061620137632e-07
2.451206588114915e-07
2.346107660946122e-07
2.2455568540749269e-07
2.149355376266153e-07
2.057313218923492e-07
1.9692487628650707e-07
1.88498840369231e-07
1.8043661950386267e-07
1.7272235056289644e-07
1.6534086942627875e-07
1.5827767975973115e-07
1.5151892331558852e-07
1.4505135155990614e-07
1.3886229846624848e-07
1.329396547277418e-07
1.2727184286379812e-07
1.2184779377175552e-07
1.1665692408260781e-07
1.1168911459033307e-07
1.0693468967087742e-07
1.0238439772698376e-07
9.802939230389003e-08
9.386121411938603e-08
8.987177408158441e-08
8.605333680831417e-08
8.239850496947087e-08
7.890020446145182e-08
7.555167011162437e-08
7.234643188441055e-08
6.927830211691428e-08
6.634136288867682e-08
6.352995424688649e-08
6.083866273949748e-08
5.826231065931098e-08
5.579594561186512e-08
5.343483065063495e-08
5.117443474559291e-08
4.901042386611886e-08
4.693865214567012e-08
4.495515380369765e-08
4.305613516232234e-08
4.123796713038863e-08
3.949717788614744e-08
3.7830446157438244e-08
3.623459453256698e-08
3.4706583152492014e-08
3.3243503759964975e-08
3.184257391887037e-08
3.050113148333205e-08
2.921662941040484e-08
2.7986630649385047e-08
2.6808803432728545e-08
2.568091666544132e-08
2.460083546134905e-08
2.3566517041959885e-08
2.2576006695587197e-08
2.1627433954232002e-08
2.0719008899432256e-08
1.9849018661955233e-08
1.901582411146907e-08
1.8217856633991424e-08
1.745361502522444e-08
1.672166266076081e-08
1.6020624587229964e-08
1.5349184938692715e-08
1.4706084329102363e-08
1.4090117384011315e-08
1.3500130475838427e-08
1.2935019406638498e-08
1.2393727317432458e-08
1.1875242634053249e-08
1.1378597070396444e-08
1.0902863802076425e-08
1.0447155624921517e-08
1.0010623375146517e-08
9.592454124651054e-09
9.191869704932644e-09
8.808125185365976e-09
8.440507442395026e-09
8.088333813277344e-09
7.750950744741535e-09
7.427732588041016e-09
7.118080329761151e-09
6.8214205067923534e-09
6.537204110322136e-09
6.2649054759533904e-09
6.004021328874889e-09
5.754069816503517e-09
5.514589597155391e-09
5.2851389172485946e-09
5.065294845656019e-09
4.854652369087927e-09
4.6528237250023e-09
4.45943758871354e-09
4.2741384157641395e-09
4.096585719019854e-09
3.926453485356827e-09
3.763429505104241e-09
3.6072147942132817e-09
3.457523044100989e-09
3.3140800768308537e-09
3.176623336477796e-09
3.044901369405374e-09
2.918673336278836e-09
2.7977086274637833e-09
2.6817863588573034e-09
2.5706949676486878e-09
2.464231851134585e-09
2.3622029812029493e-09
2.264422481925025e-09
2.1707123355108026e-09
2.0809020366470673e-09
1.9948282831767987e-09
1.9123346597480526e-09
1.833271314554854e-09
1.757494735234821e-09
1.6848674895687446e-09
1.615257826941857e-09
1.5485396330974276e-09
1.484592100878471e-09
1.4232994696978108e-09
1.3645508670637927e-09
1.308240057115526e-09
1.254265269721477e-09
1.2025290690800184e-09
1.1529380301284591e-09
1.1054027033839468e-09
1.0598373810698717e-09
1.016159921293848e-09
9.74291706157904e-10
9.341573309810328e-10
8.956846164592519e-10
8.588043363723855e-10
8.234502345553696e-10
7.895587946990109e-10
7.570691597392483e-10
7.259230406039703e-10
6.960645534231536e-10
6.674402047290385e-10
6.399986855035482e-10
6.136908514980669e-10
5.884696291690795e-10
5.642898899342268e-10
5.411083946246723e-10
5.188837089856364e-10
4.975761448657085e-10
4.771476536890391e-10
4.5756176532207324e-10
4.387835488848262e-10
4.207795216678419e-10
4.035176394751618e-10
3.8696711872140754e-10
3.710984962593957e-10
3.5588351624031474e-10
3.4129517155976277e-10
3.2730748164071737e-10
3.1389558728259037e-10
3.010357129898214e-10
2.8870498286906567e-10
2.768815449577277e-10
2.6554440578686794e-10
2.5467348875212205e-10
2.4424950775618547e-10
2.3425400613412847e-10
2.246693082797237e-10
2.154784326802453e-10
2.0666510164391387e-10
1.9821374602936053e-10
1.9010943954316895e-10
1.8233786449897747e-10
1.7488528916653174e-10
1.67738557404078e-10
1.608850774280636e-10
1.5431274521304188e-10
1.4800998515387968e-10
1.4196566915554392e-10
1.3616917053674626e-10
1.3061026884333886e-10
1.252791961059428e-10
1.2016659021088835e-10
1.1526342571747903e-10
1.1056110054929826e-10
1.0605135179815662e-10
1.0172624380453275e-10
9.757821540433232e-11
9.359996756839457e-11
8.978451561449715e-11
8.612518852646124e-11
8.261555205684435e-11
7.924946986836241e-11
7.60210203386385e-11
7.29245910699091e-11
6.995474154146529e-11
6.71062648316184e-11
6.437419431082692e-11
6.175374540289333e-11
5.924036553109654e-11
5.6829633303500975e-11
5.45173379270451e-11
5.229946592132241e-11
5.0172131040335345e-11
4.813162919699876e-11
4.6174398038542674e-11
4.429702477471311e-11
4.249623578020326e-11
4.0768908297718576e-11
3.9112020765703494e-11
3.752270071229021e-11
3.5998180276837435e-11
3.453581253254647e-11
3.313302827843626e-11
3.1787421753608595e-11
3.0496631612492404e-11
2.925844000255793e-11
2.807069704262496e-11
2.6931310174512324e-11
2.5838313228769756e-11
2.4789834380533277e-11
2.3784017651323966e-11
2.281914768024099e-11
2.189354175617495e-11
2.1005590245009945e-11
2.0153750617286776e-11
1.9336584986106775e-11
1.855264789227543e-11
1.7800582541034035e-11
1.7079109685459616e-11
1.6386950533473542e-11
1.5722928727367554e-11
1.508590749444622e-11
1.4474766003496542e-11
1.3888456946030776e-11
1.3325969080871085e-11
1.2786306056606529e-11
1.2268574094597137e-11
1.1771870127436772e-11
1.1295331357162296e-11
1.0838149978790918e-11
1.0399514898447502e-11
9.978679003047513e-12
9.574916788540234e-12
9.187533462546246e-12
8.815878361419909e-12
8.459303583180123e-12
8.117182955802492e-12
7.788929015752535e-12
7.473990064457985e-12
7.171811596963894e-12
6.881890142937454e-12
6.603734214651707e-12
6.336849281903127e-12
6.0807612713932615e-12
5.835064729433402e-12
5.599336364603433e-12
5.37313851220171e-12
5.156111745652471e-12
4.9478584130542916e-12
4.748027965696548e-12
4.556303470269167e-12
4.372341100347326e-12
4.1958267156358005e-12
4.026464445565653e-12
3.863936593887028e-12
3.707994885880992e-12
3.5583779074707762e-12
3.4148029336482396e-12
3.2770407657396532e-12
3.144847964808937e-12
3.018004916098939e-12
2.89628599030811e-12
2.7795034699133853e-12
2.6674331244214056e-12
2.5598887579835846e-12
2.4567066745954703e-12
2.3576847069251072e-12
2.2626682703355006e-12
2.171500277606436e-12
2.0840099423590072e-12
2.000054402173155e-12
1.9194894973522284e-12
1.8421972828733874e-12
1.7680155527059956e-12
1.696825672288739e-12
1.6285118245032317e-12
1.562945823780489e-12
1.5000363868682914e-12
1.4396613806866984e-12
1.3817349406860742e-12
1.3261456268374469e-12
1.2728120538414646e-12
1.2216201791470243e-12
1.1725128540912485e-12
1.1253857835096972e-12
1.080162439990211e-12
1.0367575301505601e-12
9.951075763110926e-13
