5.185471651906667
2.7192938392652226
2.2487453762571428
1.9721768374167477
1.9090427727201098
1.7300910743393152
1.6739974253835972
1.520306340483422
1.4624573511245214
1.3294350450192522
1.271869627696462
1.157128981068914
1.1014225906281039
1.0027722781409687
0.9499435624816442
0.8653963854639177
0.8161747887333177
0.7439395706127703
0.6987699437154348
0.6372326527045057
0.5963859406550436
0.5440885863520926
0.5075554931943365
0.46321462326796764
0.4308268336798789
0.39331767619278607
0.36490042846149473
0.33322812842855976
0.3084844820798891
0.2817819690591455
0.2603720725014526
0.2378893782943433
0.21946548515026226
0.20055606937700063
0.18478165410009334
0.16888889193209947
0.15544066578202423
0.1420897897156763
0.13065612913061386
0.11944614138811009
0.10974320428602848
0.10033648387349317
0.09211877990492068
0.08422953106836313
0.07728491999242046
0.07067074332150255
0.06481255991421941
0.059269079191923514
0.05433323664695991
0.04968841107279844
0.04553529759501893
0.04164414430836593
0.038152623118905264
0.034893273050545286
0.031960109684162775
0.029230288705511642
0.02676760200589907
0.024481617063630938
0.02241466133374931
0.02050070000473187
0.01876656396013107
0.017164373238427868
0.01571014628460742
0.014369145872453797
0.013150168238794259
0.012027896785870126
0.01100653941762871
0.010067369156660686
0.009211904028476289
0.008425978455670129
0.007709594164505535
0.007051915813600852
0.0064521044103410105
0.005901748522421886
0.005399587009946968
0.004939044252991607
0.004518667878831518
0.004133280674267046
0.003781401321141274
0.003458907190072
0.0031643549270857665
0.002894494551377042
0.002647958398097667
0.0024221406063254384
0.0022158151227984397
0.0020268500106322934
0.0018541799636639896
0.0016960525491947864
0.0015515465457196424
0.0014192247715065311
0.0012982871381755376
0.001187561650803148
0.0010863496626626187
0.0009936975096401955
0.0009089979397066935
0.0008314702502678066
0.0007605899126705232
0.0006957191019043745
0.0006364031004595215
0.0005821240156644312
0.0005324898148944909
0.00048707331467265006
0.0004455413731760565
0.00040754069978106227
0.00037278809405594265
0.0003409926924790745
0.0003119139747383429
0.0002853105163541221
0.0002609799301350226
0.00023872056112804452
0.00021836283735617625
0.0001997381827784708
0.00018270462623454618
0.0001671211641027101
0.0001528689881682676
0.00013983012697142144
0.0001279051627562088
0.00011699541104884301
0.00010701763896886848
9.788936122054059e-05
8.954080424056022e-05
8.190314024026782e-05
7.491773329125176e-05
6.852732760942539e-05
6.26824406057101e-05
5.733568538352572e-05
5.244509174552747e-05
4.797158274629326e-05
4.387971976750545e-05
4.0136833005386515e-05
3.671325218784054e-05
3.358165991723263e-05
3.071721788752349e-05
2.8097081863551977e-05
2.5700460454926227e-05
2.3508248512420985e-05
2.1503043515305824e-05
1.966886627871638e-05
1.7991151713047464e-05
1.6456534352585142e-05
1.505282455514789e-05
1.3768842501215967e-05
1.259438703646921e-05
1.1520106189713328e-05
1.0537463232363124e-05
9.638634930472304e-06
8.81647763597398e-06
8.064446767231914e-06
7.37656458172273e-06
6.747356032663677e-06
6.171819106114614e-06
5.645373411720695e-06
5.163833476702412e-06
4.723367310587304e-06
4.320472740782127e-06
3.951943848675828e-06
3.6148502474404647e-06
3.3065097719106455e-06
3.0244704936420277e-06
2.766488412217407e-06
2.5305119564431447e-06
2.314663695833425e-06
2.1172270581698364e-06
1.936631290003716e-06
1.7714401256381579e-06
1.6203393860387868e-06
1.4821273456356535e-06
1.355704484760241e-06
1.2400653221017697e-06
1.1342899303284349e-06
1.03753702944103e-06
9.490369472746486e-07
8.68085792392341e-07
7.940396041884668e-07
7.263094441270551e-07
6.643565297394352e-07
6.076881034306974e-07
5.558533808843563e-07
5.084400789125269e-07
4.65071037955471e-07
4.25401307404931e-07
3.891153274455497e-07
3.55924483749649e-07
3.2556475391927485e-07
2.9779466062412716e-07
2.723933021059548e-07
2.491586390241163e-07
2.2790584725625153e-07
2.0846588481482993e-07
1.906841131025023e-07
1.7441909848937517e-07
1.5954145732294632e-07
1.4593285562751254e-07
1.3348504054247335e-07
1.2209900481709965e-07
1.1168417504706664e-07
1.0215771454388187e-07
9.344384148724704e-08
8.547324886958737e-08
7.818253117871282e-08
7.151370129018358e-08
6.541370811461759e-08
5.983403615772556e-08
5.47302977681025e-08
5.006190178022086e-08
4.579170921283269e-08
4.1885758864305356e-08
3.831297681563634e-08
3.50449491052733e-08
3.2055675905471734e-08
2.932138488641663e-08
2.68203217199103e-08
2.4532597020751698e-08
2.2440008890475378e-08
2.052591698863451e-08
1.877509164218458e-08
1.7173610888343032e-08
1.570873104236176e-08
1.4368805382455375e-08
1.3143170565410206e-08
1.2022082759589163e-08
1.0996619029688768e-08
1.00586281634526e-08
9.20064384554704e-09
8.415846551735914e-09
7.69798842398889e-09
7.041364780647785e-09
6.440747601111094e-09
5.891364413674544e-09
5.388840311955543e-09
4.929183001889957e-09
4.5087312144792635e-09
4.12414562010675e-09
3.772362042673512e-09
3.4505874869651934e-09
3.1562574502423722e-09
2.8870355548768917e-09
2.6407752864465727e-09
2.4155230262336056e-09
2.2094821540215875e-09
2.0210183446108195e-09
1.8486279750062076e-09
1.6909445050675038e-09
1.5467086541892772e-09
1.4147782877656147e-09
1.2940989801875662e-09
1.1837157217384167e-09
1.0827455074333418e-09
9.903903687395946e-10
9.059106291408031e-10
8.286393697862445e-10
7.579566355231814e-10
6.933054973114888e-10
6.341664593515862e-10
5.80074367540367e-10
5.305936548310392e-10
4.853363946403691e-10
4.43936785744029e-10
4.060708744230203e-10
3.714328067309656e-10
3.397512037564021e-10
3.1076966108238846e-10
2.8426277498517875e-10
2.6001435272173167e-10
2.3783693973131136e-10
2.1754867475754657e-10
1.9899349752381559e-10
1.8201834368852205e-10
1.6649386238468764e-10
1.5229106285332487e-10
1.393022346499726e-10
1.274186353435069e-10
1.165513823405008e-10
1.0660841340218806e-10
9.75160933388319e-11
8.919683908517593e-11
8.158977629569834e-11
7.462906277754377e-11
6.826462290520334e-11
6.244066663029536e-11
5.711577294991853e-11
5.2242642186765025e-11
4.77878429859596e-11
4.371070858871196e-11
3.9983510307627834e-11
3.657169743572383e-11
3.345336847750405e-11
3.059871579993169e-11
2.7989757175072703e-11
2.5600883060113396e-11
2.3418304261451973e-11
2.1419437157644663e-11
1.9593636508001e-11
1.7921122107147725e-11
1.6393643786601236e-11
1.4994047989923947e-11
1.3716188045564824e-11
1.2544940100923292e-11
1.1476130484837756e-11
1.0496051546515448e-11
9.601915886237093e-12
8.781615592186518e-12
8.033949331129797e-12
7.347477339413673e-12
6.72213566540451e-12
6.147509600097114e-12
5.624275523624636e-12
5.143157960298282e-12
4.705788901551058e-12
4.303294371049122e-12
3.937459518159423e-12
3.600408185712328e-12
3.2941454593044432e-12
3.012103532776727e-12
2.756260461386071e-12
2.5196356133624713e-12
2.305983655600172e-12
2.108199660356933e-12
1.9296111684088623e-12
1.7637696679644027e-12
1.6146650056363485e-12
1.4758730107974577e-12
1.3512816949270338e-12
1.2346810674859246e-12
1.1305310383551594e-12
1.03286119015854e-12
9.460516183796956e-13
8.641285356234953e-13
7.916225728008997e-13
7.226701277822006e-13
6.623410198538948e-13
6.048429871445163e-13
5.544993538982463e-13
5.060627032669326e-13
4.639502214410806e-13
4.231350695925019e-13
3.8828606018413385e-13
3.5389965492707944e-13
3.252769168464315e-13
2.965149826575848e-13
2.7270563581131195e-13
2.482899616467635e-13
2.2844456277685584e-13
2.0786076234774262e-13
1.9168434886875348e-13
1.7428162256689268e-13
1.607886096646958e-13
1.4609850309408516e-13
1.3489286687174847e-13
1.2256250014814698e-13
1.1345455086908084e-13
1.0264207122740323e-13
9.534730376525726e-14
8.601380029067023e-14
8.019749668909595e-14
7.227980062540232e-14
6.774173313535664e-14
6.108675376857137e-14
5.736595857663966e-14
5.1557881695199286e-14
4.862989970601239e-14
4.382245411562948e-14
4.177619897420947e-14
3.752726714212061e-14
3.602268945633471e-14
3.2482042981474904e-14
3.151644770909803e-14
2.8407907065255893e-14
2.7930304693624173e-14
2.5260855274491225e-14
2.5200837050874817e-14
2.2783026285763635e-14
2.285138533580006e-14
2.065683075856053e-14
2.0936643753040854e-14
1.8902093386031112e-14
1.949084163044375e-14
1.7572031960649505e-14
1.820271058993911e-14
1.6414567693180705e-14
1.7111733028790128e-14
1.5416746654001408e-14
1.624084694855296e-14
1.4683671766228396e-14
1.5671655867595196e-14
1.4116744361194249e-14
1.5166134859844157e-14
1.3641334222881875e-14
1.4805318424564484e-14
1.321524503858338e-14
1.4406442221770294e-14
1.2851099396506516e-14
1.4074740258100791e-14
1.251157230067623e-14
1.3824915065481179e-14
1.2344335159885303e-14
1.3604899073147653e-14
1.2144049614799288e-14
1.3419399231645519e-14
1.1976758018229583e-14
1.3283256015573252e-14
1.1864183619332001e-14
1.3109377731371427e-14
1.1693786263231403e-14
1.3065251789235753e-14
1.1630879908330584e-14
1.2992101887307072e-14
1.1513632448118466e-14
1.2890558217220849e-14
1.1472312748451894e-14
1.280847078253198e-14
1.1420645775215447e-14
1.2753654905788241e-14
1.1355543864507886e-14
1.271270697717634e-14
1.1286594599162425e-14
1.2647410965148711e-14
1.1224979416457508e-14
1.2575157768850752e-14
1.1177373537338291e-14
1.2545357067142573e-14
1.113407529762062e-14
1.2509801958717324e-14
1.1089796158090599e-14
1.2459546757047878e-14
1.105646716527547e-14
1.2432199542004569e-14
1.1038188196777431e-14
1.2363490923821381e-14
1.0985912695207528e-14
1.2374958476868595e-14
1.0953274259024046e-14
1.231148491049997e-14
1.0908936540854412e-14
1.227812326219511e-14
1.0834146828608392e-14
1.222862083677825e-14
1.0839407389546396e-14
1.2194586348281341e-14
1.08270116664668e-14
1.2165705651420513e-14
1.0806696276499078e-14
1.2160793150282418e-14
1.0809235561126147e-14
1.2165040739162042e-14
1.0808781206648495e-14
1.2155003272933375e-14
1.0789453455006504e-14
1.2113736871582596e-14
1.0781127626108396e-14
1.2114249594674902e-14
1.0789435604875859e-14
1.2077935680320076e-14
1.0755095289379194e-14
1.2034900882180664e-14
1.0723496490008494e-14
1.2029134465597258e-14
1.0709658433385672e-14
1.1996733518249812e-14
1.0701958893424572e-14
1.1984606780628893e-14
1.0656620786183178e-14
1.1936880179312486e-14
1.0625463232285869e-14
1.1882869485625626e-14
1.0619239794353298e-14
1.1839052446096639e-14
1.059412769355548e-14
1.1832710449523466e-14
1.0569028815775703e-14
1.1819380772712487e-14
1.0537973232653658e-14
1.1832730794907317e-14
1.0565183191267629e-14
1.1810545755569218e-14
1.0560273885536244e-14
1.1829715227354731e-14
1.055380671153692e-14
1.1792782372939007e-14
1.053742036629276e-14
1.1790377324693165e-14
1.0545523124152191e-14
1.1797182872173485e-14
1.0505221835902658e-14
1.1777567997674904e-14
1.0489998939335263e-14
1.1748129363088168e-14
1.0474174731898177e-14
1.1777621143266577e-14
1.0538558051449403e-14
1.1775568731603403e-14
1.0505354749838073e-14
1.1745174062454725e-14
1.0469673444934015e-14
1.1721685570227331e-14
1.0450957874083244e-14
1.1767531446130907e-14
1.0472225484562163e-14
1.177104562164259e-14
1.048532536038275e-14
1.1717749808002365e-14
1.0429762307197723e-14
1.1683850821490592e-14
1.0416638778226024e-14
1.1689713423963374e-14
1.04239070326902e-14
1.1684102195084428e-14
1.0421541825449434e-14
1.1689639284316671e-14
1.0418330382264926e-14
1.166233215068294e-14
1.0399878904420783e-14
1.1680561862088027e-14
1.0379826890808354e-14
1.1670788435905066e-14
1.0378356338723858e-14
1.1639834752348967e-14
1.035317152787523e-14
1.1625820105369169e-14
1.0370146179777248e-14
1.1619581343473337e-14
1.0351813469552968e-14
1.159932577804306e-14
1.035056687564326e-14
1.1565945600447151e-14
1.0293298914866961e-14
1.1527591355139161e-14
1.0283335417471384e-14
1.1519326715549795e-14
1.0265138479802333e-14
1.1491836941470464e-14
1.0269265257411146e-14
1.1481567396098747e-14
1.0234746194826196e-14
1.1468585288027511e-14
1.0212385318999268e-14
1.1460278095982714e-14
1.0165020123545358e-14
1.1440443324446718e-14
1.0169353244284408e-14
1.144178158094242e-14
1.017781999450586e-14
1.1415522313009814e-14
1.0182034178865524e-14
1.1430831052759272e-14
1.0164252755590672e-14
1.1423309910406401e-14
1.0141907364230603e-14
1.1420182017299564e-14
1.0143288779549055e-14
1.1407915107255069e-14
1.0138213171451775e-14
1.1400442197312354e-14
1.0148599068133209e-14
1.1429756906860912e-14
1.015603070381618e-14
1.1411054801738077e-14
1.0158121204835602e-14
1.1436208689232406e-14
1.0163248458151658e-14
1.143274741533987e-14
1.015142154880585e-14
1.1437248551049679e-14
1.0171071774180362e-14
1.1442252879292686e-14
1.0177626033814432e-14
1.1442101392654318e-14
1.0139647323845071e-14
1.1400480207549818e-14
1.0118275485499506e-14
1.1380740060326512e-14
1.0112573144199822e-14
1.1372889444568552e-14
1.0086662685665871e-14
1.1379703496967834e-14
1.0074607276485896e-14
1.1369006571835053e-14
1.0051506965965228e-14
1.1367193828277002e-14
1.0070415073241082e-14
1.1363190368014893e-14
1.0081209924140044e-14
1.1358316528779438e-14
1.0071514679616052e-14
1.1365313013060985e-14
1.0083058081703368e-14
1.1368354356275883e-14
1.0076298960205489e-14
1.1351828959564117e-14
1.0074764987821345e-14
1.136674906899113e-14
1.0096343383981269e-14
1.1355217374778733e-14
1.0091721281399757e-14
1.1363542051183498e-14
1.0108377633564212e-14
1.1363228502860507e-14
1.012108739367055e-14
1.1429419899109367e-14
1.0140587485861356e-14
1.1409561022592147e-14
1.0092155438889342e-14
1.138299901828318e-14
1.0094116071408178e-14
1.1402148309820249e-14
1.0088366665814222e-14
1.138878819519132e-14
1.0081830790050894e-14
1.137586104255088e-14
1.0088738925688119e-14
1.1387316864560185e-14
1.0100772701787676e-14
1.1366897324020016e-14
1.0081238580331439e-14
1.1330963041302596e-14
1.0069975197070598e-14
1.1374824034577767e-14
1.007377566679477e-14
1.1371991886251427e-14
1.0071137002267485e-14
1.1361160562089525e-14
1.0071184810309733e-14
1.1362355606554226e-14
1.0075830669414344e-14
1.1370289717904558e-14
1.0078463327743898e-14
1.137133137356405e-14
1.0072862728834217e-14
1.1348778945141976e-14
1.0078941050447736e-14
1.1357773919932554e-14
1.0089435682895683e-14
1.1349546828472692e-14
1.0090900625015342e-14
1.1353245516471043e-14
1.0088218712562578e-14
1.1348846826424849e-14
1.0078864616336755e-14
1.1333639761198236e-14
1.0060264339482422e-14
1.1338443525236111e-14
1.0055151611051492e-14
1.1326942524661979e-14
1.0060843426692677e-14
1.1310309794734545e-14
1.0032179280024667e-14
1.1305489817695467e-14
1.0019678703645854e-14
1.1284051795941904e-14
1.0013549984413099e-14
1.127758554568363e-14
1.0007682127432503e-14
1.1288352041050846e-14
9.978363461918598e-15
1.1281384650065682e-14
9.991166327224742e-15
1.126908201293471e-14
9.983814522516432e-15
1.126476586317075e-14
1.0004564030158126e-14
1.1272969405916005e-14
1.0026596046529955e-14
1.1293042900371809e-14
1.0054016692416541e-14
1.1294023470136697e-14
1.0028631910440782e-14
1.1317012619768022e-14
1.003685758548686e-14
1.1289780827335192e-14
1.002314757924309e-14
1.1289106974544295e-14
1.0051047100830561e-14
1.1294773761678857e-14
1.0076561766931481e-14
1.131198268104559e-14
1.0091578148463212e-14
1.129962387610069e-14
1.0039601176727819e-14
1.129523414317777e-14
1.0049619468763137e-14
1.1292202953351746e-14
1.0062609197613668e-14
1.1285438462687038e-14
1.0038483685492669e-14
1.1288138773856204e-14
1.0035092081309887e-14
1.128318557609349e-14
1.0032582419911769e-14
1.1284201137471025e-14
1.0032193678156732e-14
1.1291529245107823e-14
1.0028507081624036e-14
1.1290023916254863e-14
1.0024353236797308e-14
1.1286551939404267e-14
1.003319669716321e-14
1.1289273309035272e-14
1.0046399365982404e-14
1.1285613383927432e-14
1.0029572877673612e-14
1.1274686266969932e-14
1.0015761562610228e-14
1.1287243007635646e-14
1.003664650894249e-14
1.1281785829090898e-14
1.0070821463496652e-14
1.1277858782412306e-14
1.0060120758984214e-14
1.1256727434618138e-14
1.0043686395113374e-14
1.1251216940796498e-14
1.0041562480765497e-14
1.1262525941702159e-14
1.0049236177300517e-14
1.1229165074981348e-14
1.0017242085534523e-14
1.1226390535139952e-14
9.985396220035435e-15
1.120849178320059e-14
9.994707724777436e-15
1.1247386242316692e-14
1.0003519635290231e-14
1.1225691431641668e-14
9.995329146749849e-15
1.121075968008444e-14
9.960813014370712e-15
1.12242544871303e-14
9.97555958897884e-15
1.1233919222452915e-14
9.969587270604903e-15
1.119954027852783e-14
9.971147081194278e-15
1.1217358883482028e-14
9.979468386443006e-15
1.1216195610370154e-14
9.997583283602379e-15
1.12483750726366e-14
1.0009745888934395e-14
1.1231904635586255e-14
1.000144977489928e-14
1.1219650736558081e-14
9.998151554124272e-15
1.124422225733775e-14
9.993835741982607e-15
1.1259173776689572e-14
1.0002070777992634e-14
1.1273460574459755e-14
1.0022407781302597e-14
1.1254327621068466e-14
1.0013833670661577e-14
1.1246868248881163e-14
1.0019130876658477e-14
1.1262106975641219e-14
1.00281181818878e-14
1.1248280902065597e-14
1.0011044541669379e-14
1.124053481326862e-14
9.988684191734242e-15
1.1220860852116657e-14
9.992833590444075e-15
1.1220517570183054e-14
1.0005386955763295e-14
1.1229396612998878e-14
1.0005776739005977e-14
1.1202162439175351e-14
9.980327151577767e-15
1.1218401863441042e-14
9.990814528053882e-15
1.1225597070779547e-14
1.0016602795662503e-14
1.1235192083639303e-14
9.99489560061121e-15
1.1206524182740548e-14
9.957240219850671e-15
1.1178502085497046e-14
9.932456444734402e-15
1.1161152067513185e-14
9.934550372983405e-15
1.1169862774382546e-14
9.92225192163535e-15
1.1137205726620681e-14
9.899778563193201e-15
1.1124743645971512e-14
9.912406060086296e-15
1.1153405904101451e-14
9.94191439256636e-15
1.1133175785087741e-14
9.927088737596945e-15
1.1138740353091339e-14
9.893638836179983e-15
1.1125258669880562e-14
9.887675470588376e-15
1.113681663278707e-14
9.89045557654385e-15
1.1119973131651342e-14
9.890046643258105e-15
1.1137478084216252e-14
9.903445014698827e-15
1.111117131387587e-14
9.890066116655126e-15
1.1124925421838419e-14
9.878979550750093e-15
1.1119011854758725e-14
9.880846042853493e-15
1.1121804523860846e-14
9.884446450561542e-15
1.1109294828340907e-14
9.90037676401346e-15
1.1114607104553583e-14
9.886453145131121e-15
1.1130212934219578e-14
9.888026069922898e-15
1.1140171039717701e-14
9.869163698877223e-15
1.114119099412216e-14
9.884134694458418e-15
1.110323850848871e-14
9.849365772246894e-15
1.108458927195027e-14
9.805825775768208e-15
1.1069654220588341e-14
9.803989201073212e-15
1.1058587729496042e-14
9.797872989364684e-15
1.1053662344788958e-14
9.803969556703615e-15
1.10614696515481e-14
9.802790822487167e-15
1.1057899788133358e-14
9.813134291809106e-15
1.10440055321775e-14
9.81427744222324e-15
1.1053553447655412e-14
9.82409422289735e-15
1.106155235423884e-14
9.802520675932877e-15
1.1027762526261596e-14
9.787252662608043e-15
1.1012649851499765e-14
9.786814818595256e-15
1.1025618565662647e-14
9.80068348188694e-15
1.1035230384652686e-14
9.794963378663964e-15
1.1046568722238242e-14
9.794073612311246e-15
1.1067731543167204e-14
9.807755281823023e-15
1.1057568864384752e-14
9.8275831416674e-15
1.1062000679116795e-14
9.813109759224837e-15
1.1093321034917503e-14
9.844784217930534e-15
1.1079214798927524e-14
9.82623574262545e-15
1.1066443771530283e-14
9.8043280602532e-15
1.1053048150917349e-14
9.817441263060269e-15
1.1081939291682263e-14
9.82887647097323e-15
1.109287831633552e-14
9.826809022252576e-15
1.1065651891594434e-14
9.841198654897295e-15
1.1057712556176316e-14
9.827254883286154e-15
1.1052124617877185e-14
9.829327136655661e-15
1.1044934103410258e-14
9.837469849217895e-15
1.104263214990625e-14
9.832471424347502e-15
1.1063841667481699e-14
9.851184112200636e-15
1.1049715227376885e-14
9.798266113731531e-15
1.1046568722238242e-14
9.808216735924325e-15
1.1063876482276995e-14
9.794933884941994e-15
1.1045897468044887e-14
9.81066600649408e-15
1.1055221634079068e-14
9.804239663335364e-15
1.1043887820389263e-14
9.783503296409066e-15
1.1026727713414282e-14
9.777822385022951e-15
1.1042789116525002e-14
9.770541662065911e-15
1.1034043546910544e-14
9.761258016562294e-15
1.0994797271577261e-14
9.749244708779738e-15
1.1017903845169254e-14
9.746933139760992e-15
1.1019791523808163e-14
9.750755823002587e-15
1.1017501797760291e-14
9.742239165541598e-15
1.105966309639555e-14
9.795140339130832e-15
1.1060194210701473e-14
9.791025181006096e-15
1.1038467359343808e-14
9.775995324906182e-15
1.1036238223834222e-14
9.754823803305091e-15
1.1033388986188029e-14
9.754349951165098e-15
1.1024207952813797e-14
9.766776021097756e-15
1.1026221187337986e-14
9.7687378843013e-15
1.1036033173103922e-14
9.786524551654676e-15
1.101700358822526e-14
9.800305193301157e-15
1.1025911146966428e-14
9.796408462265682e-15
1.1003534652625611e-14
9.791787377806183e-15
1.098416823163359e-14
9.773310749260098e-15
1.0973743890165206e-14
9.736534178074943e-15
1.0941218775553319e-14
9.70136035154679e-15
1.0981722009565723e-14
9.736766595548587e-15
1.0991218895320689e-14
9.743509232222138e-15
1.0957304453256234e-14
9.711172284645349e-15
1.0966418563645975e-14
9.728524747967873e-15
1.0961614285547594e-14
9.711459845919288e-15
1.0983037250439698e-14
9.73217655957655e-15
1.0982410338602526e-14
9.733967326777128e-15
1.0954316010743881e-14
9.722435347187635e-15
1.0934016975707948e-14
9.724901271265369e-15
1.0970707260284653e-14
9.745945122538254e-15
1.0962088658956412e-14
9.725193377470431e-15
1.09469644888384e-14
9.729925265927609e-15
1.0946493858523216e-14
9.700725061505452e-15
1.0938432822474187e-14
9.71381455325774e-15
1.0925373837884231e-14
9.675771907521464e-15
1.0900043821333419e-14
9.682810622435356e-15
1.0915405036796033e-14
9.6943599381024e-15
1.0922658781415726e-14
9.692387987492487e-15
1.0932114486149092e-14
9.683412282150879e-15
1.0912047721804019e-14
9.706942166817305e-15
1.0931533103853177e-14
9.701454648866387e-15
1.0915956402416814e-14
9.664469409010181e-15
1.0904667704225448e-14
9.67422419606587e-15
1.0902110899623407e-14
9.677578087252625e-15
1.0900671053178056e-14
9.67366178298376e-15
1.0886832646679207e-14
9.67436852689444e-15
1.0931035380806893e-14
9.695417771472897e-15
1.0932048421536219e-14
9.667756960425639e-15
1.0945341388573269e-14
9.671625872840504e-15
1.0934888839467871e-14
9.6819702252133e-15
1.0947201995520992e-14
9.661409985524934e-15
1.0926365370488008e-14
9.654435462977161e-15
1.0915202127237046e-14
9.663607487045128e-15
1.0934734727194636e-14
9.674273965560337e-15
1.0930718235717737e-14
9.659815113618414e-15
1.094597922090627e-14
