5.185471651906667
3.7588860178828476
2.9086795534853835
2.29056454280541
1.8183126737638355
1.4514889569230687
1.1640004253807448
0.9371921273138791
0.7572635539213324
0.6138288757057373
0.49899151910625494
0.4066968036791549
0.33226074291900304
0.27203748300890385
0.22317397409613451
0.18342189128747496
0.15100539526837956
0.12451296259796038
0.10281815679204874
0.08501886212516735
0.07039008121983824
0.05834789179940219
0.04841999264839847
0.040223532135846424
0.03344758749821236
0.027839018507194585
0.023191302489123513
0.01933565619482579
0.01613371321596961
0.013472060598557926
0.011257497936542979
0.009413336970464887
0.00787636332255489
0.006594396511755104
0.005524314835756774
0.004630455291213754
0.003883291951497315
0.0032583455139426135
0.0027352967600428107
0.0022972735552661896
0.0019302482555040433
0.0016225474078959293
0.0013644499050948218
0.0011478535881588006
0.0009660004851235541
0.0008132495005988705
0.0006848881957863662
0.0005769777744749052
0.00048622429892468665
0.0004098711549881053
0.0003456101816969141
0.0002915076644561369
0.00024594256806799615
0.000207554799764567
0.00017520385288534798
0.00014793213161454414
0.00012493547757025093
0.00010553829390569659
8.917275898112263e-05
7.536144575975804e-05
6.370274589478572e-05
5.3858730333747524e-05
4.55449731693295e-05
3.852197962355498e-05
3.258802905320521e-05
2.7573163589850378e-05
2.3334143399354068e-05
1.9750211216555533e-05
1.6719534812056403e-05
1.4156217660157125e-05
1.1987786073601731e-05
1.0153076066187882e-05
8.600455714954189e-06
7.286329233364303e-06
6.173877688961536e-06
5.231998586113827e-06
4.43441263054715e-06
3.7589110902900083e-06
3.1867214386365126e-06
2.7019725388479806e-06
2.291243628301306e-06
1.943183870592569e-06
1.6481913525702278e-06
1.3981421707684256e-06
1.186161736324861e-06
1.0064316742935627e-06
8.540267404572674e-07
7.247770595328519e-07
6.151517280513197e-07
5.221604483263369e-07
4.432703841122648e-07
3.763358680502293e-07
3.195389634665559e-07
2.7133919524655396e-07
2.304310274709038e-07
1.9570788774334437e-07
1.662317252524044e-07
1.4120724692601736e-07
1.1996010950349102e-07
1.0191845666881461e-07
8.659728656069302e-08
7.358521303210955e-08
6.25332529046512e-08
5.3145327635395855e-08
4.517021621257956e-08
3.839473659297177e-08
3.263796729200976e-08
2.7746349992643494e-08
2.358953821658286e-08
2.0056877799895073e-08
1.7054422887034704e-08
1.4502405728125282e-08
1.2333090666402593e-08
1.0488954159818253e-08
8.921140685066241e-09
7.588153144054762e-09
6.4547415127610725e-09
5.490959927310364e-09
4.671366412994175e-09
3.974343821861049e-09
3.381523332013698e-09
2.8772951353857866e-09
2.448393018122212e-09
2.083541642129327e-09
1.7731570696000911e-09
1.5090924882269941e-09
1.2844221437766687e-09
1.093257983365612e-09
9.30593789427727e-10
7.921728162150216e-10
6.743753872048645e-10
5.741232389463843e-10
4.887985526338943e-10
4.161747744938328e-10
3.5435810158344193e-10
3.017375905327932e-10
2.569429161502931e-10
2.188082927300406e-10
1.863418992415007e-10
1.586998536946378e-10
1.351641667044554e-10
1.151238696861113e-10
9.805903344487083e-11
8.352720669191201e-11
7.115187298284126e-11
6.06125103092036e-11
5.1636351242214674e-11
4.39911854889209e-11
3.7479369077800544e-11
3.1932673593821974e-11
2.7207854210658937e-11
2.318295138643392e-11
1.9754164881582807e-11
1.6833056014184146e-11
1.4344357597710363e-11
1.2223994775356192e-11
1.0417384417455122e-11
8.878026289747643e-12
7.566344234313483e-12
6.448635202524845e-12
5.496140043211226e-12
4.684412853879857e-12
3.992652985090027e-12
3.403101527125449e-12
2.9006285028206377e-12
2.4723524636959665e-12
2.1073287699954327e-12
1.796216481350019e-12
1.5310043187469458e-12
1.3049163871585608e-12
1.1121973259464676e-12
9.479043825887019e-13
8.078626170022245e-13
6.884491334448055e-13
5.866589884617681e-13
4.998694665629479e-13
4.258666202368053e-13
3.6276364752766635e-13
3.089793868447344e-13
2.631045067836085e-13
2.2400473441718807e-13
1.9069108559513572e-13
1.62278513605923e-13
1.3806229832061435e-13
1.174191395628728e-13
9.98342001148886e-14
8.483851819558173e-14
7.204834010891085e-14
6.116981655334974e-14
5.191032697392717e-14
4.403593872938012e-14
3.7310239271903714e-14
3.160782365195568e-14
2.6743073690198467e-14
2.2568804957450884e-14
1.9040648549752353e-14
1.606077558167042e-14
1.3534144911583116e-14
1.1400979608065761e-14
9.590289420173273e-15
8.068238981868173e-15
6.783554029644697e-15
5.716541109676581e-15
4.826463364058153e-15
4.081523809876379e-15
3.4886630446073906e-15
3.007055957850452e-15
2.590308704575978e-15
2.251016111766908e-15
1.9506747585127504e-15
1.7238927462828783e-15
1.5234546602563377e-15
1.3480933364468521e-15
1.1884767651130579e-15
1.021597492588663e-15
8.830679670797666e-16
