19.810311806311717
14.872468004328399
11.68648145735668
9.40255411858869
7.686656561369822
6.357402566885678
5.3053418733898825
4.459253371693948
3.7703207528826694
3.2037604294620405
2.7340306913303403
2.3419064397891884
2.012644290076826
1.734760971091977
1.4992037164564533
1.2987472540578
1.1275643446421644
0.9809199715212078
0.8549389567899919
0.7464265752188703
0.6527385482744423
0.5716707698085285
0.5013775544705377
0.44031043348482796
0.38716489584135344
0.340836538149338
0.3003883874866868
0.2650225054045159
0.23405714972382088
0.2069095353322468
0.18307866938522396
0.16213431477663193
0.1437061379579306
0.12747428221479784
0.1131625723587231
0.10053180300486221
0.08937408633921377
0.07950884467973732
0.0707788145071289
0.06304697069705748
0.056194008209887764
0.05011536767227367
0.044719676362797854
0.03992685047989119
0.03566663579906324
0.03187731747560145
0.02850472844146778
0.025501204828402214
0.022824784976775193
0.02043851346709641
0.018309743593119366
0.01640967715954646
0.014712868658390978
0.01319682525619879
0.011841642885242318
0.010629678273004492
0.009545303937205821
0.00857463885875999
0.0077053966157616905
0.006926645621561416
0.006228679867586196
0.0056028684272794805
0.00504154097877514
0.004537864118791879
0.004085748810960165
0.0036797736090956657
0.0033151048261377512
0.0029874295915048085
0.0026928957732782173
0.002428066071367107
0.0021898681617233883
0.001975558069890186
0.0017826813987539248
0.0016090426754998518
0.0014526764146727375
0.0013118247673608952
0.0011849125078848238
0.0010705285769374495
0.000967408415279263
0.0008744183036266629
0.0007905414434931405
0.0007148655668936264
0.000646571896518821
0.0005849252479976915
0.0005292656327606791
0.00047899977237817154
0.0004335945070141862
0.0003925705388780853
0.00035549681875392513
0.0003219856497627406
0.0002916881848588763
0.0002642904101208731
0.00023950968584331703
0.00021709143088426063
0.00019680632901145778
0.00017844776421625962
0.000161829524035018
0.00014678374132225642
0.00013315904874995602
0.00012081892334676508
0.00010964020095273271
9.951174268779079e-05
9.033323748367226e-05
8.201412645375115e-05
7.447263640578834e-05
6.763491116201972e-05
6.143423055860953e-05
5.581030807312915e-05
5.070865898646352e-05
4.608003183892423e-05
4.1879896702146824e-05
3.8067984466514094e-05
3.460787195093142e-05
3.146660818173727e-05
2.8614377671050948e-05
2.60241969573302e-05
2.367164105546067e-05
2.1534596810733328e-05
1.95930404578565e-05
1.782883696394098e-05
1.6225558980928393e-05
1.4768323455225074e-05
1.3443644139519269e-05
1.2239298430952892e-05
1.1144207118335485e-05
1.0148325764208067e-05
9.242546575879221e-06
8.418609734992625e-06
7.669023256996088e-06
6.986990546882066e-06
6.366344898232125e-06
5.801490259826021e-06
5.287347659040765e-06
4.81930673372141e-06
4.393181876363894e-06
4.005172545553645e-06
3.6518273415653787e-06
3.3300114836432293e-06
3.036877361786477e-06
2.769837867543853e-06
2.5265422378198467e-06
2.3048541710241036e-06
2.102831998487279e-06
1.918710715437311e-06
1.75088569412471e-06
1.5978979196979271e-06
1.4584206040212252e-06
1.3312470469217108e-06
1.2152796273887597e-06
1.1095198173751074e-06
1.0130591224392226e-06
9.250708613432982e-07
8.448027065705879e-07
7.715699136993284e-07
7.047491754224546e-07
6.437730418371854e-07
5.881248538607442e-07
5.373341422845568e-07
4.909724488969036e-07
4.486495302556486e-07
4.100099090648343e-07
3.7472974054054755e-07
3.425139645370465e-07
3.1309371765628895e-07
2.8622398045484305e-07
2.6168143872266143e-07
2.3926253890668766e-07
2.1878171976610286e-07
2.0006980418167985e-07
1.8297253643784948e-07
1.673492516991861e-07
1.5307166527433516e-07
1.4002277130444963e-07
1.280958401304988e-07
1.1719350630424754e-07
1.0722693818519216e-07
9.8115081878246e-08
8.978397325248181e-08
8.216611120301584e-08
7.519988707396853e-08
6.88290649648123e-08
6.300230833218965e-08
5.76727489503132e-08
5.279759385997738e-08
4.8337767636438594e-08
4.4257586073933825e-08
4.052445907086842e-08
3.710861966190143e-08
3.3982877059102986e-08
3.1122391594622444e-08
2.8504469378674313e-08
2.610837530093595e-08
2.3915162174723195e-08
2.1907515277135096e-08
2.0069610337349174e-08
1.838698399771109e-08
1.684641582463834e-08
1.5435820377879373e-08
1.414414891643661e-08
1.2961299722396518e-08
1.187803621882829e-08
1.0885912117932616e-08
9.977203358090673e-09
9.144845654319568e-09
8.382377756023447e-09
7.683889436464412e-09
7.043974269674782e-09
6.457686058848516e-09
5.920499595641431e-09
5.428274430473319e-09
4.977221798111517e-09
4.563874609990774e-09
4.185059948260903e-09
3.837873745379748e-09
3.51965800130153e-09
3.2279797064588046e-09
2.9606115734471577e-09
2.7155146017568755e-09
2.4908219906997827e-09
2.2848245173187878e-09
2.095957120004733e-09
1.922786630212345e-09
1.764000629425497e-09
1.6183970776521253e-09
1.4848751376204202e-09
1.3624264488006466e-09
1.250127364626188e-09
1.14713178414072e-09
1.0526645508559507e-09
9.660155634493605e-10
8.865341609203617e-10
8.136241941325897e-10
7.467393695283527e-10
6.853791188022175e-10
6.290846861793664e-10
5.774356397300552e-10
5.30046686784923e-10
4.865645876742763e-10
4.46665623491542e-10
4.1005303879875885e-10
3.7645479090187824e-10
3.456214624810237e-10
3.173244231041305e-10
2.9135404830615484e-10
2.675180996803197e-10
2.4564033932167783e-10
2.2555911564320492e-10
2.0712627280304033e-10
1.902058240852957e-10
1.7467316138156194e-10
1.6041393897643282e-10
1.473233053929194e-10
1.3530501521357643e-10
1.2427090956526905e-10
1.1414003105725924e-10
1.048381030253683e-10
9.629703084842571e-11
8.845434535136073e-11
8.12526753852301e-11
7.463941487080855e-11
6.856631874391596e-11
6.298910654855657e-11
5.786707553390263e-11
5.3162979086652754e-11
4.8842559716186015e-11
4.4874439020297525e-11
4.122974648418671e-11
3.788204349933694e-11
3.480700907815389e-11
3.1982390934803e-11
2.938771087326476e-11
2.7004202671600243e-11
2.4814582626938008e-11
2.280304743088486e-11
2.095503786003891e-11
1.9257231190299567e-11
1.7697388350251386e-11
1.6264280775191028e-11
1.494755083835525e-11
1.3737689698803816e-11
1.2626048609185653e-11
1.1604608805828082e-11
1.0666011298675162e-11
9.803543876773059e-12
9.010994576249448e-12
8.282695643711761e-12
7.61339884904729e-12
6.998322561930707e-12
6.433075359946114e-12
5.913568885563874e-12
5.436137210734638e-12
4.997320061278093e-12
4.594007419603375e-12
4.223335456979672e-12
3.8826322343697055e-12
3.5695048904361867e-12
3.281677970505584e-12
3.0170975825320247e-12
2.773898585622485e-12
2.5503254795835806e-12
2.344849230600525e-12
2.155943317691099e-12
1.9822922447090278e-12
1.822659805535547e-12
1.6759038694299655e-12
1.5409736955368056e-12
1.4169334698641348e-12
1.3029169884380684e-12
1.198062159530132e-12
1.1016708262685905e-12
1.013043733377974e-12
9.315546132791882e-13
