11.869808931078062
6.057730727366482
3.782631405153149
2.538311832630176
1.772070506205933
1.2695453909250802
0.926882013327233
0.6868358437876683
0.5152422165651049
0.39057617609388834
0.298776877551858
0.23039824341510817
0.17894827273990474
0.13988710672833354
0.10999172388675497
0.0869438240578721
0.06905652173852682
0.055089698488197114
0.04412338193494801
0.03546905291982115
0.028607349606278677
0.02314356735152387
0.018775722149899796
0.01527130463806384
0.01245029545590457
0.010172475136104022
0.008328082455463988
0.006830779979771647
0.005612347592049504
0.004618663574264536
0.0038066030268532024
0.0031417071996165894
0.002596344644679039
0.002148288026530818
0.0017796096398780795
0.0014758104441391052
0.0012251353616784387
0.0010180324098647226
0.0008467234006318766
0.000704862077233836
0.0005872609846346144
0.0004896725874377636
0.0004086133619095781
0.0003412220498863059
0.000285145157637645
0.00023844424925280802
0.00019952072397671136
0.00016705465670323037
0.0001399549782030411
0.00011731882032589599
9.83982846287595e-05
8.257323610165122e-05
6.932899644596262e-05
5.823802881742062e-05
4.894487978173388e-05
4.1153783567254325e-05
3.4618445658099806e-05
2.9133612944516713e-05
2.4528110432576833e-05
2.065908338854802e-05
1.7407231506152513e-05
1.467286042432295e-05
1.2372607432207953e-05
1.0436723868291945e-05
8.806817665939605e-06
7.433976615930171e-06
6.277206921882864e-06
5.302133104262103e-06
4.479914725228635e-06
3.786343143920165e-06
3.2010878743928763e-06
2.707067357419877e-06
2.2899232763626292e-06
1.9375811098444845e-06
1.6398825574100898e-06
1.3882779071771179e-06
1.1755684277687389e-06
9.95690533582352e-07
8.435348559995684e-07
7.14794498091672e-07
6.058377030939488e-07
5.136009583741083e-07
4.3549921306040674e-07
3.693504362051871e-07
3.133121966634839e-07
2.6582832704330367e-07
2.255840492801002e-07
1.9146820462032223e-07
1.625414507797135e-07
1.380094732537051e-07
1.1720041221302968e-07
9.954583450603882e-08
8.456468857449898e-08
7.18497700422182e-08
6.105630121656579e-08
5.189229149712513e-08
4.4110398136228193e-08
3.75010520159665e-08
3.188664990882509e-08
2.711664635980519e-08
2.3063404838875665e-08
1.961868948171042e-08
1.6690698069754192e-08
1.4201551624536584e-08
1.20851703205733e-08
1.0285475433407056e-08
8.75486707507415e-09
7.452935208329788e-09
6.345367593663287e-09
5.403024823608735e-09
4.601156371718088e-09
3.918736217621228e-09
3.3378995071540747e-09
2.843465038937096e-09
2.422530115179358e-09
2.064126976927351e-09
1.7589312799382913e-09
1.499014757689381e-09
1.277635224557961e-09
1.089058402196598e-09
9.284065302124609e-10
7.915299939139997e-10
6.74898107772157e-10
5.755064052489116e-10
4.907979349314049e-10
4.185963537576927e-10
3.5704903369039485e-10
3.045787210575571e-10
2.5984245007939575e-10
2.2169665627591393e-10
1.8916739713833225e-10
1.6142514408364015e-10
1.3776329890551136e-10
1.1757986667225758e-10
1.0036195511214161e-10
8.567258242450049e-11
7.313930080358402e-11
6.244471040017505e-11
5.3318282552373965e-11
4.552945315862808e-11
3.888155091244758e-11
3.3207046537873135e-11
2.836294803925355e-11
2.4227442812276572e-11
2.069655032238254e-11
1.7681644738367522e-11
1.5107115609147205e-11
1.2908475786407844e-11
1.1030660948565181e-11
9.426753024747239e-12
8.056678614814804e-12
6.886258430907015e-12
5.886321902792564e-12
5.03196004810329e-12
4.3019174259077096e-12
3.678112849438964e-12
3.144971085322354e-12
2.689319647958576e-12
2.2998631141862586e-12
1.966952455534407e-12
1.6823475219963745e-12
1.4390352002419604e-12
1.2310105031497732e-12
1.0531256854531906e-12
9.010295360557403e-13
