11.869808931078062
5.28730218018777
2.680664665546983
1.4514360572087535
0.8177912856322901
0.4736279078380019
0.2801465064298651
0.168547737680295
0.10288023700834728
0.06359352953956343
0.03975412792239613
0.02510380206186303
0.015998579639994747
0.01028133255218294
0.006657772130239504
0.004341570680556527
0.0028494423004248232
0.001881212047496712
0.0012487152418967388
0.0008330043018957993
0.0005582357610087922
0.00037568058357290103
0.00025381009796105115
0.00017209146082787152
0.00011707197619693164
7.988831826600907e-05
5.467054399638733e-05
3.7512417461359876e-05
2.5802860582927946e-05
1.7789285676157415e-05
1.229079989193e-05
8.508866797015182e-06
5.901704578803315e-06
4.100590246448351e-06
3.783470044225127e-06
2.633478504444919e-06
1.8361286905081732e-06
1.2820621945700562e-06
1.0874284343044268e-06
1.004564839791839e-06
9.280933227240571e-07
7.876057352505571e-07
7.278080021444739e-07
5.09477015680628e-07
4.709396623250476e-07
4.0007811457403794e-07
2.806459912233452e-07
2.3859185322354647e-07
2.2065972379166631e-07
1.5506227497303596e-07
1.4344418048888784e-07
1.0094130406408119e-07
8.592530393054485e-08
7.951487700232426e-08
7.358649522888333e-08
5.186126229309843e-08
4.417963913204728e-08
4.089843635739329e-08
2.8867117126359118e-08
2.6728547780583433e-08
1.8887443899217153e-08
1.3359654772323798e-08
1.2374147523214807e-08
8.760050174850933e-09
8.115363162667708e-09
5.7502094095780665e-09
4.908959045683238e-09
4.548875905298294e-09
3.226367919267035e-09
2.7557237939173857e-09
1.956547311615099e-09
1.6718212038918561e-09
1.5498594326119371e-09
1.101445094838234e-09
1.0212465728763417e-09
7.263874257094776e-10
5.170411911883719e-10
4.795186092519294e-10
3.4153719749749015e-10
3.1679758208275657e-10
2.9386126112240575e-10
2.5145449496460454e-10
2.33271116070669e-10
2.1640916582887567e-10
1.5428342896638694e-10
1.1008502162883425e-10
7.859562954624128e-11
5.6146062399682495e-11
5.21099266331352e-11
3.724568928564921e-11
2.6637222044677667e-11
2.4728056580421773e-11
2.119512297291419e-11
1.5167762808147527e-11
1.0861256887866918e-11
7.781336638978263e-12
5.5775409608386645e-12
3.999755898251295e-12
3.7151605092676395e-12
3.1880820456921486e-12
2.736012980577006e-12
2.541694874743567e-12
1.8240397449314627e-12
1.3098217464424702e-12
9.40998957050817e-13
