19.810311806311717
16.7212546321558
14.51124842200985
12.792841454016273
11.394626046989586
10.224614257736205
9.226923837359676
8.36450944103125
7.611256368115119
6.9479189626936435
6.359819509526489
5.83548325292439
5.365750669806399
4.943187348265828
4.5616836863665124
4.216151410454574
3.9023093241226996
3.6165260435800213
3.3556927679871187
3.117132083473338
2.898527314603733
2.6978578524516896
2.5133534752253404
2.3434569397538882
2.1867932685061864
2.042143595080195
1.9084248810332718
1.7846713088306132
1.6700192731275203
1.5636919356326577
1.4649903025869646
1.3732855215717796
1.2880093214611383
1.2086474189873384
1.134732218371012
1.0658395815708803
1.0015831137118862
0.9416111288881628
0.8856022753126253
0.8332626980914246
0.784323228278294
0.738537380806452
0.6956786417766492
0.6555388215067036
0.617926496239311
0.5826651197680552
0.5495922585928599
0.5185579573681464
0.4894237744442366
0.46206169207405606
0.4363534704124875
0.4121896517448987
0.3894687082440084
0.3680966428806904
0.34798612888477054
0.32905615290220325
0.3112313944403031
0.29444180261497566
0.27862226486610975
0.2637119998648652
0.24965443783657343
0.23639685703671415
0.2238902071467542
0.21208858921094279
0.2009491360148558
0.1904318488138816
0.18049934901040476
0.17111669653298295
0.16225125492501033
0.1538724564489866
0.14595173669967598
0.13846230378092797
0.13137905893108914
0.12467846985691526
0.11833850475206423
0.11233851320805219
0.10665909539423246
0.10128201363325968
0.09619017936350233
0.09136753301484193
0.08679896913446072
0.08247030417151167
0.07836818950091452
0.07448008362054111
0.070794176152718
0.0672993449079222
0.06398513570282774
0.060841709786780045
0.05785979492579214
0.05503063839627688
0.05234600759428699
0.049798143138305044
0.04737970984499656
0.04508378762736803
0.042903868107410516
0.04083380399280623
0.03886777813392569
0.037000297573758834
0.035226187429954384
0.033540557199405054
0.03193878918186911
0.030416512431924843
0.02896959657441907
0.027594145590351227
0.02628647120285064
0.025043085138368698
0.02386069313221858
0.02273617148516686
0.02166657003099114
0.020649093004815135
0.01968109127542167
0.01876006014424688
0.01788362699764723
0.0170495452490555
0.016255687660625386
0.015500037869002545
0.014780686581325482
0.014095824345357073
0.013443733913547034
0.012822790077591363
0.012231449452276503
0.011668248464313403
0.011131798252626257
0.010620780721636296
0.010133947804914582
0.009670114395542474
0.009228156083977708
0.008807001650740482
0.00840564039423111
0.008023109992465803
0.007658497176750763
0.007310934385663743
0.006979597752947751
0.006663703881063508
0.006362509568898779
0.006075308811053892
0.005801430734931067
0.005540237378226474
0.005291124129395822
0.005053514927802877
0.004826862420423705
0.004610646005338839
0.004404370701100438
0.004207565894277629
0.004019783851747842
0.0038405990102895597
0.003669606470021111
0.0035064209782321885
0.0033506757505936615
0.003202022246242352
0.00306012848585643
0.002924678476534525
0.0027953711526075026
0.0026719204533134015
0.002554053853403215
0.0024415117575631896
0.002334047287766639
0.0022314252896581447
0.0021334217509164314
0.002039823289129914
0.0019504266731787863
0.0018650384114654724
0.001783474164309556
0.0017055583209362772
0.0016311235735227522
0.0015600103154272702
0.0014920666653849555
0.0014271478387960154
0.0013651158181409763
0.0013058390646837363
0.0012491922027218823
0.0011950557207701113
0.0011433156881101832
0.0010938634857365311
0.0010465955508572383
0.0010014131341948536
0.0009582220693926276
0.0009169325538827901
0.0008774589406134604
0.0008397195399198326
0.0008036364323602337
0.0007691352879759224
0.0007361451822292097
0.0007045985124396286
0.0006744307212180918
0.0006455802106223241
0.0006179882024227931
0.0005915986053089968
0.0005663578886142682
0.0005422149621954421
0.0005191210621413898
0.0004970296420092025
0.0004758962693065445
0.00045567852695581936
0.00043633591192205815
0.0004178297598134659
0.0004001231545523931
0.00038318084654671153
0.00036696917552018387
0.00035145599702895823
0.0003366106124791803
0.00032240370247099497
0.0003088072594153682
0.0002957945306503035
0.00028333996906417636
0.00027141916343475267
0.00026000879338272567
0.0002490865793688838
0.00023863123508296492
0.0002286224220890158
0.00021904070660841616
0.00020986751833195703
0.0002010851111605254
0.0001926765257795711
0.00018462555397844298
0.00017691670463017156
0.00016953517125187415
0.00016246680107006716
0.00015569806551857907
0.00014921603210117914
0.00014300833755363624
0.000137063162243756
0.00013136920575029928
0.00012591566356539668
0.0001206922048673051
0.00011568895131262356
0.00011089645680060589
0.00010630568816315989
0.00010190800673780153
9.769515078139688e-05
9.365921868599254e-05
8.979265295886367e-05
8.608822493122764e-05
8.253902016153554e-05
7.913842450128982e-05
7.588011079220859e-05
7.275802616578662e-05
6.97663799170303e-05
6.689963192587674e-05
6.41524816011483e-05
6.15198573226472e-05
5.899690635847239e-05
5.657898523587012e-05
5.42616505444386e-05
5.2040650152035944e-05
4.991191481443022e-05
4.7871550160488235e-05
4.5915829036013724e-05
4.4041184189320535e-05
4.224420128370162e-05
4.0521612220910646e-05
3.887028876247293e-05
3.728723643447585e-05
3.576958870342495e-05
3.4314601410694104e-05
3.2919647453784394e-05
3.1582211703359206e-05
3.0299886145155714e-05
2.9070365237038128e-05
2.7891441470835147e-05
2.6761001130333318e-05
2.567702023622639e-05
2.4637560669711743e-05
2.364076646678492e-05
2.2684860275352814e-05
2.1768139968081734e-05
2.0888975403885168e-05
2.0045805331427513e-05
1.9237134428187137e-05
1.8461530469319792e-05
1.7717621620067066e-05
1.70040938466638e-05
1.6319688440174226e-05
1.5663199648284757e-05
1.5033472410418982e-05
1.4429400191242717e-05
1.3849922908560273e-05
1.3294024951241084e-05
1.2760733283182611e-05
1.2249115629503758e-05
1.1758278741385522e-05
1.1287366736036074e-05
1.0835559508550878e-05
1.0402071212413944e-05
9.986148805515131e-06
9.58707065912987e-06
9.204145226759035e-06
8.836709770362072e-06
8.48412914145035e-06
8.145794614546452e-06
7.821122770932718e-06
7.509554430199178e-06
7.210553627713736e-06
6.923606635947756e-06
6.648221027729476e-06
6.383924779594962e-06
6.1302654134694115e-06
5.886809175114779e-06
5.653140247597885e-06
5.4288599984230825e-06
5.213586258613466e-06
5.006952632717834e-06
4.808607838012352e-06
4.618215071955848e-06
4.435451406462621e-06
4.260007207955296e-06
4.09158558199595e-06
3.929901841606037e-06
3.7746829978386317e-06
3.625667272289815e-06
3.4826036300000633e-06
3.345251332210764e-06
3.2133795079621806e-06
3.0867667439120296e-06
2.9652006912865094e-06
2.848477689568846e-06
2.7364024059725627e-06
2.6287874901253806e-06
2.52545324322444e-06
2.4262273012529833e-06
2.330944331308088e-06
2.239445740887318e-06
2.1515793992179765e-06
2.0671993703804727e-06
1.9861656575177196e-06
1.9083439578795308e-06
1.8336054280508505e-06
1.7618264589326863e-06
1.6928884602751258e-06
1.6266776541818832e-06
1.56308487702682e-06
1.5020053899896703e-06
1.4433386971522329e-06
1.3869883714117796e-06
1.3328618875073227e-06
1.2808704620466598e-06
1.2309289001951102e-06
1.1829554486619473e-06
1.1368716549051658e-06
1.0926022320495702e-06
1.0500749295668155e-06
1.0092204091348826e-06
9.699721258104983e-07
9.322662139818316e-07
8.960413780879918e-07
8.612387879385085e-07
8.27801978184024e-07
7.956767520961224e-07
7.648110892926377e-07
7.35155057149258e-07
7.066607260125249e-07
6.79282087795164e-07
6.529749780174313e-07
6.276970009671017e-07
6.03407458002976e-07
5.800672787423385e-07
5.576389551303992e-07
5.360864781963661e-07
5.1537527737232e-07
4.954721623654514e-07
4.763452673527166e-07
4.579639974953784e-07
4.402989775746713e-07
4.2332200286468714e-07
4.070059918503098e-07
3.9132494102350836e-07
3.7625388137992466e-07
3.617688368671516e-07
3.478467843106505e-07
3.34465615185306e-07
3.2160409882289024e-07
3.092418471080541e-07
2.9735928067724127e-07
2.859375964293477e-07
2.7495873646597383e-07
2.6440535808914044e-07
2.5426080523620346e-07
2.4450908097499756e-07
2.3513482105993616e-07
2.2612326867459659e-07
2.1746025012729552e-07
2.0913215150834107e-07
2.01125896372257e-07
1.934289242709514e-07
1.8602917014602733e-07
1.7891504457266353e-07
1.7207541476524358e-07
1.6549958644829134e-07
1.5917728635791954e-07
1.5309864546383198e-07
1.4725418292109965e-07
1.4163479060332247e-07
1.362317183027031e-07
1.3103655948180767e-07
1.2604123766289889e-07
1.212379933063551e-07
1.1661937124371023e-07
1.121782085949129e-07
1.0790762322919601e-07
1.0380100258562745e-07
9.985199301440414e-08
9.605448955617729e-08
9.240262606935367e-08
8.88907658236961e-08
8.551349237472039e-08
8.226560093766069e-08
7.914208998886431e-08
7.61381532322319e-08
7.324917189531432e-08
7.047070740480624e-08
6.77984941954351e-08
6.522843292023367e-08
6.275658395866683e-08
6.037916105925905e-08
5.809252534312907e-08
5.589317950354692e-08
5.3777762238611316e-08
5.174304287491854e-08
4.9785916315102907e-08
4.790339803635854e-08
4.609261943601273e-08
4.435082319674321e-08
4.267535893640144e-08
4.106367910603172e-08
3.951333490207519e-08
3.802197236602576e-08
3.658732871250272e-08
3.52072287824203e-08
3.387958158765861e-08
3.2602377007181464e-08
3.1373682660966925e-08
3.019164087067106e-08
2.9054465722483114e-08
2.796044031447645e-08
2.6907914000327495e-08
2.5895299829697267e-08
2.492107209909555e-08
2.3983763923513407e-08
2.3081964997715946e-08
2.2214319313885352e-08
2.1379523123718893e-08
2.057632287635387e-08
1.980351328083207e-08
1.9059935396943686e-08
1.83444748862639e-08
1.765606023827884e-08
1.6993661127161163e-08
1.6356286802542518e-08
1.5742984610471583e-08
1.5152838368113426e-08
1.4584967164946366e-08
1.4038523816715518e-08
1.3512693663377721e-08
1.3006693258354439e-08
1.2519769156714082e-08
1.2051196817455236e-08
1.1600279402770027e-08
1.116634676976433e-08
1.0748754439571863e-08
1.0346882567236971e-08
9.96013500670814e-09
9.587938410081239e-09
9.229741334674888e-09
8.885013397544644e-09
8.55324447340579e-09
8.233943914920647e-09
7.926639803178185e-09
7.630878201373489e-09
7.346222508836778e-09
7.072252725394176e-09
6.808564900444214e-09
6.5547704694784576e-09
6.310495645096763e-09
6.075380883791952e-09
5.8490803113229494e-09
5.631261208694084e-09
5.421603539522666e-09
5.219799424543857e-09
5.025552676431273e-09
4.8385783684637705e-09
4.658602382141248e-09
4.48536104271639e-09
4.3186006393011e-09
4.158077117382259e-09
4.0035556728932546e-09
3.854810415150449e-09
3.71162399708166e-09
3.5737873140089306e-09
3.441099195127371e-09
3.313366106476144e-09
3.1904017913914853e-09
3.0720270841838572e-09
2.958069589749145e-09
2.8483634019302658e-09
2.742748933123328e-09
2.6410726264664707e-09
2.543186695338066e-09
2.4489489664702488e-09
2.358222625956274e-09
2.2708760294108024e-09
2.1867824916129942e-09
2.1058201171537176e-09
2.027871611188455e-09
1.9528240912666725e-09
1.8805689503743885e-09
1.8110016442697617e-09
1.7440216131696369e-09
1.6795320341519597e-09
1.617439762102459e-09
1.5576551745146016e-09
1.5000919885090058e-09
1.4446671823684693e-09
1.3913008429488434e-09
1.3399160824546934e-09
1.290438893160321e-09
1.2427980559000445e-09
1.1969250157176914e-09
1.1527538181145014e-09
1.1102209579378475e-09
1.069265327939267e-09
1.0298280930801203e-09
9.918526653072935e-10
9.552845550572723e-10
9.200713181004003e-10
8.861624712299994e-10
8.535094419342362e-10
8.220654661048323e-10
7.917855251111193e-10
7.62626280370231e-10
7.345460592026769e-10
7.075047037530593e-10
6.814635763033653e-10
6.563854812088956e-10
6.322346055628525e-10
6.089765064399295e-10
5.865779982977289e-10
5.650071408642021e-10
5.442331866919651e-10
5.242265550945471e-10
5.04958764284263e-10
4.864023761998151e-10
4.685309961980093e-10
4.5131919737405673e-10
4.347425336902016e-10
4.187774412388672e-10
4.0340124348996834e-10
3.8859209504673247e-10
3.7432899324439157e-10
3.605917042862339e-10
3.473607634357046e-10
3.346174064050398e-10
3.2234356256022805e-10
3.1052186744881197e-10
2.991355752403873e-10
2.8816857431904497e-10
2.776053530026294e-10
2.674309706221178e-10
2.576310454632224e-10
2.4819172587314257e-10
2.390996932144283e-10
2.3034210600561735e-10
2.2190660558721255e-10
2.1378129525612308e-10
2.0595472350483664e-10
1.9841582942212186e-10
1.9115398995476834e-10
1.8415901182591543e-10
1.7742102245416613e-10
1.709305440130628e-10
1.6467843221628056e-10
1.586559074103779e-10
1.5285450152009757e-10
1.4726604591159627e-10
1.4188269643831495e-10
1.36696900591966e-10
1.3170137072312462e-10
1.2688909748096045e-10
1.2225333477544397e-10
1.1778758483094032e-10
1.1348555818496717e-10
1.093412390094359e-10
1.0534883604055748e-10
1.0150276253161767e-10
9.779760663182967e-11
9.422819871473271e-11
9.07895442183289e-11
8.747682332274874e-11
8.428542102842945e-11
8.121087275708088e-11
7.824887413674871e-11
7.539528773531493e-11
7.264614161379446e-11
6.999758438259801e-11
6.744593160192174e-11
6.498761658901278e-11
6.26192163786108e-11
6.033742640250193e-11
5.813907877477808e-11
5.6021087466123666e-11
5.398052844604933e-11
5.2014539744905836e-11
5.0120389462203584e-11
4.829544331580316e-11
4.6537174732423925e-11
4.484312579354448e-11
4.3210965987224345e-11
4.1638397107890256e-11
4.012323950687767e-11
3.866339526880354e-11
3.72568431976931e-11
3.59016128245433e-11
3.4595847348767776e-11
3.333771966058227e-11
3.2125488135333226e-11
3.095747821033428e-11
2.983206359411994e-11
2.8747690731509545e-11
2.7702865685461925e-11
2.6696129635915155e-11
2.572608197069207e-11
2.47913856383066e-11
2.3890759601283112e-11
2.3022949558364205e-11
2.2186759533740245e-11
2.138103518076297e-11
2.060466101217819e-11
1.9856555912734506e-11
1.9135679968097403e-11
1.8441065548524997e-11
1.7771725114478014e-11
1.7126756242335386e-11
1.650526639621278e-11
1.5906389510424527e-11
1.532930318184215e-11
1.477321474713398e-11
1.4237354172263539e-11
1.3720987670540313e-11
1.3223396215054128e-11
1.274389370313425e-11
1.2281830725547058e-11
1.1836574145267736e-11
1.140748903308934e-11
1.099401322077678e-11
1.05955601120676e-11
1.0211595117841954e-11
9.841582473067449e-12
9.484998357649289e-12
9.141371230153381e-12
8.810231371105477e-12
8.491114526091136e-12
8.183597897443245e-12
7.88723568901914e-12
7.601632505476502e-12
7.32640748402972e-12
7.06116605214773e-12
6.8055456789336786e-12
6.55920600431493e-12
6.321807546285637e-12
6.093001912068374e-12
5.8725166464641666e-12
5.660021145762179e-12
5.4552377997093095e-12
5.25788389643077e-12
5.067686304920287e-12
4.884374684819112e-12
4.707710317540111e-12
4.5374664333101464e-12
4.3733833728825316e-12
4.215244475670577e-12
4.0628437318942275e-12
3.915962593413353e-12
3.774403470393226e-12
3.6379713219502243e-12
3.506467424388725e-12
3.379749231526554e-12
3.257618812404504e-12
3.1399074407598782e-12
3.0264497023303044e-12
2.917098562901871e-12
2.8117082487363876e-12
2.7101385043136366e-12
2.6122381683990995e-12
2.517892874818949e-12
2.4269546191440788e-12
2.3393138415849493e-12
2.2548507202219736e-12
2.173442846223392e-12
2.094977163342225e-12
2.019345475233205e-12
1.9464547519741344e-12
1.8762023465089648e-12
1.8084910924270988e-12
1.7432225199547764e-12
1.680315360197321e-12
1.6196885395346548e-12
1.5612395785956888e-12
1.504899786247379e-12
1.4506132029886012e-12
1.3982803050395334e-12
1.3478455296232803e-12
1.2992259776526257e-12
1.2523741928078656e-12
1.2072109214504622e-12
1.1636806748741083e-12
1.1217191858656851e-12
1.0812864943528621e-12
1.0423090826513446e-12
1.0047423530072904e-12
9.685261873337084e-13
