16.72107536792443
14.194033978474431
12.4558088405211
11.037035941941076
9.851601395181463
8.84489900998769
7.979258321789724
7.227487621728877
6.569285815708418
5.989105781360533
5.474763255918616
5.016539919031278
4.60654588244249
4.238316398796393
3.906476849704749
3.6065195661410674
3.334638334418474
3.0875884125319484
2.86258370666269
2.657228148020531
2.469438160873179
2.2973968740019384
2.139518899120143
1.994406578762207
1.8608269801179198
1.737689607214693
1.6240296217376313
1.5189871214690593
1.421794873011973
1.3317696136078383
1.2482967270257213
1.1708213791773743
1.0988434908007052
1.0319114330112966
0.969618178216606
0.9115938295824195
0.8575032398748613
0.8070421889146192
0.7599317825443614
0.7159175513290303
0.6747681774409906
0.6362716592328217
0.6002343582618256
0.5664784510401988
0.5348401981042873
0.5051695463905548
0.47732860695197926
0.45118992033935335
0.426635920857527
0.4035586818431511
0.3818585713954655
0.361443407881828
0.34222823607799474
0.3241342594961623
0.3070885504668796
0.2910237775562193
0.2758770338911558
0.2615900920604105
0.24810891097768603
0.2353833625237566
0.22336666423213197
0.21201542233080276
0.20128892801611079
0.1911492216781276
0.18156101526533844
0.17249150343696162
0.16391001682855408
0.15578794060697113
0.14809850686206502
0.14081669361901233
0.1339190486899337
0.12738348723368745
0.12118945272165917
0.11531755553669709
0.1097496967282493
0.10446882992260624
0.0994589781226792
0.09470510637048962
0.09019308969156306
0.08590970419703496
0.0818424767002014
0.0779796769603865
0.07431030352788097
0.07082398410339626
0.06751094783011327
0.06436197085034169
0.06136838054150465
0.05852198918220711
0.055815062525183756
0.0532402938022621
0.05079080007352109
0.0484601070989992
0.046242072874697136
0.04413091540842135
0.04212118144165463
0.04020770333221166
0.03838558217680702
0.03665018295010301
0.03499714140490261
0.03342231380957407
0.03192178646814267
0.030491850398337773
0.02912899189242145
0.027829894050943382
0.026591406810341334
0.02541055014217443
0.024284494487814428
0.023210574308154465
0.022186260597069265
0.021209139456632404
0.020276933701680832
0.019387476066119028
0.018538706282377203
0.017728668130876653
0.016955507048658617
0.016217464740180543
0.015512867082615775
0.014840136001432974
0.014197762617666188
0.013584312560773172
0.012998422987696167
0.012438797987437834
0.011904206280014809
0.011393482007100367
0.010905512030961585
0.010439237502985612
0.009993651549295279
0.0095677968414128
0.00916076208716104
0.008771680393510093
0.008399726970423292
0.00804411635822249
0.007704101002287595
0.007378968147713043
0.007068040517748641
0.006770672702442295
0.006486250057637876
0.006214187516579283
0.0059539273984891995
0.005704938366563881
0.005466714051536898
0.00523877258973148
0.005020655729645312
0.004811924394908727
0.004612160487097378
0.004420964243064221
0.004237955132552635
0.004062770688140168
0.003895064137171105
0.0037345046758710644
0.003580777336209023
0.0034335808127440967
0.0032926277385124645
0.0031576443827840734
0.00302836905385783
0.002904552008919748
0.0027859548589549603
0.002672350163641182
0.002563520658038286
0.0024592588770527644
0.0023593667470837723
0.002263655105812682
0.00217194328352605
0.002084058709072464
0.0019998365070295126
0.0019191193258623895
0.0018417567750769678
0.0017676050202915113
0.0016965266387043909
0.0016283902931322545
0.0015630704905397897
0.0015004472798688427
0.0014404059231410582
0.0013828367309981133
0.0013276348357037753
0.0012746999701625855
0.0012239362580551054
0.0011752519461594069
0.001128559706099042
0.0010837758082887124
0.0010408199208172127
0.0009996152157236778
0.0009600882183075743
0.0009221686240176721
0.000885789171287746
0.0008508854559413246
0.0008173960145283674
0.0007852619045247963
0.0007544266543855723
0.0007248362892274038
0.0006964391605165576
0.0006691857448866475
0.0006430286436828346
0.0006179224860734617
0.000593823838059999
0.0005706911162843808
0.0005484845060995134
0.0005271658829048973
0.0005066987405788715
0.00048704812704654756
0.00046818055380843797
0.00045006394668273996
0.00043266758384700923
0.00041596203686073454
0.0003999191144245268
0.0003845118087077325
0.0003697142441061239
0.00035550162810232887
0.00034185020557169274
0.00032873721287091426
0.00031614083500584476
0.00030404016554174307
0.0002924151676269626
0.00028124663675443913
0.0002705161651735276
0.0002602061078747995
0.00025029955007418227
0.0002407802761275896
0.00023163273981050749
0.00022284203590043703
0.00021439387300271548
0.00020627454756355504
0.00019847091901652926
0.00019097038601126876
0.00018376086367591186
0.00017683076186654105
0.00017016896435948517
0.00016376480694404958
0.000157608069785977
0.00015168894053526314
0.00014599800630512894
0.00014052623713078444
0.00013526496990491215
0.0001302058930379144
0.0001253410317921234
0.00012066273425289522
0.00011616365790487471
0.00011183675678449375
0.00010767526918260623
0.00010367270587216674
9.982283883756959e-05
9.611969048350793e-05
9.255752330196753e-05
8.913082997755588e-05
8.583432391165042e-05
8.266293014716494e-05
7.961177667673677e-05
7.667618611716744e-05
7.385166712700352e-05
7.113391044233992e-05
6.851877621599522e-05
6.6002288249817e-05
6.358062846903115e-05
6.125013043196586e-05
5.9007273133819015e-05
5.684867507914806e-05
5.477108860658268e-05
5.2771394452762866e-05
5.0846596544159225e-05
4.8993817006498374e-05
4.72102913821423e-05
4.549336404613632e-05
4.384048381284667e-05
4.224919972427762e-05
4.0717157012902866e-05
3.924209323120425e-05
3.7821834541044786e-05
3.645429215578858e-05
3.5137458929143385e-05
3.3869406084160354e-05
3.2648280076443486e-05
3.147229958628855e-05
3.0339752633951014e-05
2.92489938129942e-05
2.8198441636771404e-05
2.718657599339493e-05
2.621193570437215e-05
2.5273116182916014e-05
2.4368767187412385e-05
2.349759066644451e-05
2.2658338691242646e-05
2.184981147209684e-05
2.1070855455141477e-05
2.0320361496290613e-05
1.9597263109084747e-05
1.8900534783140618e-05
1.822919037078328e-05
1.7582281538544233e-05
1.6958896281169375e-05
1.6358157495345133e-05
1.5779221610880928e-05
1.522127727682142e-05
1.4683544100277532e-05
1.4165271435850671e-05
1.366573722349755e-05
1.3184246872984362e-05
1.2720132192855229e-05
1.2272750362092179e-05
1.1841482943010768e-05
1.1425734933296112e-05
1.102493385589445e-05
1.063852888506106e-05
1.026599000714286e-05
9.906807214640011e-06
9.560489732323796e-06
9.226565273889416e-06
8.904579328162038e-06
8.59409447343121e-06
8.294689718893771e-06
8.005959872092878e-06
7.727514931365746e-06
7.458979502059204e-06
7.1999922358975885e-06
6.95020529230986e-06
6.709283820891197e-06
6.476905464209051e-06
6.2527598800684765e-06
6.036548282580391e-06
5.827983001005426e-06
5.6267870560476716e-06
5.432693752566838e-06
5.24544628817884e-06
5.0647973772945586e-06
4.8905088894018015e-06
4.722351501890539e-06
4.560104366062469e-06
4.403554786216099e-06
4.252497911095911e-06
4.106736437533983e-06
3.96608032519773e-06
3.830346522741132e-06
3.6993587042732823e-06
3.572947016198885e-06
3.450947833577774e-06
3.3332035261832276e-06
3.2195622333108164e-06
3.1098776473835695e-06
3.0040088058458763e-06
2.901819891038911e-06
2.803180037740383e-06
2.707963148035129e-06
2.6160477134155728e-06
2.527316643592557e-06
2.441657101825193e-06
2.3589603465511585e-06
2.2791215791200736e-06
2.2020397972725914e-06
2.1276176541944297e-06
2.0557613228887984e-06
1.9863803659380915e-06
1.9193876098023965e-06
1.8546990242870667e-06
1.7922336063480603e-06
1.7319132683105796e-06
1.67366273038175e-06
1.6174094172426287e-06
1.5630833584601122e-06
1.5106170926935522e-06
1.4599455755144372e-06
1.4110060907588756e-06
1.3637381650135329e-06
1.3180834855736171e-06
1.273985821307075e-06
1.2313909465512475e-06
1.190246567818152e-06
1.1505022532870686e-06
1.1121093649734166e-06
1.0750209932852308e-06
1.0391918941629498e-06
1.004578428517816e-06
9.711385039448287e-07
9.388315184798555e-07
9.076183066965686e-07
8.774610875688294e-07
8.483234143832711e-07
8.201701265038497e-07
7.929673028891855e-07
7.666822173695271e-07
7.412832954984187e-07
7.167400731473154e-07
6.930231564460338e-07
6.701041834190255e-07
6.479557867114916e-07
6.265515580970975e-07
6.058660139333011e-07
5.85874562074839e-07
5.665534699923498e-07
5.478798339878666e-07
5.298315495440842e-07
5.123872828635785e-07
4.955264433589729e-07
4.792291571191049e-07
4.634762414063429e-07
4.4824918008677603e-07
4.335300999644172e-07
4.1930174784257675e-07
4.055474686809975e-07
3.9225118423669006e-07
3.793973727259571e-07
3.6697104912288675e-07
3.549577461548174e-07
3.4334349601147283e-07
3.3211481276718216e-07
3.2125867531321575e-07
3.107625110469025e-07
3.006141800136987e-07
2.908019597874395e-07
2.813145306997929e-07
2.7214096174802643e-07
2.632706969340488e-07
2.546935421739907e-07
2.4639965256223034e-07
2.38379520159855e-07
2.3062396223776983e-07
2.2312410995167037e-07
2.1587139729312022e-07
2.0885755055130533e-07
2.0207457823233083e-07
1.955147610630297e-07
1.8917064267796106e-07
1.8303502038830395e-07
1.771009363856644e-07
1.7136166927003745e-07
1.6581072582891977e-07
1.6044183315116624e-07
1.5524893096628007e-07
1.5022616434720216e-07
1.453678765268085e-07
1.40668602152274e-07
1.3612306060190695e-07
1.317261496736911e-07
1.274729393537129e-07
1.2335866601210396e-07
1.1937872659064342e-07
1.1552867306973635e-07
1.1180420723785376e-07
1.082011754570724e-07
1.0471556375428694e-07
1.0134349299410518e-07
9.808121431526454e-08
9.492510466103686e-08
9.187166242408466e-08
8.891750334268457e-08
8.60593565296526e-08
8.329406051258888e-08
8.06185595940588e-08
7.802990022217272e-08
7.552522745923572e-08
7.310178169850976e-08
7.075689540562599e-08
6.848798996619681e-08
6.629257270924548e-08
6.416823392749246e-08
6.211264414499417e-08
6.012355134476749e-08
5.819877837367208e-08
5.633622040779346e-08
5.453384249463067e-08
5.2789677211379545e-08
5.11018223547471e-08
4.946843877641564e-08
4.7887748237848053e-08
4.635803140223317e-08
4.4877625748263714e-08
4.3444923775785805e-08
4.205837110777839e-08
4.071646469201739e-08
3.941775107279824e-08
3.816082479776325e-08
3.694432672709001e-08
3.57669425015356e-08
3.462740106011072e-08
3.3524473216706436e-08
3.245697019763034e-08
3.1423742329610935e-08
3.04236777137759e-08
2.9455700997996926e-08
2.85187721340119e-08
2.7611885219147927e-08
2.6734067317200354e-08
2.588437740188273e-08
2.5061905294513e-08
2.4265770572010723e-08
2.3495121729704423e-08
2.2749135012311846e-08
2.202701369422028e-08
2.132798704373493e-08
2.0651309498227473e-08
1.99962599036745e-08
1.9362140575410154e-08
1.8748276641868877e-08
1.8154015195372924e-08
1.7578724641066225e-08
1.702179395889106e-08
1.648263201584748e-08
1.5960666913069918e-08
1.5455345391354556e-08
1.49661321201523e-08
1.4492509255027003e-08
1.4033975710072756e-08
1.359004671243178e-08
1.3160253191805161e-08
1.2744141330594264e-08
1.2341272019920734e-08
1.1951220380686444e-08
1.1573575325078455e-08
1.120793903342103e-08
1.0853926640702528e-08
1.0511165673517606e-08
1.0179295771152446e-08
9.85796816540987e-09
9.54684539982735e-09
9.24560091706243e-09
8.953918692628917e-09
8.671492948359192e-09
8.398027754270442e-09
8.133236704214227e-09
7.87684265803882e-09
7.62857739139662e-09
7.388181360526828e-09
7.155403341757599e-09
6.9300002368244736e-09
6.711736754143377e-09
6.5003851649861766e-09
6.2957250849025565e-09
6.097543216795757e-09
5.905633120514807e-09
5.719794987579877e-09
5.539835420740976e-09
5.365567219020166e-09
5.19680925431457e-09
5.033386134716637e-09
4.87512813802364e-09
4.721870983069209e-09
4.5734556442648726e-09
4.429728191515453e-09
4.2905396417839655e-09
4.1557457822527425e-09
4.0252070051628266e-09
3.898788171209588e-09
3.776358485550723e-09
3.6577913178211837e-09
3.5429640847669607e-09
3.4317581086504534e-09
3.324058569465853e-09
3.2197542368188685e-09
3.118737493510848e-09
3.0209041142854963e-09
2.9261532136465566e-09
2.8343871630150505e-09
2.745511395242165e-09
2.6594343893885527e-09
2.576067540419952e-09
2.4953250421763454e-09
2.417123836357452e-09
2.3413835502756347e-09
2.2680263090024268e-09
2.1969767635681193e-09
2.128161935224689e-09
2.0615111971301347e-09
1.9969561159516873e-09
1.934430487901107e-09
1.873870198558985e-09
1.81521316117029e-09
1.758399264349108e-09
1.7033703356185686e-09
1.6500700063853565e-09
1.5984437388123145e-09
1.5484386749049012e-09
1.5000037107154552e-09
1.453089283701204e-09
1.407647451724265e-09
1.3636317843401007e-09
1.3209973052924917e-09
1.2797004938847096e-09
1.2396992063271785e-09
1.2009526112781042e-09
1.1634211814988287e-09
1.1270666193322615e-09
1.0918519123069579e-09
1.0577411447644913e-09
1.0246995577163534e-09
9.926935012670497e-10
9.616903898640676e-10
9.31658682006039e-10
9.025677950718397e-10
8.743881542355006e-10
8.470911043905907e-10
8.206488693448643e-10
7.950345870647838e-10
7.702222188615595e-10
7.461865866477551e-10
7.229032730710144e-10
7.003486239281586e-10
6.784997592863621e-10
6.573345262976664e-10
6.368314540297814e-10
6.169697472232771e-10
5.977292627674249e-10
5.790904967181558e-10
5.610345767826636e-10
5.435431986020064e-10
5.265986688463986e-10
5.101838205119937e-10
4.942820317493933e-10
4.788772197773448e-10
4.639537969452929e-10
4.4949668010533436e-10
4.354912399187195e-10
4.219233205208005e-10
4.08779201603207e-10
3.960456145203227e-10
3.837096899143905e-10
3.717589735797256e-10
3.601813954156834e-10
3.4896526434564553e-10
3.3809927609905656e-10
3.2757243986122706e-10
3.1737416658695346e-10
3.074941539096293e-10
2.979224375304505e-10
2.886493652676239e-10
2.796656052147079e-10
2.7096210770674743e-10
2.6253008857383543e-10
2.5436106671172163e-10
2.4644680285441906e-10
2.38779348546726e-10
2.3135096630580075e-10
2.2415418605141635e-10
2.1718178187783315e-10
2.1042674093133182e-10
2.0388223646113773e-10
1.9754169552994262e-10
1.913987664795374e-10
1.854472650099853e-10
1.7968121982703615e-10
1.7409482932663887e-10
1.6868246431384846e-10
1.6343871475749747e-10
1.5835831207607005e-10
1.534361319039523e-10
1.4866725754835592e-10
1.4404687603688803e-10
1.3957037628592984e-10
1.352332542770238e-10
1.3103117309616402e-10
1.2695989221914512e-10
1.2301538286128567e-10
1.1919364164269874e-10
1.1549086153820355e-10
1.1190330553384139e-10
1.0842741135003323e-10
1.0505967030369644e-10
1.0179671647001999e-10
9.86352846522892e-11
9.557221522292654e-11
9.260443832098612e-11
8.972897385070083e-11
8.694295657980557e-11
8.424358257193777e-11
8.162817093372642e-11
7.909407108028571e-11
7.663878685802696e-11
7.425984347797292e-11
7.195486366187788e-11
6.97215445433768e-11
6.75576677563288e-11
6.546105010953781e-11
6.34296036377141e-11
6.146130011970573e-11
5.95541801834012e-11
5.7706319220131296e-11
5.5915883206935645e-11
5.418108251386762e-11
5.2500178406344255e-11
5.0871500893922496e-11
4.9293440199518355e-11
4.776440146802445e-11
4.628286227329038e-11
4.484734300664575e-11
4.345640821331616e-11
4.210866303287058e-11
4.080279190966753e-11
3.9537479621715726e-11
3.831145207901842e-11
3.7123494523167534e-11
3.597242683752501e-11
3.4857097296618464e-11
3.377640338556116e-11
3.2729263842449366e-11
3.171461159536822e-11
3.073146835666403e-11
2.977883383519188e-11
2.8855784651554142e-11
2.7961381210796738e-11
2.7094737620990976e-11
2.6254990070416763e-11
2.544129912359534e-11
2.4652854815181156e-11
2.3888889467398873e-11
2.3148624476475187e-11
2.243131264991976e-11
2.1736255361577707e-11
2.1062761705433036e-11
2.041016802228661e-11
1.9777816607096352e-11
1.916507876584909e-11
1.8571352462453996e-11
1.7996041048759048e-11
1.7438561244069633e-11
1.6898366254091484e-11
1.6374947754983762e-11
1.5867754012129197e-11
1.537627621924028e-11
1.49000427711771e-11
1.4438581120164032e-11
1.3991419776948409e-11
1.3558115834845306e-11
1.3138243883560012e-11
1.273140225224829e-11
1.2337177767832793e-11
1.1955174213810321e-11
1.1584992634824793e-11
1.1226293913023288e-11
1.0878699850591319e-11
1.054189515062053e-11
1.0215525765924734e-11
9.899282083266288e-12
9.592826363447827e-12
9.2958679938797e-12
9.008110403284606e-12
8.729280952161171e-12
8.459074252960674e-12
8.197243528406452e-12
7.943520054554489e-12
7.697659881965142e-12
7.459413392168281e-12
7.228554435662226e-12
7.004851997570175e-12
6.788081769520452e-12
6.578023405995923e-12
6.374471859997829e-12
6.177232066507925e-12
5.986080316901142e-12
5.800853269869144e-12
5.621365200553099e-12
5.4474425503484336e-12
5.2789051727264155e-12
5.115576245575006e-12
4.957311602094947e-12
4.803946825863188e-12
4.655330882705902e-12
4.5113106271958685e-12
4.3717525180562724e-12
4.236522850855819e-12
4.105483425233837e-12
3.978479429773879e-12
3.85542258265201e-12
3.736178300333855e-12
3.6206272968163403e-12
3.5086467790788084e-12
3.4001382899133987e-12
3.2949767440137556e-12
3.1930761070240164e-12
3.0943346685375275e-12
2.9986423601984527e-12
2.9059112790575665e-12
2.81605927004408e-12
2.7289856205048146e-12
2.644603283536592e-12
2.56282766206108e-12
2.4835980665753542e-12
2.406811952516276e-12
2.3324069567146402e-12
2.260304819798357e-12
2.1904355865439286e-12
2.122724188852413e-12
2.057099575995986e-12
1.9935071838797835e-12
1.9318938485022533e-12
1.872190084981234e-12
1.814332986350119e-12
1.7582530921534603e-12
1.7039208871223684e-12
1.6512709469135497e-12
1.6002378302180894e-12
1.5507761086681431e-12
1.5028478844673125e-12
1.45641249160256e-12
1.4114185640031661e-12
1.3678102062382219e-12
1.3255512614586267e-12
1.2846061103778648e-12
1.244928636672116e-12
1.206488219603439e-12
1.1692265548042263e-12
1.1331148126385689e-12
1.0981194696800516e-12
1.0641990092563177e-12
1.0313315312954972e-12
9.994826507365567e-13
9.686258693666956e-13
9.387328400797542e-13
9.09759086254472e-13
8.816719715446453e-13
8.544544439915877e-13
8.28092589815535e-13
8.025358290510243e-13
7.777794715754757e-13
7.53780031972592e-13
7.305261073086676e-13
7.079876831883735e-13
6.861549944056726e-13
6.649927290882595e-13
6.444836307999349e-13
6.246121406255062e-13
6.053467716289657e-13
5.866876554251108e-13
5.6860032619765e-13
5.510663920797187e-13
5.340960662791569e-13
5.176468694125073e-13
5.017081265466621e-13
4.862636184391912e-13
4.712908201414055e-13
4.568009064356206e-13
4.4274872267242955e-13
4.291271672267311e-13
4.1592136387489564e-13
4.0314712053747405e-13
3.907500385802383e-13
3.7874357345523516e-13
3.671087028310622e-13
3.558388754425732e-13
3.4492974609795745e-13
3.34358925373227e-13
3.240932480097489e-13
3.141585175509569e-13
3.045309578586379e-13
2.9520319566341716e-13
2.8616366935700543e-13
2.774055753773404e-13
2.6893429868198357e-13
2.607240094293075e-13
2.527668308280793e-13
2.4505780315127143e-13
2.3758912683640725e-13
2.3035718399379503e-13
2.2336084618366487e-13
2.1657518891791186e-13
2.0999118945570443e-13
2.0362136348179548e-13
1.9745216972884918e-13
1.9147605521412453e-13
1.8569075747536892e-13
1.8009155457737442e-13
1.74669658659142e-13
1.694182284954393e-13
1.6433386182901402e-13
1.5942365846482744e-13
1.546506021739271e-13
1.5003611146099278e-13
1.4556476797303268e-13
1.4123386819410712e-13
1.3703882285233302e-13
1.3298186833108785e-13
1.2905844664778026e-13
1.252517950932389e-13
1.215853377399908e-13
1.1802935426746793e-13
1.145836912819268e-13
1.1125514355247056e-13
1.0804790860197047e-13
1.0495588056718632e-13
1.0195856945819938e-13
9.905059277144773e-14
9.624579104093061e-14
9.353083651483971e-14
9.091063865457451e-14
8.83699491343204e-14
8.591208758825102e-14
8.354324662523497e-14
8.1253130803047e-14
7.904308058517803e-14
7.691633585632123e-14
7.485815907722375e-14
7.287340778794134e-14
7.096315459889775e-14
6.911142519232461e-14
6.732476392923064e-14
6.559293270816598e-14
6.39301959272812e-14
6.233826712086414e-14
6.078851444460995e-14
5.929991526033053e-14
5.787306695937651e-14
5.649461146971455e-14
5.517441187582874e-14
5.39131396932827e-14
5.2694036602982254e-14
5.1529172907907216e-14
5.040785648315197e-14
4.9345001678748213e-14
4.8316067435633255e-14
4.7318877444240097e-14
4.637640108295485e-14
4.546037586592376e-14
4.458834016879678e-14
4.375419728832648e-14
4.295242693654175e-14
4.21963978551255e-14
4.1465505610887145e-14
4.076787104704827e-14
4.008582413972766e-14
3.943670144929111e-14
3.882048561587973e-14
3.823176384466691e-14
3.767091809931255e-14
3.712706052596609e-14
3.662033844311613e-14
3.6127198595308896e-14
3.5670828885199556e-14
3.52420095422461e-14
3.48249547692241e-14
3.4426041229332074e-14
3.405685759150581e-14
3.3692996897482057e-14
3.33600925900618e-14
3.30271991694451e-14
3.272397083163011e-14
3.24323418118131e-14
3.215637021251164e-14
3.1916778318203225e-14
3.16772631970388e-14
3.145047758331008e-14
3.1237437780105176e-14
3.1037694489490386e-14
3.084274585125282e-14
3.0676919400815494e-14
3.050364120263964e-14
3.0340446054419546e-14
3.018697976227979e-14
3.004746245532565e-14
2.990678858892961e-14
2.9771242925741436e-14
2.964937836543617e-14
2.9541830356986846e-14
2.944121495761745e-14
2.9335068614648474e-14
2.9223698367554855e-14
2.9121199752133667e-14
2.903558301549574e-14
2.895267268734302e-14
2.8874748592706764e-14
2.880915145671874e-14
2.874865538598315e-14
2.8697567269440456e-14
2.8636894584672574e-14
2.859184526095248e-14
2.854557157719702e-14
2.8501522230949066e-14
2.845531179841753e-14
2.842203945370002e-14
2.837856768695425e-14
2.8337412745871518e-14
2.8302249023679117e-14
2.826724792740356e-14
2.8228919321439298e-14
2.8194340313889826e-14
2.8164404716744086e-14
2.8139918177439824e-14
2.8115020978307488e-14
2.8090407617260027e-14
2.806508992681731e-14
2.80457267567605e-14
2.8023202239628242e-14
2.8005724479434966e-14
2.7984952951553315e-14
2.7976344156485606e-14
2.796483231717484e-14
2.7954196649753377e-14
2.7942065483811056e-14
2.7931519673186973e-14
2.791563797118374e-14
2.7901043783070677e-14
2.7889270495775956e-14
2.788170132931048e-14
2.787407801714604e-14
2.78672342856662e-14
2.7858318199736038e-14
2.7861093536600754e-14
2.7870598866032263e-14
2.787774898488858e-14
2.7881214238015654e-14
2.788340559618029e-14
2.7881853078150438e-14
2.7879072899723656e-14
2.7881143920455106e-14
2.7888127698429865e-14
2.789087449811386e-14
