16.72107536792443
14.15409944620996
11.058514012820615
7.4476509563633995
5.176549320573054
4.417068615780598
3.171192071439035
2.749473792505332
2.0294383113999537
1.7752967326456104
1.3379660247437755
1.1780502436760285
0.9027876034949351
0.7990577587494804
0.7057674835670327
0.5539641332145793
0.43627503833461306
0.3892918044481558
0.3088501243325947
0.27657155825190444
0.22115072434836291
0.20899674628309178
0.16848716480138298
0.1515789456586437
0.1227667512206232
0.11076630534982738
0.09008790387775271
0.08147054476157864
0.06651888461901569
0.060272867055417026
0.04938952706944531
0.044825742794005925
0.03685479628492336
0.033496583274273115
0.027625886143008843
0.025139161677773064
0.02079311825860398
0.018941519602069978
0.015709509733099866
0.014323903788857428
0.011910208737151855
0.010868563610830244
0.009059043903567402
0.008272652446233198
0.007574211109219783
0.00631342003109353
0.0057852669362271165
0.00483179821248974
0.004430877213757775
0.003707615148851014
0.0034022817636404344
0.002852096143791046
0.0026188545134181273
0.0021991975529341476
0.0020205174499618034
0.0016996054953727932
0.001562358994155691
0.0013163737597678673
0.001210686477191642
0.0010217071046511829
0.0009401282917295692
0.0007946384781768876
0.0007315227298245172
0.0006192811657949046
0.0005703381264458083
0.0004835695289306093
0.0004455315665208321
0.0004112165049855186
0.0003487177820855795
0.0003220324338757575
0.0002734619192859715
0.0002526642194507681
0.0002148364838119246
0.00019859555309986108
0.00016907762465455728
0.0001563713208007001
0.00013329520148961144
0.0001233361046787535
0.00010526353318055908
9.74436921467358e-05
8.326485911617586e-05
7.711395766924748e-05
6.597075757102298e-05
6.112426149830826e-05
5.235194726035656e-05
4.85267342236138e-05
4.1609311265905155e-05
3.8585122181580795e-05
3.312140876507935e-05
3.0726581460645166e-05
2.6404104161295034e-05
2.4504612401537045e-05
2.107956685256045e-05
1.957058489007931e-05
1.6852418803980672e-05
1.5651817105719485e-05
1.3491346873516544e-05
1.3242379736478429e-05
1.2314189940788635e-05
1.061510281795754e-05
1.024079667306306e-05
1.0063490399545052e-05
8.676082520439744e-06
8.526287854510132e-06
7.3568019669574455e-06
6.353724590028139e-06
5.916689844829001e-06
5.8151640776688704e-06
5.024853423727664e-06
4.682701329205388e-06
4.3650125694698635e-06
3.775053310489756e-06
3.7111557302536943e-06
3.6484705797328787e-06
3.1571339026075612e-06
2.944885656599623e-06
2.8954198847601854e-06
2.507285623431946e-06
2.172510897275414e-06
1.8836107993004254e-06
1.6364064939625467e-06
1.6071384564454313e-06
1.398207381266536e-06
1.3718963293951748e-06
1.2796472194058496e-06
1.2582336177124176e-06
1.2373479214282589e-06
1.0743393127165313e-06
1.0564891976514031e-06
1.0390341521520135e-06
9.025700683536822e-07
8.876552678842387e-07
7.714355927295914e-07
7.207691404725409e-07
6.73594177042974e-07
6.625803702339907e-07
6.193062184316782e-07
5.789007341451093e-07
5.694626203303239e-07
4.952930240568207e-07
4.309351590780536e-07
4.239389885207594e-07
3.689610687283696e-07
3.4507316192236333e-07
3.339058603362442e-07
3.285044306619289e-07
2.8604628699878395e-07
2.491561453178915e-07
2.331014700562731e-07
2.0310972716898666e-07
1.9005631266966413e-07
1.8700329091005375e-07
1.6300132753149355e-07
1.603874888614889e-07
1.5781601573434635e-07
1.3759959228874304e-07
1.353971235094773e-07
1.1808115867587238e-07
1.1053736326286188e-07
1.0877200279285512e-07
1.0529881389287025e-07
1.0361789801167436e-07
9.039956788558811e-08
7.888635877461925e-08
7.637496470953161e-08
7.515943928960221e-08
6.560017001704061e-08
6.45575632453273e-08
6.35316690848432e-08
5.546434021664296e-08
5.1944978102518825e-08
5.112098869973972e-08
5.0310167957186646e-08
4.39329444489367e-08
4.3236978228381415e-08
4.049896509763546e-08
3.793531590812697e-08
3.673489016797367e-08
3.441112512442276e-08
3.006153109122108e-08
2.958660972663953e-08
2.5851186357035578e-08
2.5443195575357483e-08
2.5041683018512803e-08
2.188332141424738e-08
1.9126324224791337e-08
1.8825033311066162e-08
1.8528518714688617e-08
1.619591365974054e-08
1.594104635331491e-08
1.3936490659127227e-08
1.2184834428800232e-08
1.1993385668141393e-08
1.18049664173406e-08
1.106357109193313e-08
1.0716137473049464e-08
9.371113603513696e-09
9.224076740691304e-09
8.067422314321874e-09
7.561664399756307e-09
7.443138206498501e-09
7.326477706533637e-09
6.867363657832557e-09
6.65220186914926e-09
6.547989753463702e-09
5.728010649313658e-09
5.3695037342989656e-09
5.285463111562458e-09
4.6241872804535525e-09
4.046164617792328e-09
3.9829041949339175e-09
3.858388715136506e-09
3.6172392305154277e-09
3.5607130891456772e-09
3.1159374373933195e-09
3.0672721678207135e-09
2.8757474571924774e-09
2.830845308701067e-09
2.4775141169839128e-09
2.4388505063016127e-09
2.400792171523974e-09
2.363329475206973e-09
2.0685446309836763e-09
2.0362822127862827e-09
2.004524408984307e-09
1.9732632610437327e-09
1.727268758333101e-09
1.7003441807936491e-09
1.6473455380175658e-09
1.5446835335524358e-09
1.3522575867139628e-09
1.3101373191604688e-09
1.2897310402401648e-09
1.2696433867271155e-09
1.2498693724113399e-09
1.172036026543059e-09
1.1355414602189194e-09
1.1178612766537984e-09
1.100457025553139e-09
9.634852683433253e-10
8.436411746040389e-10
7.387044907444361e-10
7.157319734799602e-10
7.046012506991736e-10
6.170118708394545e-10
5.786596650584895e-10
5.696648745276928e-10
5.608101899572059e-10
5.520934166277387e-10
5.435124111818063e-10
4.75978592973058e-10
4.464119599570418e-10
3.9096695798230543e-10
3.8489478364574814e-10
3.609953442163172e-10
3.5538942845691245e-10
3.498707278223628e-10
3.444378881714907e-10
3.390895679758185e-10
2.9699553655422473e-10
2.6014914892112943e-10
2.5611152541518095e-10
2.402177436210729e-10
2.3649023835076105e-10
2.3282065624202857e-10
2.2920810518730726e-10
2.0077609797870753e-10
1.758831682439468e-10
1.5407488827290402e-10
1.3498501870044972e-10
1.2661504152789105e-10
1.2269039930218027e-10
1.2078863457866684e-10
1.1891638503347888e-10
1.1707318645855696e-10
1.0256636082728378e-10
8.986326183747029e-11
8.847089142179433e-11
7.75122014611642e-11
7.271226776332343e-11
7.158595396598764e-11
7.047713291758109e-11
6.938551084999672e-11
6.079351677259931e-11
5.702984369504397e-11
5.614672870124732e-11
4.919593993067853e-11
4.767294989336385e-11
4.619708596849863e-11
4.548191378549099e-11
4.40739073457364e-11
4.339163812723562e-11
4.271994263488865e-11
4.2058665509916277e-11
4.140762810437262e-11
4.076667555860311e-11
3.57214919559044e-11
3.130288249700251e-11
2.742993162633931e-11
2.4039080653118787e-11
2.3667062656581233e-11
2.073913561855814e-11
1.817771431855781e-11
1.705199651422345e-11
1.4945393789093166e-11
1.3096896673648477e-11
1.148248112802668e-11
1.130374631083737e-11
1.112844887080495e-11
1.0956152486465056e-11
1.0786652669402297e-11
9.453178879380785e-12
8.287125379412776e-12
8.030127287458468e-12
7.905950956432801e-12
7.783732939963568e-12
7.543111542630042e-12
7.309966596361848e-12
6.858235882137368e-12
6.434480049006301e-12
6.036880541710813e-12
5.66388636728315e-12
4.96426430128275e-12
4.351291565462742e-12
3.813908164800563e-12
3.343118476873104e-12
3.291473053009003e-12
3.240635187410119e-12
3.0404694167300017e-12
2.9935225465892805e-12
2.6239404230494896e-12
2.5834298472699586e-12
2.2645639915885996e-12
1.9851099726814307e-12
1.954454148757e-12
1.7132827500436286e-12
1.686824306037415e-12
1.6607887101966486e-12
1.635153675789685e-12
1.4334447383261294e-12
1.2566647425569248e-12
1.101724831626221e-12
1.08467947346629e-12
1.067919774606111e-12
1.0349312254124396e-12
1.018966401820221e-12
1.003248329507458e-12
8.795844030091138e-13
8.524434116051312e-13
7.473723647226503e-13
6.553407619476539e-13
6.149054931877387e-13
6.054244826521381e-13
5.960972264247115e-13
5.869321389064936e-13
5.778921864041948e-13
5.600842625035144e-13
5.428309187229425e-13
5.261107625306683e-13
5.180163166299722e-13
4.861412319788461e-13
4.562426109456034e-13
4.281811705178294e-13
4.216075635959386e-13
3.698279137815268e-13
3.2447551731585954e-13
3.1946297392853184e-13
2.8038318861472996e-13
2.7165858819041063e-13
2.3849724852615996e-13
2.238234522694497e-13
2.101554288413036e-13
1.8469879226812822e-13
1.6242585371715923e-13
1.4298813983010487e-13
1.2623315974923053e-13
1.2397685141151605e-13
1.219589920430441e-13
1.2005760541039451e-13
1.1635991642328972e-13
1.146288694684954e-13
1.0126081469476772e-13
9.513835888793175e-14
8.956123051465046e-14
8.698111620978708e-14
7.72999515766315e-14
7.274081482921742e-14
7.070959898710046e-14
6.971409320623335e-14
6.874881733300275e-14
6.780861174389245e-14
6.594716068921984e-14
5.916379740919554e-14
5.827229553733115e-14
5.747629378411916e-14
5.6716487612579736e-14
5.598866121724262e-14
5.448968907052352e-14
5.3100116876719266e-14
5.244795308235114e-14
5.1797988186969116e-14
5.051141785706434e-14
4.5988089035396705e-14
4.354342358561024e-14
4.304561657136622e-14
4.202948642933389e-14
3.891045343855866e-14
3.836975579081972e-14
3.792352242337538e-14
3.540746734242456e-14
3.3414270431945056e-14
3.211165176838245e-14
3.2066280072105216e-14
3.417486857954549e-14
4.026356940754235e-14
3.329603556220984e-14
2.956878368557681e-14
2.7572619246218024e-14
2.6491161476555838e-14
2.5890023222222918e-14
2.6633958352192328e-14
2.8212589053894508e-14
2.6098530332941194e-14
2.498676718928793e-14
2.6696770508936784e-14
2.4849206558037378e-14
2.6148980697194373e-14
2.461082997919429e-14
2.3811588589260722e-14
2.3402563982485473e-14
2.2774233694962254e-14
2.281833098090996e-14
2.2822537443978224e-14
2.2563667949899942e-14
2.3189096690430198e-14
2.2967231091977287e-14
2.3613544812649254e-14
2.413558619548543e-14
2.5505723684929178e-14
2.3606098592679552e-14
2.5162638985555965e-14
2.3539046784510414e-14
2.2767858362537647e-14
2.237231159640345e-14
2.2175514518476286e-14
2.318189589343401e-14
2.416376077828454e-14
2.624267978857611e-14
3.059516445922505e-14
3.890469904885747e-14
3.043064511430005e-14
3.906702181827343e-14
5.508978470275516e-14
4.0054383864463874e-14
3.154974783500772e-14
4.072735735163257e-14
5.885457589081219e-14
4.2452379402159345e-14
2.5011468548761572e-14
2.323301222578232e-14
2.2454096199373906e-14
2.4219301909872748e-14
2.7288344751540052e-14
3.453347272260975e-14
2.7809228885968692e-14
3.545605416166175e-14
5.0695971765291364e-14
3.708277407280271e-14
2.3946311112568766e-14
2.265112222783327e-14
2.207259659313759e-14
2.127004937032094e-14
2.114638839256987e-14
2.1132695724232385e-14
2.1148171487224708e-14
2.1180353692728006e-14
2.124378738633821e-14
2.1297586350913582e-14
2.1353189651766247e-14
2.225262976239934e-14
2.2796756207827048e-14
2.2361290132196878e-14
2.318395927756948e-14
2.4402766462462435e-14
2.3168766934818688e-14
2.2448140981990872e-14
2.2076377586281073e-14
2.191649782004025e-14
2.3033035644654298e-14
2.411840393058065e-14
2.3019585614105768e-14
2.4803136679941538e-14
2.7721556355659695e-14
3.3242059092306123e-14
2.7163422961692066e-14
3.2845538863056645e-14
2.7535296689900163e-14
3.4385497082301526e-14
2.7801970386659842e-14
3.443016191282671e-14
4.688536903155934e-14
6.90820349702483e-14
4.913455334355975e-14
2.660680752575234e-14
2.2429394551607887e-14
2.1860833548346122e-14
2.26134469649856e-14
2.2049249673262728e-14
2.291414356168275e-14
2.2033135033786116e-14
2.2896451596187568e-14
2.221188495193193e-14
2.3338836839915355e-14
2.5206344177450726e-14
2.871193853621481e-14
2.4861520318593945e-14
2.848259712509365e-14
3.573402325520846e-14
2.862035401037131e-14
2.517462965237414e-14
2.3486045227034145e-14
2.5856341519735516e-14
3.059543592486954e-14
2.6056176203974394e-14
3.11530090243242e-14
4.106324293202554e-14
3.189064612385887e-14
4.238227291164926e-14
6.20577300546858e-14
9.610054185825156e-14
1.546103228090807e-13
2.5372815756553536e-13
1.677183707268296e-13
1.1316784103857504e-13
1.7888375537036119e-13
2.986024742602608e-13
1.9733172637925462e-13
1.3317282439325945e-13
9.287953910965056e-14
1.39289727526999e-13
2.3272566220820066e-13
1.549066816173822e-13
2.517160299291482e-13
4.262161280813218e-13
2.800577233023312e-13
1.8734219493805413e-13
1.290007222046294e-13
1.9776530212826384e-13
3.358364589888335e-13
2.2199106293472285e-13
3.65898076065192e-13
6.268105499370328e-13
4.1001313516628603e-13
6.885328258130466e-13
4.4746212102546043e-13
7.620761539599293e-13
4.966811200350622e-13
3.281727402279141e-13
2.214669313682232e-13
3.524074737892676e-13
6.073042482292098e-13
3.980196937689158e-13
2.6567273773175485e-13
1.0613478293111115e-13
8.476335243759691e-14
7.163345725910623e-14
7.178762948565196e-14
1.0627743676337565e-13
1.685667760434001e-13
2.890627902250089e-13
4.947478291766223e-13
8.589325677884465e-13
5.576294987474699e-13
3.675028379703316e-13
2.4802533111958414e-13
3.956917434404769e-13
6.909258406543063e-13
4.51320077410054e-13
3.0043714851472234e-13
2.0613334818668403e-13
1.478955358802989e-13
2.1083029186520585e-13
3.638907906794699e-13
6.227325234553893e-13
1.0918263756725842e-12
7.075233392722022e-13
4.657791452556383e-13
7.792072533839557e-13
1.3735176876863918e-12
8.908302704179477e-13
5.877286748300795e-13
9.794923472285132e-13
1.731656702936847e-12
1.1226381754460231e-12
7.407082523304315e-13
1.2351296249544382e-12
2.1890385047043665e-12
1.41811599830932e-12
9.352078158071119e-13
6.345286530370115e-13
1.0041340619072138e-12
1.7800755164804045e-12
1.1580803767814963e-12
7.691773348253881e-13
1.2689277860988217e-12
2.2546375615598095e-12
1.4614688070418856e-12
9.652445985728328e-13
6.569449880476907e-13
1.0353924676152648e-12
1.8386879589081432e-12
1.1962069484612472e-12
7.949711776118176e-13
1.3117598809111552e-12
8.445885322044768e-13
1.487632610613446e-12
9.659228389660957e-13
6.387403245685586e-13
1.0656106183521226e-12
1.893684702176347e-12
1.2263764246791456e-12
8.086735122656272e-13
1.355177466193869e-12
2.416484914366365e-12
1.5625985017866154e-12
1.028867150039614e-12
1.7281533562776045e-12
3.0888305810476643e-12
1.995278118380677e-12
1.3125862492675098e-12
8.890273230161252e-13
1.4159056365498242e-12
2.5305496310229966e-12
1.641723721655465e-12
1.0878185662305802e-12
1.8071129475765703e-12
3.2364166653200285e-12
2.091947088793541e-12
1.3784179545084721e-12
9.3676085595809e-13
1.483842029769627e-12
2.6552486634192703e-12
1.7228053069843578e-12
1.1424837434140907e-12
1.8962118047744702e-12
3.400984553530454e-12
2.197619308667754e-12
1.448091503418958e-12
9.846712810108667e-13
1.5588160190466755e-12
2.793098500745511e-12
1.81161530869767e-12
1.2013081197889778e-12
8.25261327335549e-13
5.970420752767463e-13
4.608879308930753e-13
3.1550683636747895e-13
2.9030441155015054e-13
2.7061756613080693e-13
1.9811754633295183e-13
1.7071284949693016e-13
1.6278769607340838e-13
1.2200559784156548e-13
9.812941942437424e-14
8.170432261647301e-14
6.704366453630357e-14
7.240505724332539e-14
5.10856381105784e-14
4.550501499306952e-14
4.346934409128955e-14
4.021457602967047e-14
3.538290091291737e-14
3.239337990479078e-14
2.9791384613651707e-14
2.8273505189679244e-14
2.761081586231838e-14
2.721748033998913e-14
2.6934671676203875e-14
2.6706391248738354e-14
2.65362638490035e-14
2.632476343027895e-14
2.6176092071591006e-14
2.5989690481539535e-14
2.585540238529713e-14
2.5714950940718226e-14
2.558020206966053e-14
2.5475466810889213e-14
2.5382786933041462e-14
2.5262973468327896e-14
2.5172833087093134e-14
2.508707282536278e-14
2.4995171763559352e-14
2.4925420972337373e-14
2.4859068238033702e-14
2.4794115042055527e-14
2.4744004844792733e-14
2.4688852542438683e-14
2.4639282199265797e-14
2.4594289440400997e-14
2.455642940803776e-14
2.4509086734882506e-14
2.4468169259809323e-14
2.4428230627265835e-14
2.4392024781651445e-14
2.43567587663542e-14
2.4331254648416625e-14
2.4302536269343214e-14
2.4275937534168006e-14
2.4252454904815312e-14
2.421674165072597e-14
2.418954532443589e-14
2.4164394566374756e-14
2.4139463032532473e-14
2.4115215053443577e-14
2.409608026533847e-14
2.4080056546521544e-14
2.409874106660501e-14
2.4283646891029293e-14
2.3887291957643743e-14
2.360824088000328e-14
2.3461570258705697e-14
2.3397783288463132e-14
2.33757856563932e-14
2.3095336359126978e-14
2.370486878115366e-14
2.4123027981463204e-14
2.3524324355263415e-14
2.422687504933254e-14
2.3333909272160985e-14
2.2299949294089936e-14
2.312491775852296e-14
2.3797237353929658e-14
2.4892282127567938e-14
2.335663867636833e-14
2.1795108277985192e-14
2.150905540402353e-14
2.1506252326283464e-14
2.1561134263302256e-14
2.162318165371136e-14
2.1653970958448556e-14
2.165602878956479e-14
2.1681033200630018e-14
2.1720123436917776e-14
2.1748832360554333e-14
2.1786872531458964e-14
2.1823798104861667e-14
2.1855914475298453e-14
2.188859072549841e-14
2.1921765770668902e-14
2.195126818303781e-14
2.2005861029860682e-14
2.2007189636877253e-14
2.2029787191794262e-14
2.2791312764423352e-14
2.2389214170985556e-14
2.2232613520765094e-14
2.3011349036508036e-14
2.3563169337248952e-14
2.448620974510824e-14
2.648582392971824e-14
3.039432957209653e-14
2.593605873986478e-14
2.1722148904730375e-14
2.324844638286153e-14
2.1233588193807895e-14
2.1109174981464105e-14
2.107351903171856e-14
2.1103402459747368e-14
2.2343523359049097e-14
2.3184020542836568e-14
2.4330639043806065e-14
2.2830505731389188e-14
2.4232702369609283e-14
2.2948066638375916e-14
2.4681730962299624e-14
2.7737858868204104e-14
3.34031588701667e-14
4.439826714966728e-14
3.4043307224161456e-14
4.594895174387251e-14
3.444485504415506e-14
4.6723421454442975e-14
2.5737264356553138e-14
2.318741971645913e-14
2.2206534288070312e-14
2.179541391256317e-14
2.1263844539944626e-14
2.1129995746167347e-14
2.117451455909023e-14
2.1150020521607054e-14
2.1160207943537557e-14
2.1203496733229193e-14
2.1263613365287187e-14
2.130282927388107e-14
2.1366041954506323e-14
2.1410811589319504e-14
2.146309760105316e-14
2.150282869757864e-14
2.154558800151758e-14
2.158688269466958e-14
2.1628295821457167e-14
2.1657207116292383e-14
2.1731697092832186e-14
2.1856450413637038e-14
2.1913650355920495e-14
2.1956783518506567e-14
2.1999956332095806e-14
2.267389893807774e-14
2.313337992165536e-14
2.3743208314393494e-14
2.2484855206730677e-14
2.1814782478912345e-14
2.1645964580121247e-14
2.1615081504599554e-14
2.167222176436772e-14
2.2681019010564492e-14
2.2342439295924172e-14
2.309899156739436e-14
2.3701448070326758e-14
2.4878069933138167e-14
2.3267639633945758e-14
2.4601803567626595e-14
2.721952212631547e-14
2.4364052979100398e-14
2.7308234927912242e-14
2.4378415582895215e-14
2.7619306870564515e-14
3.384104354755616e-14
2.7834122041629262e-14
3.482051005600573e-14
2.301671403154795e-14
2.1988025917965798e-14
2.1049464901428306e-14
2.1045610321180137e-14
2.085926378457264e-14
2.193903511292918e-14
2.282097401872782e-14
2.379519983329758e-14
2.250670637146062e-14
2.396688680924746e-14
2.2658226796724465e-14
2.1466516824737812e-14
2.140460568537614e-14
2.13966926995966e-14
2.2397845061293108e-14
2.208247699284228e-14
2.20299702006778e-14
2.2721707140095003e-14
2.3229539503214697e-14
2.420507649251923e-14
2.2845845860910227e-14
2.406191155466961e-14
2.2852333819275675e-14
2.4280007292164277e-14
2.674663284554503e-14
3.178836537521041e-14
2.6604095528474262e-14
2.2186907165126936e-14
2.3696177909456388e-14
2.6128489070723686e-14
2.1534178087145063e-14
2.1236179563270737e-14
2.2856787614584266e-14
2.4594542624811088e-14
2.8041888210696752e-14
2.435054945771509e-14
2.8185506456923624e-14
3.5616283579721053e-14
4.963022679391241e-14
3.697349929211047e-14
5.198666061218273e-14
7.933240662520906e-14
1.2508884332312254e-13
2.0304934388552714e-13
1.3521118019988322e-13
2.170265362070491e-13
3.589808460621367e-13
2.371967240512626e-13
1.5970422003869885e-13
2.517392535046824e-13
4.206839387563851e-13
2.779616688222719e-13
4.529868698103594e-13
7.61975752832055e-13
1.2790511383101127e-12
2.1629397808166217e-12
1.4129745512040757e-12
2.35710102435831e-12
1.5352846661891328e-12
2.5824740339484814e-12
1.6853620532034657e-12
2.8279564475837077e-12
1.843681560480334e-12
3.1041244178863065e-12
2.024764292448326e-12
3.40995740932236e-12
2.2230107898322607e-12
3.751149274872443e-12
2.4456399082525665e-12
4.130310646221406e-12
2.6916001891211388e-12
4.552630043472196e-12
2.966424467772015e-12
5.0231055318772315e-12
3.2717255957360565e-12
2.154766947387096e-12
3.578964369697849e-12
2.3313466532272765e-12
3.964516480123886e-12
2.5893880067118636e-12
4.374627057726798e-12
2.849164297021162e-12
4.845763399614382e-12
3.1577966283819504e-12
5.363161989764206e-12
3.4910543543624284e-12
2.296535313055499e-12
3.836194648079505e-12
1.4887837500811867e-12
9.494539335991382e-13
1.6640946006312986e-12
2.8828229731635788e-12
5.0295573850451335e-12
3.2508682395983444e-12
5.581562660333889e-12
3.598967349501115e-12
2.3471194536025742e-12
1.5579459004957038e-12
6.253271808309655e-13
3.38456502881402e-13
2.693449853337445e-13
2.290018698025363e-13
2.0680192884134696e-13
3.3576660125986317e-13
5.497375112290505e-13
2.3521643711011404e-13
1.5265544852544555e-13
2.5951192967322545e-13
1.1246573142490857e-13
7.402424361317691e-14
5.144731547858091e-14
3.8873670338436043e-14
5.515231552522623e-14
8.987362116345693e-14
6.065242620390702e-14
9.937858013608386e-14
4.648839170153771e-14
7.682487990284215e-14
1.313848852030046e-13
2.3131091545016487e-13
1.4913231212044268e-13
2.5827688926933515e-13
4.596113874195345e-13
2.9536971947633256e-13
1.258290577432758e-13
8.215340306457621e-14
5.62844144910337e-14
4.177786975556999e-14
6.201991309345931e-14
9.835748041591348e-14
1.7403799018137654e-13
3.0633487051021606e-13
1.3262351116376727e-13
2.396620531892256e-13
4.2315558175242656e-13
2.6980210225699706e-13
4.762489045307438e-13
8.538808634168266e-13
3.6909943599623173e-13
1.007597974832635e-13
6.733121965671846e-14
4.789116230362095e-14
7.514223794736947e-14
1.2306655258724564e-13
2.2000288829463877e-13
9.672362172621552e-14
6.315537442545855e-14
4.353703941848217e-14
7.206317015531897e-14
1.215639651112509e-13
2.171366504522719e-13
1.400201199991617e-13
2.433365396541038e-13
4.377274097414681e-13
2.8060049038437927e-13
4.920117305371193e-13
8.871443149456922e-13
5.678099606301968e-13
3.7046528741126074e-13
2.4962846848363996e-13
1.1505619290024236e-13
1.8438936390043144e-13
3.0485059976238434e-13
5.546707342280508e-13
2.4335842561893126e-13
1.541112419316563e-13
9.983310952590521e-14
1.7731753827180688e-13
3.072806736964749e-13
5.572650915378296e-13
3.565463812096237e-13
