5.4974333802318025
3.7163208233720284
2.80214152634815
2.172579277017902
1.7071433221747172
1.353079899462165
1.079444080766737
0.8656827776689386
0.6973220079497937
0.5638521037192226
0.45746512484073965
0.3722761375647562
0.3037843289096352
0.2485177614747652
0.20377789880318362
0.16745153286731837
0.13787611567165542
0.11373628405899855
0.09398649543236479
0.07779343892818383
0.06448968372897157
0.0535392040851135
0.044509909932308134
0.037052077825699276
0.03088228706029538
0.025770447315503014
0.02152899199409181
0.01800502241185188
0.01507339749701362
0.012631561208672093
0.010595293195924902
0.008895341528826102
0.0074746506511202855
0.006286136656198182
0.005290876420686677
0.004456664652917795
0.0037568118995289458
0.003169161467777747
0.002675298942443728
0.002259919666327702
0.0019102752140878426
0.0016157407770507675
0.00136744893578198
0.0011579918372000154
0.0009811758123254603
0.0008318160344201928
0.0007055689502996873
0.00059879248324995
0.0005084300850623269
0.00043191448442434817
0.0003670877167045995
0.00031213445043094454
0.0002655264554484926
0.0002259762779725173
0.000192398557235463
0.00016387769211617513
0.0001396407904251649
0.0001190350176617431
0.00010150861349593559
8.659496896529233e-05
7.389926026865777e-05
6.308722002876975e-05
5.387569718749433e-05
4.602471490452443e-05
3.933078408913331e-05
3.3621270246704554e-05
2.874964460337067e-05
2.4591478152946777e-05
2.1041060317840614e-05
1.800854312422472e-05
1.5417527814719077e-05
1.3203024201258914e-05
1.1309724240650234e-05
9.69054066685957e-06
8.305369342623836e-06
7.120040549608853e-06
6.105429935453156e-06
5.236704448747473e-06
4.492682466286595e-06
3.85529057140121e-06
3.309102179132928e-06
2.8409455051703137e-06
2.4395703155047722e-06
2.0953645250518683e-06
1.800113091364273e-06
1.5467928097753871e-06
1.3293975965629003e-06
1.142789674105919e-06
9.825727713324627e-07
8.449840429376862e-07
7.268019118294794e-07
6.252674614096038e-07
5.380173627567508e-07
4.6302662516646063e-07
3.9855971494165586e-07
3.4312880680357485e-07
2.954581149834141e-07
2.544534102836053e-07
2.1917596037658899e-07
1.8882024571031223e-07
1.6269489810952063e-07
1.402063912895084e-07
1.2084508260795986e-07
1.0417326331970323e-07
8.981492582675141e-08
7.744699898862725e-08
6.679183876689135e-08
5.761079301744593e-08
4.96986851026784e-08
4.2879084265549226e-08
3.700024947715002e-08
3.193165003651786e-08
2.756098019202996e-08
2.3791597342842948e-08
2.0540322566362767e-08
1.7735552756859325e-08
1.5315638929193783e-08
1.3227493779116613e-08
1.142539484752608e-08
9.869956619229917e-09
8.527246742453525e-09
7.368026504352579e-09
6.367097702628564e-09
5.5027409964692266e-09
4.756232826058496e-09
4.111429828921172e-09
3.554411386530722e-09
3.073171724686878e-09
2.657355195074374e-09
2.298028266630373e-09
1.9874830908772947e-09
1.7190685546823676e-09
1.4870445981327954e-09
1.286456824492585e-09
1.1130284448792267e-09
9.630671126935158e-10
8.333846630974321e-10
7.212279333361838e-10
6.242191691762993e-10
5.403046158440583e-10
4.677100277162968e-10
4.049026775159135e-10
3.5055812229600665e-10
3.0353191474675637e-10
2.6283496141627836e-10
2.276123399865145e-10
1.9712512554180668e-10
1.707344576512874e-10
1.4788800600216266e-10
1.2810815227591807e-10
1.109819146698535e-10
9.615213423275882e-11
8.330986072658994e-11
7.218786737617586e-11
6.255499255717701e-11
5.4211270868571634e-11
4.69835934920541e-11
4.072221742909759e-11
3.529758768937199e-11
3.0597527609028635e-11
2.6525000512670307e-11
2.2995946615566144e-11
1.993764663279547e-11
1.728712284135942e-11
1.498985642209831e-11
1.2998641306441303e-11
1.1272567531534287e-11
9.776266179122214e-12
8.47904756916042e-12
7.354340594731852e-12
6.379175318480091e-12
5.53358898531107e-12
4.800316132020962e-12
4.164461292965591e-12
3.6130171908905954e-12
3.1347051954935997e-12
2.7198588945375285e-12
2.359997210510622e-12
2.0478473826192056e-12
1.777055461868287e-12
1.5421118848788418e-12
1.3382845717330623e-12
1.161441896270613e-12
1.0080044844057378e-12
8.748378669811812e-13
7.593173032721154e-13
6.590336042202557e-13
5.720015022496283e-13
4.964908787718141e-13
4.30953454938742e-13
3.740815912351248e-13
3.247146171364908e-13
2.818553314958292e-13
2.446686697536092e-13
2.1239818860441082e-13
1.8437981271493288e-13
1.6006956820727924e-13
1.389833783710593e-13
1.2067186548497297e-13
1.0480506934546626e-13
9.10620930941615e-14
7.913668809485751e-14
6.882671780986378e-14
5.99170195431257e-14
5.2198897368999695e-14
4.552644466637112e-14
3.979237673185745e-14
3.485682155202632e-14
3.0638843868363414e-14
2.7047312114160233e-14
2.3992602248606206e-14
2.142297316778126e-14
1.9257938267584718e-14
1.745461400414488e-14
1.599316922720095e-14
1.4810569824091475e-14
1.3862649944002163e-14
1.3125607242515051e-14
1.2540669834600869e-14
1.2092394151072356e-14
1.1738202745461302e-14
1.1478040885647234e-14
1.1284134734070857e-14
1.1140991386454055e-14
1.1042126080874762e-14
1.0972533123770313e-14
1.0919744909525458e-14
1.0883858862462954e-14
1.0858132690933313e-14
1.0840512549172544e-14
1.08287222553994e-14
1.0820991190059849e-14
1.0813665908241021e-14
1.0810666708588184e-14
1.0808679586765206e-14
1.0806651443856038e-14
1.0805034559758117e-14
1.0805272401152429e-14
1.080535984971645e-14
1.0808032538030859e-14
1.0808927927369803e-14
1.0810928921256058e-14
1.0818824611678904e-14
1.0833171578131526e-14
1.0835759090933255e-14
1.083821326854174e-14
1.0839857406600308e-14
1.0840572509396348e-14
1.0841184861952774e-14
1.0842318427898584e-14
1.0843112741638783e-14
1.0843786003249982e-14
1.084513961546231e-14
1.0846327702450186e-14
1.0846392069630711e-14
1.0847349208924773e-14
1.0847436873113435e-14
1.0848257442147307e-14
1.0848299606289827e-14
1.0848300161080084e-14
1.0848024981629723e-14
1.08490219191755e-14
1.0848649673302488e-14
1.0848805563218055e-14
1.0848839403793492e-14
1.0849159497129916e-14
1.0848829418060898e-14
1.0849050766310497e-14
1.0848631920572165e-14
1.084876173674217e-14
1.0848512088882622e-14
1.0848527622694825e-14
1.084842609773412e-14
1.084887768234995e-14
1.0848737881750504e-14
1.0848639132622363e-14
1.0848807782275415e-14
1.0848957567597948e-14
1.0848886003757396e-14
1.084928764276814e-14
1.0848973100772305e-14
1.0849242154013568e-14
1.0849470705340042e-14
1.0849532834965423e-14
1.0849507317483768e-14
1.0849837375929397e-14
1.0849451289759147e-14
1.084947347899162e-14
1.0849563899644694e-14
1.0849764153745941e-14
1.0849728651903356e-14
1.0850162986775728e-14
1.085006425061782e-14
1.0850429237105375e-14
1.0850565687867184e-14
1.0850494134632901e-14
1.0850257839204838e-14
1.0850677731518682e-14
1.0850408159192416e-14
1.0850373214141242e-14
1.0850480822351207e-14
1.0850545164894758e-14
1.0850286128365272e-14
1.085032828462436e-14
1.0849684274436766e-14
1.084985900966176e-14
1.0849895065786505e-14
1.084983848535262e-14
1.0849818515717271e-14
1.0850177408835948e-14
1.0850023202737199e-14
1.0850004897551178e-14
1.0850080891606266e-14
1.0850131923811685e-14
1.0850073125814834e-14
1.0850468064732591e-14
1.0850312753390066e-14
1.085081972577125e-14
1.0850904033979548e-14
1.085093564938878e-14
1.085080863253718e-14
1.085123016745932e-14
1.0850991669449096e-14
1.085105268106696e-14
1.085120964574363e-14
1.0851458122285865e-14
1.0851262336557166e-14
1.0851591787000773e-14
1.0851204099327323e-14
1.0851563501244087e-14
1.085171657622364e-14
1.0851590677756801e-14
1.085160121556995e-14
1.0851885732656947e-14
1.0851555181889855e-14
1.0851627282747982e-14
1.0851464223200829e-14
1.0851602879434249e-14
1.085139378515563e-14
1.0851694946194486e-14
1.0851418188939587e-14
1.0851714357761096e-14
1.0851656677575754e-14
1.0851449802850842e-14
1.0851090397168242e-14
1.0851221847849529e-14
1.0850851341426125e-14
1.0850828045689358e-14
1.0850824163061701e-14
1.0850911244519587e-14
1.0850825827045153e-14
1.0851090397168242e-14
1.0850605069678532e-14
1.0850796429966607e-14
1.08506854968774e-14
1.0850635021946398e-14
1.0850347143950399e-14
1.0850761486165864e-14
1.0850499126734325e-14
1.0850602850988734e-14
1.08506688568162e-14
1.085082860035034e-14
1.085090514329371e-14
1.085118135899082e-14
1.0851054899664782e-14
1.0851402104633598e-14
1.0851490290707942e-14
1.0851377700813467e-14
1.0851159173250742e-14
1.0851568492853566e-14
1.0851408760211381e-14
1.0851442592668664e-14
1.0851754844631141e-14
1.0852064869218146e-14
1.0852044903679727e-14
1.0852300016128897e-14
1.0851744861581324e-14
1.0851867430612685e-14
1.085181141507329e-14
1.0851637265905966e-14
1.0851442038039067e-14
1.0851671652268721e-14
1.0851362171081173e-14
1.0851341649615123e-14
1.0851464223200829e-14
1.085155740038494e-14
1.0851373263749366e-14
1.0851459231543387e-14
1.0851060446157352e-14
1.0851192451843846e-14
1.0851138096755654e-14
1.0851152517519873e-14
1.085104713457042e-14
1.0851475870392597e-14
1.085131502711485e-14
1.0851323901288865e-14
1.0851535770038508e-14
1.08515912323788e-14
1.0851381028610354e-14
1.0851722676993298e-14
1.0851315581750939e-14
1.0851511366518975e-14
1.0851602324812843e-14
1.0851394894419726e-14
1.0851252907693539e-14
1.085163116508829e-14
1.0851349414498734e-14
1.0851311699297724e-14
1.0851319464202765e-14
1.0851523568285601e-14
1.0851392675891418e-14
1.0851638929764737e-14
1.0851354406206691e-14
1.0851493063843312e-14
1.0851499719365307e-14
1.0851447029704418e-14
1.0851196334339727e-14
1.0851596223975523e-14
1.0851409869473949e-14
1.085129894265595e-14
1.0851450357480042e-14
1.0851524122911032e-14
1.0851383247141044e-14
1.0851697719277558e-14
1.0851278975708285e-14
1.0851472542624795e-14
1.0851529114538623e-14
1.0851425399137981e-14
1.0851225175694212e-14
1.0851582913045828e-14
1.085132722910225e-14
1.0851263445834701e-14
1.0851356070108834e-14
1.0851512475771054e-14
1.0851404877791504e-14
1.0851704374674034e-14
1.0851405432423e-14
1.0851551299522363e-14
1.0851518576655459e-14
1.0851425399137981e-14
1.0851208536460595e-14
1.0851576812197594e-14
1.085141319726097e-14
1.0851276757156278e-14
1.0851396003683711e-14
1.0851566828983996e-14
1.0851330002279292e-14
1.0851658341431548e-14
1.0851223511771998e-14
1.0851434273221736e-14
1.0851561282750249e-14
1.0851402104633598e-14
1.0851298388019011e-14
1.0851630610468332e-14
1.085138047397761e-14
1.0851332775455624e-14
1.0851349414498734e-14
1.0851499719365307e-14
1.0851383801773646e-14
1.085169383696106e-14
1.085140432315998e-14
1.0851516912778233e-14
1.0851525232161806e-14
1.0851451466738358e-14
1.0851157509318407e-14
1.0851548526401876e-14
1.0851332220820413e-14
1.085124847057841e-14
1.0851394894419726e-14
1.085155240877036e-14
1.0851398776843176e-14
1.0851692727727521e-14
1.0851337767171236e-14
1.0851486962944563e-14
1.0851556845761212e-14
1.0851399331474983e-14
1.0851251798414927e-14
1.0851630055848344e-14
1.0851346086692153e-14
1.0851308371479577e-14
1.0851351633035887e-14
1.0851512475771054e-14
1.085139378515563e-14
1.0851650022150025e-14
1.0851325565195686e-14
1.0851498610111924e-14
1.0851498610111924e-14
1.085144592044565e-14
1.0851193006486201e-14
1.085159289624463e-14
1.0851442038039067e-14
1.0851286740636743e-14
1.0851451466738358e-14
1.0851534106163918e-14
1.0851354406206691e-14
1.085170326544157e-14
1.0851277866432338e-14
1.0851471433368636e-14
1.085152578678715e-14
1.0851423180615908e-14
1.0851257344806855e-14
1.0851571820591942e-14
1.0851328338373151e-14
1.0851273429327414e-14
1.085132722910225e-14
1.0851518022029744e-14
1.0851403768528428e-14
1.0851702156208995e-14
1.0851402104633598e-14
1.0851547971777693e-14
1.0851550744898322e-14
1.0851414306523083e-14
1.085120964574363e-14
1.085158679540201e-14
1.0851384356406219e-14
1.0851283412810942e-14
1.0851394894419726e-14
1.0851565719737473e-14
1.0851326674466756e-14
1.0851655013719704e-14
1.0851255680889574e-14
1.0851423180615908e-14
1.0851562391997226e-14
1.0851410978736402e-14
1.0851269546859117e-14
1.0851636156666644e-14
1.0851379364712038e-14
1.0851331666185175e-14
1.0851346086692153e-14
1.0851496391604819e-14
1.085141597041604e-14
1.0851683853855121e-14
1.0851405432423e-14
1.0851526896037754e-14
1.0851496391604819e-14
1.085145701302823e-14
1.0851156400030044e-14
1.0851547417153484e-14
1.0851328893008559e-14
1.0851244033461466e-14
1.0851427063029238e-14
1.0851541316285293e-14
1.0851399886106763e-14
1.0851702710825297e-14
1.0851308926116006e-14
1.0851492509216294e-14
1.0851555736513669e-14
1.0851399331474983e-14
1.085124847057841e-14
1.0851626728127826e-14
1.0851378255446353e-14
1.0851297278745048e-14
1.0851352742304294e-14
1.0851522459034656e-14
1.0851364944249284e-14
1.0851654459100965e-14
1.08513244559245e-14
1.0851497500858428e-14
1.0851495282351096e-14
1.0851442592668664e-14
1.0851225175694212e-14
1.085158180380095e-14
1.0851443147298233e-14
1.0851297833382043e-14
1.085142262598532e-14
1.0851539652411555e-14
1.0851353296938455e-14
1.0851702156208995e-14
1.0851274538603814e-14
1.0851468105599473e-14
1.0851557955008642e-14
1.0851410978736402e-14
1.08512584540849e-14
1.085158180380095e-14
1.085129949729286e-14
1.0851278975708285e-14
1.0851326119831235e-14
1.0851516912778233e-14
1.0851400440738515e-14
1.0851699937743502e-14
1.0851434273221736e-14
1.0851536879288091e-14
1.0851551854146375e-14
1.0851424289877002e-14
1.085118080434787e-14
1.0851592341622715e-14
1.0851383247141044e-14
1.085128119425984e-14
1.0851391566627092e-14
1.0851562391997226e-14
1.0851358843278505e-14
1.085164392133952e-14
1.085125679016779e-14
1.0851433163961663e-14
1.0851533551538999e-14
1.0851417634308744e-14
1.0851268437582206e-14
1.0851635047427209e-14
1.0851376036914643e-14
1.0851328338373151e-14
1.0851378255446353e-14
1.0851485299062491e-14
1.085141707967787e-14
1.0851692727727521e-14
1.0851376591547613e-14
1.0851532442289075e-14
1.0851495282351096e-14
1.0851455903770483e-14
1.085115307216427e-14
1.0851544089407623e-14
1.085136106181373e-14
1.0851234049941707e-14
1.0851428172289933e-14
1.0851551299522363e-14
1.0851371045216635e-14
1.085170825698676e-14
1.085130781684312e-14
1.0851491399962175e-14
1.085155240877036e-14
1.0851394894419726e-14
1.0851280639621994e-14
1.0851615635718727e-14
1.0851379364712038e-14
1.0851307262206634e-14
1.0851323901288865e-14
1.0851528005288246e-14
1.0851363834982125e-14
1.0851654459100965e-14
1.0851321128110266e-14
1.085149417309726e-14
1.0851527450663014e-14
1.0851431500071342e-14
1.0851226284975545e-14
1.0851591787000773e-14
1.0851414306523083e-14
1.085130227047699e-14
1.0851421516724057e-14
1.0851538543162255e-14
1.0851349969133065e-14
1.0851698828510586e-14
1.085130670757012e-14
1.085145701302823e-14
1.0851559064255958e-14
1.0851422071354702e-14
1.0851229612818867e-14
1.0851587350024208e-14
1.0851298388019011e-14
1.0851277866432338e-14
1.0851322792017511e-14
1.085151358502302e-14
1.0851432609331584e-14
1.0851687736175189e-14
1.0851435382481694e-14
1.0851546862529244e-14
1.0851523013660144e-14
1.0851429836180765e-14
1.0851179695061887e-14
1.08515912323788e-14
1.0851379919344838e-14
1.0851278975708285e-14
1.085142373524647e-14
1.0851551299522363e-14
1.0851359952546174e-14
1.0851653904482195e-14
1.0851227948897334e-14
1.0851438710260891e-14
1.0851532442289075e-14
1.0851415415785083e-14
1.0851265109750791e-14
1.0851631719708221e-14
1.0851408205580056e-14
1.0851317245659034e-14
1.0851379364712038e-14
1.0851495282351096e-14
1.0851388238833439e-14
1.0851699383127058e-14
1.0851375482281644e-14
1.0851531333039039e-14
1.0851491954589248e-14
1.0851452575996559e-14
1.0851185241490668e-14
1.0851532996914051e-14
1.0851362171081173e-14
1.0851242924181945e-14
1.0851399331474983e-14
1.0851556845761212e-14
1.0851369935950099e-14
1.0851707147754695e-14
1.0851304489023781e-14
1.0851488072199135e-14
1.0851584576912933e-14
1.0851384911038763e-14
1.0851281748897659e-14
1.0851625618887427e-14
1.0851350523767367e-14
1.0851312808570213e-14
1.0851322792017511e-14
1.0851526896037754e-14
1.0851360507179966e-14
1.0851650022150025e-14
1.0851353296938455e-14
1.0851483080552664e-14
1.0851528559913448e-14
1.0851441483409443e-14
1.085119744362401e-14
1.0851597333218928e-14
1.085141319726097e-14
1.085130227047699e-14
1.0851418188939587e-14
1.0851535215413674e-14
1.0851382137875755e-14
1.0851687736175189e-14
1.085130781684312e-14
1.085146699634286e-14
1.0851530223788888e-14
1.0851426508398847e-14
1.0851228503537873e-14
1.0851586240779782e-14
1.0851295060196781e-14
1.0851274538603814e-14
1.0851354960840768e-14
1.0851502492498266e-14
1.0851433718591713e-14
1.0851698828510586e-14
1.0851406541685908e-14
1.085155240877036e-14
1.0851521904409142e-14
1.0851428726920239e-14
1.0851176367203257e-14
1.0851587904646377e-14
1.0851412087998742e-14
1.0851266773666625e-14
1.0851424844507505e-14
1.0851561282750249e-14
1.0851331111549909e-14
1.0851659450668604e-14
1.085122683961617e-14
1.0851437601001272e-14
1.0851529114538623e-14
1.085141319726097e-14
1.0851297278745048e-14
1.0851620627304225e-14
1.085140931484268e-14
1.085132722910225e-14
1.0851350523767367e-14
1.0851500828618576e-14
1.085138712956866e-14
1.0851697164661e-14
1.0851372154483057e-14
1.0851528005288246e-14
1.0851524122911032e-14
1.0851441483409443e-14
1.0851186350776085e-14
1.0851542980158776e-14
1.0851333330090805e-14
1.0851249579857363e-14
1.085139822221134e-14
1.0851555736513669e-14
1.0851366608149811e-14
1.0851703820057816e-14
1.0851336657901297e-14
1.0851476979648304e-14
1.0851585686157527e-14
1.085139378515563e-14
1.0851252907693539e-14
1.085163116508829e-14
1.0851349414498734e-14
1.0851311699297724e-14
1.0851319464202765e-14
1.0851523568285601e-14
1.0851392675891418e-14
1.0851640039003777e-14
1.0851354406206691e-14
1.0851493063843312e-14
1.0851499719365307e-14
1.0851447029704418e-14
1.0851196334339727e-14
1.0851596223975523e-14
1.0851409869473949e-14
1.0851297833382043e-14
1.0851450357480042e-14
1.0851524122911032e-14
1.0851383247141044e-14
1.0851697719277558e-14
1.0851278975708285e-14
1.0851472542624795e-14
1.0851529114538623e-14
1.0851426508398847e-14
1.0851225175694212e-14
1.0851582913045828e-14
1.085132722910225e-14
1.0851263445834701e-14
1.0851356070108834e-14
1.0851512475771054e-14
1.0851404877791504e-14
1.085170326544157e-14
1.0851405432423e-14
1.0851551299522363e-14
1.0851518576655459e-14
1.0851425399137981e-14
1.0851208536460595e-14
1.0851576812197594e-14
1.085141319726097e-14
1.0851277866432338e-14
1.0851396003683711e-14
1.0851566828983996e-14
1.0851330002279292e-14
1.0851658341431548e-14
1.0851223511771998e-14
1.0851434273221736e-14
1.0851561282750249e-14
1.0851400995370238e-14
1.0851298388019011e-14
1.0851630610468332e-14
1.085138047397761e-14
1.0851332775455624e-14
1.0851349414498734e-14
1.0851499719365307e-14
1.0851383801773646e-14
1.0851694946194486e-14
1.085140432315998e-14
1.0851516912778233e-14
1.0851525232161806e-14
1.0851451466738358e-14
1.0851157509318407e-14
1.0851548526401876e-14
1.0851332220820413e-14
1.0851247361299344e-14
1.0851394894419726e-14
1.085155240877036e-14
1.0851398776843176e-14
1.0851692727727521e-14
1.0851337767171236e-14
1.0851486962944563e-14
1.0851556845761212e-14
1.0851400440738515e-14
1.0851251798414927e-14
1.0851630055848344e-14
1.0851346086692153e-14
1.0851308371479577e-14
1.0851351633035887e-14
1.0851512475771054e-14
1.085139378515563e-14
1.0851648912912006e-14
1.0851325565195686e-14
1.0851498610111924e-14
1.0851498610111924e-14
1.085144592044565e-14
1.0851193006486201e-14
1.085159289624463e-14
1.0851442038039067e-14
1.0851287849911783e-14
1.0851451466738358e-14
1.0851534106163918e-14
1.0851354406206691e-14
1.085170326544157e-14
1.0851277866432338e-14
1.0851471433368636e-14
1.085152578678715e-14
1.0851422071354702e-14
1.0851257344806855e-14
1.0851571820591942e-14
1.0851328338373151e-14
1.0851273429327414e-14
1.085132722910225e-14
1.0851518022029744e-14
1.0851403768528428e-14
1.085170326544157e-14
1.0851402104633598e-14
1.0851547971777693e-14
1.0851550744898322e-14
1.0851414306523083e-14
1.085120964574363e-14
1.085158679540201e-14
1.0851384356406219e-14
1.0851282303535448e-14
1.0851394894419726e-14
1.0851565719737473e-14
1.0851326674466756e-14
1.0851655013719704e-14
1.0851255680889574e-14
1.0851423180615908e-14
1.0851562391997226e-14
1.0851412087998742e-14
1.0851269546859117e-14
1.0851636156666644e-14
1.0851379364712038e-14
1.0851331666185175e-14
1.0851346086692153e-14
1.0851496391604819e-14
1.085141597041604e-14
1.0851682744620561e-14
1.0851405432423e-14
1.0851526896037754e-14
1.0851496391604819e-14
1.085145701302823e-14
1.0851156400030044e-14
1.0851547417153484e-14
1.0851328893008559e-14
1.0851245142740871e-14
1.0851427063029238e-14
1.0851541316285293e-14
1.0851399886106763e-14
1.0851702710825297e-14
1.0851308926116006e-14
1.0851492509216294e-14
1.0851555736513669e-14
1.085139822221134e-14
1.085124847057841e-14
1.0851626728127826e-14
1.0851378255446353e-14
1.0851297278745048e-14
1.0851352742304294e-14
1.0851522459034656e-14
1.0851364944249284e-14
1.0851655568338415e-14
1.08513244559245e-14
1.0851497500858428e-14
1.0851495282351096e-14
1.0851442592668664e-14
1.0851225175694212e-14
1.085158180380095e-14
1.0851443147298233e-14
1.0851296724108024e-14
1.085142262598532e-14
1.0851539652411555e-14
1.0851353296938455e-14
1.0851702156208995e-14
1.0851274538603814e-14
1.0851468105599473e-14
1.0851557955008642e-14
1.0851412087998742e-14
1.08512584540849e-14
1.085158180380095e-14
1.085129949729286e-14
1.0851278975708285e-14
1.0851326119831235e-14
1.0851516912778233e-14
1.0851400440738515e-14
1.0851698828510586e-14
1.0851434273221736e-14
1.0851536879288091e-14
1.0851551854146375e-14
1.0851424289877002e-14
1.085118080434787e-14
1.0851592341622715e-14
1.0851383247141044e-14
1.0851282303535448e-14
1.0851391566627092e-14
1.0851562391997226e-14
1.0851358843278505e-14
1.085164392133952e-14
1.085125679016779e-14
1.0851433163961663e-14
1.0851533551538999e-14
1.085141652504697e-14
1.0851268437582206e-14
1.0851635047427209e-14
1.0851376036914643e-14
1.0851328338373151e-14
1.0851378255446353e-14
1.0851485299062491e-14
1.085141707967787e-14
1.085169383696106e-14
1.0851376591547613e-14
1.0851532442289075e-14
1.0851495282351096e-14
1.0851455903770483e-14
1.085115307216427e-14
1.0851544089407623e-14
1.085136106181373e-14
1.0851232940661168e-14
1.0851428172289933e-14
1.0851551299522363e-14
1.0851371045216635e-14
1.085170825698676e-14
1.085130781684312e-14
1.0851491399962175e-14
1.085155240877036e-14
1.0851396003683711e-14
1.0851280639621994e-14
1.0851615635718727e-14
1.0851379364712038e-14
1.0851307262206634e-14
1.0851323901288865e-14
1.0851528005288246e-14
1.0851363834982125e-14
1.0851653349863399e-14
1.0851321128110266e-14
1.085149417309726e-14
1.0851527450663014e-14
1.0851431500071342e-14
1.0851226284975545e-14
1.0851591787000773e-14
1.0851414306523083e-14
1.0851303379750442e-14
1.0851421516724057e-14
1.0851538543162255e-14
1.0851349969133065e-14
1.0851698828510586e-14
1.085130670757012e-14
