5.497433380231807
4.112458324970657
2.515667369711378
0.9071197436780951
0.72609228711292
0.5034081760919886
0.22200590824566427
0.1577777979681442
0.07638239438362843
0.054603110144018724
0.0403657220235988
0.020106927079425883
0.014987707368364103
0.007742445119095578
0.005791153386382374
0.0030904050547903234
0.002307016961274367
0.0017566832698820355
0.0009425104185121537
0.0007190211000502387
0.00039393965430967133
0.0002998788905360741
0.00016864223204770482
0.00014531253839086334
0.00011217346136553078
6.23664947072859e-05
4.8117028891307024e-05
2.7202803082771658e-05
2.0887535756057098e-05
1.6233059260219618e-05
9.175417451324533e-06
7.121374306938415e-06
4.084902659326837e-06
3.582980679321191e-06
2.0704695625947537e-06
1.9370381837287892e-06
1.9361300105544913e-06
1.821746126636531e-06
1.7958911549806377e-06
1.59606984007043e-06
1.2516629593294806e-06
1.2348077476801273e-06
1.201561896016252e-06
6.855452199263638e-07
3.944136310917818e-07
3.9441354515716727e-07
3.944025403148574e-07
3.943997892063081e-07
3.9439976773613107e-07
3.943997623446823e-07
3.94399761046332e-07
3.9439976069123576e-07
3.9439976033614043e-07
3.943997599810436e-07
3.9439975962594815e-07
3.943997592708514e-07
3.9439975907381014e-07
3.9439975887676873e-07
3.943997586797271e-07
3.9439975848268586e-07
3.94399758285643e-07
3.943997579305483e-07
3.943997552713536e-07
3.943997549162561e-07
3.943997548407088e-07
3.943997547651607e-07
3.943997546896111e-07
3.943997543345181e-07
3.9439975397942064e-07
3.943997539038731e-07
3.943997538687721e-07
3.9439975383367295e-07
3.9439975379857323e-07
3.9439975376347335e-07
3.9439975372837236e-07
3.943997536932728e-07
3.9439975365817296e-07
3.943997536230725e-07
3.943997535879731e-07
3.9439975355287306e-07
3.9439975351777254e-07
3.9439975348267166e-07
3.9439975344757236e-07
3.943997534124721e-07
3.943997533773719e-07
3.943997533422727e-07
3.9439975330717204e-07
3.9439975327207195e-07
3.943997532369726e-07
3.9439975320187203e-07
3.9439975316677183e-07
3.943997531316718e-07
3.9439975312241637e-07
3.94399753113161e-07
3.943997531039052e-07
3.943997530946496e-07
3.9439975308539483e-07
3.9439975307613893e-07
3.9439975306688346e-07
3.9439975305762835e-07
3.943997530483726e-07
3.9439975303911713e-07
3.943997530298611e-07
3.9439975302060597e-07
3.9439975301135044e-07
3.9439975300209497e-07
3.9439975299283965e-07
3.943997529835839e-07
3.9439975297432817e-07
3.9439975296507274e-07
3.943997529558172e-07
3.943997529465617e-07
3.943997529373061e-07
3.943997529280506e-07
3.94399752918795e-07
3.9439975290953925e-07
3.943997529002837e-07
3.9439975289102867e-07
3.94399752881773e-07
3.9439975287251735e-07
3.943997528632622e-07
3.9439975285400655e-07
3.9439975284475065e-07
3.9439975283549534e-07
3.9439975282623933e-07
3.94399752816984e-07
3.943997528077292e-07
3.9439975279847365e-07
3.9439975278921743e-07
3.9439975277996275e-07
3.9439975277070674e-07
3.94399752761451e-07
3.943997527521953e-07
3.943997527429403e-07
3.9439975273368505e-07
3.9439975272442904e-07
3.9439975271517357e-07
3.943997527059179e-07
3.943997526966624e-07
3.9439975268740687e-07
3.9439975267815145e-07
3.9439975266889587e-07
3.943997526596404e-07
3.943997526503847e-07
3.943997526411296e-07
3.9439975263187375e-07
3.943997526226183e-07
3.9439975261336275e-07
3.943997526041071e-07
3.943997525948518e-07
3.9439975258559595e-07
3.943997525763409e-07
3.9439975256708473e-07
3.943997525578295e-07
3.943997525485743e-07
3.9439975253931846e-07
3.943997525300629e-07
3.9439975252080783e-07
3.9439975251155203e-07
3.9439975250229666e-07
3.9439975249304135e-07
3.943997524837854e-07
3.943997524745299e-07
3.943997524652744e-07
3.9439975245601923e-07
3.943997524467633e-07
3.9439975243750764e-07
3.9439975242825254e-07
3.943997524189964e-07
3.9439975240974127e-07
3.9439975240048606e-07
3.943997523912305e-07
3.9439975238197484e-07
3.9439975237271915e-07
3.943997523634635e-07
3.943997523542081e-07
3.9439975234495256e-07
3.943997523356972e-07
3.9439975232644156e-07
3.943997523233826e-07
3.943997523203249e-07
3.943997523172663e-07
3.9439975231420765e-07
3.9439975231114965e-07
3.9439975230809075e-07
3.943997523050321e-07
3.9439975228850825e-07
3.9439975227198433e-07
3.9439975225546036e-07
3.9439975223893665e-07
3.943997522224128e-07
3.943997522058894e-07
3.9439975218936495e-07
3.9439975217284145e-07
3.9439975215631796e-07
3.9439975213979414e-07
3.9439975212327e-07
3.9439975210674583e-07
3.943997520902223e-07
3.9439975207369783e-07
3.9439975205717476e-07
3.943997520406508e-07
3.943997520241273e-07
3.943997520076036e-07
3.943997519725032e-07
3.9439975193740314e-07
3.943997519023033e-07
3.9439975186720274e-07
3.9439975185067813e-07
3.943997518341556e-07
3.943997518248998e-07
3.943997518083755e-07
3.9439975179185233e-07
3.943997517753285e-07
3.943997517588045e-07
3.9439975174954886e-07
3.9439975174029344e-07
3.943997517310381e-07
3.9439975172178254e-07
3.9439975171252706e-07
3.943997517032716e-07
3.9439975169401606e-07
3.9439975168476063e-07
3.9439975167550495e-07
3.94399751666249e-07
3.9439975165699394e-07
3.9439975164773815e-07
3.9439975163848283e-07
3.9439975162922704e-07
3.943997516199718e-07
3.9439975161071603e-07
3.943997516014607e-07
3.943997515922052e-07
3.9439975158294955e-07
3.9439975157369423e-07
3.9439975156443876e-07
3.943997515551833e-07
3.9439975154592775e-07
3.9439975153667196e-07
3.943997515274167e-07
3.9439975151816106e-07
3.943997515089053e-07
3.9439975149965e-07
3.943997514903943e-07
3.9439975148113884e-07
3.94399751471883e-07
3.94399751462628e-07
3.943997514533726e-07
3.943997514441167e-07
3.943997514348612e-07
3.94399751425606e-07
3.9439975141635056e-07
3.9439975140709455e-07
3.9439975139783955e-07
3.9439975138858386e-07
3.94399751379328e-07
3.9439975137007275e-07
3.94399751360817e-07
3.9439975135156143e-07
3.943997513423062e-07
3.943997513330505e-07
3.943997513237951e-07
3.943997513145395e-07
3.943997513052835e-07
3.9439975129602836e-07
3.9439975128677315e-07
3.943997512775171e-07
3.9439975127445893e-07
3.943997512714004e-07
3.9439975126834203e-07
3.9439975126528324e-07
3.9439975126222476e-07
3.943997512591663e-07
3.943997512561079e-07
3.9439975125304943e-07
3.943997512499909e-07
3.943997512469323e-07
3.94399751243874e-07
3.9439975124081547e-07
3.9439975123775673e-07
3.943997512346984e-07
3.943997512316402e-07
3.9439975122858167e-07
3.9439975122552314e-07
3.9439975122246434e-07
3.943997512194061e-07
3.943997512163477e-07
3.9439975121328907e-07
3.943997512102308e-07
3.943997512071721e-07
3.943997512041137e-07
3.943997512010554e-07
3.943997511979968e-07
3.9439975119493837e-07
3.943997511918797e-07
3.943997511888215e-07
3.943997511857632e-07
3.9439975118270446e-07
3.94399751179646e-07
3.9439975117658756e-07
3.943997511735294e-07
