5.497433380231807
4.112458324970657
3.276587199878529
2.657868636135946
2.175653579812829
1.792660749426013
1.485074875693362
1.235977035680268
1.0328453166542109
0.8662046644469672
0.7287797949544306
0.6149316129481526
0.5202295427169406
0.4411674814607272
0.37494745999074863
0.31931886970342843
0.2724600861682135
0.23288921804442617
0.1993956103522521
0.17098435590186872
0.14683494165597136
0.12626961208613663
0.10872507350888327
0.09373272472015927
0.08090111965927102
0.06990283093001803
0.060462833675823835
0.052349688517641664
0.04536816899070392
0.039353381907274845
0.03416550954645624
0.029685962506180396
0.025814102411180737
0.02246417507778911
0.019563118328313346
0.017048548022205665
0.014867115256247941
0.012973145108202314
0.011327451652213008
0.009896414818088159
0.008651135370913027
0.007566750714160898
0.006621849783158903
0.005797952614844215
0.005079122285533849
0.004451579444806725
0.00390341680364169
0.0034243233328555777
0.003005363531916249
0.002638794457002894
0.002317901581582869
0.0020368534645766405
0.0017905844310618577
0.0015746904822959737
0.0013853398701371327
0.0012191965456026038
0.001073354200194646
0.0009452797195025983
0.0008327634341000112
0.000733876943474799
0.000646936354977051
0.000570470463403618
0.0005031932049289282
0.0004439798012397862
0.000391846049973845
0.0003459303344852465
0.00030547800345657013
0.00026982779266749375
0.00023840001405006961
0.00021068627542621663
0.00018624052703735753
0.00016467125898982874
0.0001456346977639092
0.00012882887056401218
0.00011398842402007722
0.00010088009900820608
8.929877650336166e-05
7.906402070577687e-05
7.001705546044974e-05
6.201811843240885e-05
5.494414479689107e-05
4.86867385165165e-05
4.315039473978854e-05
3.825094158877382e-05
3.391417370586858e-05
3.007465348797239e-05
2.6674659025417495e-05
2.3663260445174715e-05
2.0995508689959735e-05
1.863172279188618e-05
1.6536863463385338e-05
1.4679982364527269e-05
1.303373774254108e-05
1.1573968306604882e-05
1.0279318216843095e-05
9.130906953569117e-06
8.112038607661088e-06
7.207945808082275e-06
6.405564094345654e-06
5.693333057434733e-06
5.061021024466232e-06
4.499570457212798e-06
4.0009615808516165e-06
3.55809206142968e-06
3.1646708161327427e-06
2.815124272678055e-06
2.5045135978810816e-06
2.2284615938157015e-06
1.983088117606427e-06
1.7649530169772825e-06
1.5710056957898873e-06
1.3985405288810808e-06
1.2451574394564149e-06
1.108727033250104e-06
9.873597564174265e-07
8.793786070874572e-07
7.832949859599458e-07
6.977873205515837e-07
6.216821409147953e-07
5.539373222893076e-07
4.936272435413846e-07
4.3992964016331194e-07
3.921139560374928e-07
3.495310210713239e-07
3.1160390238883024e-07
2.7781979406774954e-07
2.4772282627004086e-07
2.209076884971035e-07
1.9701397370135511e-07
1.7572116118366633e-07
1.5674416520241372e-07
1.3982938477217172e-07
1.2475119797613234e-07
1.1130885007055718e-07
9.932369062947869e-08
8.863672047071641e-08
7.910641307491875e-08
7.060677965780365e-08
6.302565026633143e-08
5.6263146562445295e-08
5.0230324927414155e-08
4.4847970396278914e-08
4.0045524809247854e-08
3.5760133973982364e-08
3.19358004304224e-08
2.8522630210915917e-08
2.5476162963213304e-08
2.2756776092970225e-08
2.0329154844205084e-08
1.8161820721416578e-08
1.622671202976938e-08
1.449881055341343e-08
1.2955809306014552e-08
1.1577816866663083e-08
1.0347094006274835e-08
9.247819569360936e-09
8.265881661380765e-09
7.388691887203676e-09
6.605019830848481e-09
5.904845734597875e-09
5.279229246603476e-09
4.720192315580672e-09
4.2206151749805625e-09
3.774143399112794e-09
3.3751051409212763e-09
3.0184374699272394e-09
2.6996205639121175e-09
2.4146192000183678e-09
2.1598304571539217e-09
1.9320371729225766e-09
1.7283664181563419e-09
1.546252488524011e-09
1.383403872835367e-09
1.2377737823387612e-09
1.1075338931708668e-09
9.9105094464211e-10
8.868657403463459e-10
7.936745628636755e-10
7.103125792858516e-10
6.357388666410109e-10
5.690232287443954e-10
5.093343589488097e-10
4.5592927686419624e-10
4.081438522365946e-10
3.653845026148934e-10
3.2712055473788667e-10
2.9287761201501324e-10
2.62231561162824e-10
2.3480314921503323e-10
2.1025333761890833e-10
1.8827890763409656e-10
1.6860872892828518e-10
1.510003180558203e-10
1.3523680293143287e-10
1.2112422283177543e-10
1.0848905481565509e-10
9.717611486801857e-11
8.704654226151962e-11
7.797616476398838e-11
6.985384676662844e-11
6.258016462575598e-11
5.606617081469639e-11
5.0232250705636216e-11
4.5007187672806673e-11
4.032723839879468e-11
3.6135323101633736e-11
3.238041518129665e-11
2.901680684404753e-11
2.6003600464680362e-11
2.330418664319572e-11
2.0885765410688838e-11
1.8719032414864893e-11
1.6777681117322198e-11
1.5038237935815956e-11
1.347961070660211e-11
1.2082961215163987e-11
1.0831390956074182e-11
9.709804485862717e-12
8.704663033671868e-12
7.803835364523433e-12
6.996485057509543e-12
6.2728582495735046e-12
5.624271297060896e-12
5.042918657817723e-12
4.521784965511691e-12
4.0546691778689124e-12
3.6359077893197537e-12
3.260484844691496e-12
2.9239373356619464e-12
2.622202566961108e-12
2.351675978469633e-12
2.1091193793904274e-12
1.8916418774981413e-12
1.6966438049368269e-12
1.5217886752220858e-12
1.364991605111445e-12
1.224372559688787e-12
1.098265547196749e-12
9.851730086099793e-13
8.837576394047992e-13
7.927989310105501e-13
7.112196122007887e-13
6.380654378232879e-13
5.724452241543737e-13
5.135887751974995e-13
4.607861278191713e-13
4.134246035556301e-13
3.7094404372752556e-13
3.3284981327874524e-13
2.986698876885308e-13
2.6801057172133536e-13
2.4051295340817303e-13
2.1582544016438732e-13
1.9369343129042683e-13
1.7384169076958852e-13
1.560323210406264e-13
1.4004577776706862e-13
1.2570494719049376e-13
1.1285144994218495e-13
1.0132273305907807e-13
9.09865978893386e-14
8.173788276555012e-14
7.34385594058809e-14
6.59993255697698e-14
5.932237277139027e-14
5.3343874924135966e-14
4.799821266448552e-14
4.3219324437222035e-14
3.895487127256996e-14
3.514105984168854e-14
3.1732365634614154e-14
2.8715157455094195e-14
2.6026728025469204e-14
2.363017498248257e-14
2.150479033864522e-14
1.9633858408114855e-14
1.79816940511562e-14
1.652592201787183e-14
1.526486795215476e-14
1.4165994500619704e-14
1.3228291032143607e-14
1.2424460598430855e-14
1.1737188264916205e-14
1.1162812261635558e-14
1.0669169910698121e-14
1.0246781771284519e-14
9.892698323646646e-15
9.608868061611113e-15
9.365626655343755e-15
9.177990925275787e-15
9.023847443383636e-15
8.899759697345572e-15
8.797152021907735e-15
8.713348002489722e-15
8.644263371959776e-15
8.589618478849133e-15
8.545581680609902e-15
8.513347000426245e-15
8.484167018846109e-15
8.45986916960758e-15
8.440539824982897e-15
8.424876685811211e-15
8.413537620481864e-15
8.405172580549797e-15
8.397186968087176e-15
8.392711218551223e-15
8.387277320572568e-15
8.383343349436044e-15
8.383395757094536e-15
8.382231942765698e-15
8.379312721498823e-15
8.377254651829878e-15
8.375083971927856e-15
8.374370348517284e-15
8.372753870820801e-15
8.372710741308073e-15
8.372137097660187e-15
8.371945155483476e-15
8.37120969584691e-15
8.371406687461259e-15
8.370741642434086e-15
8.37115146021185e-15
8.370432468376681e-15
8.370695626553526e-15
8.369704785758952e-15
8.37000391986836e-15
8.369461012316541e-15
8.369911879742593e-15
8.369663797800579e-15
8.370499337222047e-15
8.370276438993367e-15
8.370936488125053e-15
8.370718634525427e-15
8.37143400710015e-15
8.371186689224678e-15
8.372043643217475e-15
8.37157491750595e-15
8.37205298870869e-15
8.371608706893552e-15
8.372289498052146e-15
8.371863920203195e-15
8.372409547350972e-15
8.371955219976596e-15
8.372489339645206e-15
8.371989007829295e-15
8.372398045696302e-15
8.371910648558065e-15
8.372479994641053e-15
8.372078868476072e-15
8.372602916554249e-15
8.372176635764222e-15
8.372623043947038e-15
8.372175916891269e-15
8.372698521239075e-15
8.372264337801269e-15
8.372739494341244e-15
8.372249241614448e-15
8.372623043947038e-15
8.372147161922566e-15
8.372506591933163e-15
8.372137816536473e-15
8.372556192063018e-15
8.37209468385009e-15
8.372546847133482e-15
8.371959533327086e-15
8.3724138604674e-15
8.371919994197742e-15
8.372342693762214e-15
8.371857450102733e-15
8.372350601203774e-15
8.371856012301952e-15
8.372370729203138e-15
8.371835164162869e-15
8.372335505172497e-15
8.371845947689566e-15
8.372389419444931e-15
8.371871109197844e-15
8.372363540637491e-15
8.371838039771346e-15
8.372358508637867e-15
8.371831569650883e-15
8.372360665209504e-15
8.371862482403526e-15
8.372393013717417e-15
8.371852417798918e-15
8.372347006913082e-15
8.371833007455862e-15
8.372360665209504e-15
8.371855293401469e-15
8.37237001034685e-15
8.371860325703557e-15
8.372375761195417e-15
8.371843072083805e-15
8.372347725771344e-15
8.37183372635826e-15
8.372377198906941e-15
8.371858887903269e-15
8.372369291490502e-15
8.371850261096355e-15
8.372372166915526e-15
8.371842353182211e-15
8.372341256044765e-15
8.371844509886809e-15
8.372382230895334e-15
8.371865358002619e-15
8.372364978351115e-15
8.371845228788219e-15
8.372364259494334e-15
8.371830131845655e-15
8.372353476635217e-15
8.371856731202374e-15
8.372394451425978e-15
8.371859606803444e-15
8.37235275777745e-15
8.371831569650883e-15
8.372353476635217e-15
8.37184954219538e-15
8.372371448059363e-15
8.371867514701292e-15
8.372381512040034e-15
8.371841634280555e-15
8.372340537185947e-15
8.371827975137353e-15
8.372378636618219e-15
8.371866076902238e-15
8.372375042339563e-15
8.37184882329434e-15
8.372364978351115e-15
8.37183660196723e-15
8.372342693762214e-15
8.371851698898125e-15
8.372387981735506e-15
8.371863920203195e-15
8.372357789780531e-15
8.371839477575214e-15
8.372365697207833e-15
8.371837320869319e-15
8.37235922749514e-15
8.371855293401469e-15
8.3723872628807e-15
8.371853855600317e-15
8.372354195492924e-15
8.371838758673311e-15
8.37235922749514e-15
8.371848104393239e-15
8.372364259494334e-15
8.371861763503597e-15
8.37238294975057e-15
8.37184882329434e-15
8.37234628805476e-15
8.37182653733151e-15
8.372371448059363e-15
8.371860325703557e-15
8.372376480051211e-15
8.371856012301952e-15
8.372370729203138e-15
8.371835164162869e-15
8.372335505172497e-15
8.371845947689566e-15
8.372389419444931e-15
8.371871109197844e-15
8.372363540637491e-15
8.371838039771346e-15
8.372358508637867e-15
8.371831569650883e-15
8.372360665209504e-15
8.371862482403526e-15
8.372393013717417e-15
8.371852417798918e-15
8.372347006913082e-15
8.371833007455862e-15
8.372360665209504e-15
8.371855293401469e-15
8.37237001034685e-15
8.371860325703557e-15
8.372375761195417e-15
8.371843072083805e-15
8.372347725771344e-15
8.37183372635826e-15
8.372377198906941e-15
8.371858887903269e-15
8.372369291490502e-15
8.371850261096355e-15
8.372372166915526e-15
8.371842353182211e-15
8.372341256044765e-15
8.371844509886809e-15
8.372382230895334e-15
8.371865358002619e-15
8.372364978351115e-15
8.371845228788219e-15
8.372364259494334e-15
8.371830131845655e-15
8.372353476635217e-15
8.371856731202374e-15
8.372394451425978e-15
8.371859606803444e-15
8.37235275777745e-15
8.371831569650883e-15
8.372353476635217e-15
8.37184954219538e-15
8.372371448059363e-15
8.371867514701292e-15
8.372381512040034e-15
8.371841634280555e-15
8.372340537185947e-15
8.371827975137353e-15
8.372378636618219e-15
8.371866076902238e-15
8.372375042339563e-15
8.37184882329434e-15
8.372364978351115e-15
8.37183660196723e-15
8.372342693762214e-15
8.371851698898125e-15
8.372387981735506e-15
8.371863920203195e-15
8.372357789780531e-15
8.371839477575214e-15
8.372365697207833e-15
8.371837320869319e-15
8.37235922749514e-15
8.371855293401469e-15
8.3723872628807e-15
8.371853855600317e-15
8.372354195492924e-15
8.371838758673311e-15
8.37235922749514e-15
8.371848104393239e-15
8.372364259494334e-15
8.371861763503597e-15
8.37238294975057e-15
8.37184882329434e-15
8.37234628805476e-15
8.37182653733151e-15
8.372371448059363e-15
8.371860325703557e-15
8.372376480051211e-15
8.371856012301952e-15
8.372370729203138e-15
8.371835164162869e-15
8.372335505172497e-15
8.371845947689566e-15
8.372389419444931e-15
8.371871109197844e-15
8.372363540637491e-15
8.371838039771346e-15
8.372358508637867e-15
8.371831569650883e-15
8.372360665209504e-15
8.371862482403526e-15
8.372393013717417e-15
8.371852417798918e-15
8.372347006913082e-15
8.371833007455862e-15
8.372360665209504e-15
8.371855293401469e-15
8.37237001034685e-15
8.371860325703557e-15
8.372375761195417e-15
8.371843072083805e-15
8.372347725771344e-15
8.37183372635826e-15
8.372377198906941e-15
8.371858887903269e-15
8.372369291490502e-15
8.371850261096355e-15
8.372372166915526e-15
8.371842353182211e-15
8.372341256044765e-15
8.371844509886809e-15
8.372382230895334e-15
8.371865358002619e-15
8.372364978351115e-15
8.371845228788219e-15
8.372364259494334e-15
8.371830131845655e-15
8.372353476635217e-15
8.371856731202374e-15
8.372394451425978e-15
8.371859606803444e-15
8.37235275777745e-15
8.371831569650883e-15
8.372353476635217e-15
8.37184954219538e-15
8.372371448059363e-15
8.371867514701292e-15
8.372381512040034e-15
8.371841634280555e-15
8.372340537185947e-15
8.371827975137353e-15
8.372378636618219e-15
8.371866076902238e-15
8.372375042339563e-15
8.37184882329434e-15
8.372364978351115e-15
8.37183660196723e-15
8.372342693762214e-15
8.371851698898125e-15
8.372387981735506e-15
8.371863920203195e-15
8.372357789780531e-15
8.371839477575214e-15
8.372365697207833e-15
8.371837320869319e-15
8.37235922749514e-15
8.371855293401469e-15
8.3723872628807e-15
8.371853855600317e-15
8.372354195492924e-15
8.371838758673311e-15
8.37235922749514e-15
8.371848104393239e-15
8.372364259494334e-15
8.371861763503597e-15
8.37238294975057e-15
8.37184882329434e-15
8.37234628805476e-15
8.37182653733151e-15
8.372371448059363e-15
8.371860325703557e-15
8.372376480051211e-15
8.371856012301952e-15
8.372370729203138e-15
8.371835164162869e-15
8.372335505172497e-15
8.371845947689566e-15
8.372389419444931e-15
8.371871109197844e-15
8.372363540637491e-15
8.371838039771346e-15
8.372358508637867e-15
8.371831569650883e-15
8.372360665209504e-15
8.371862482403526e-15
8.372393013717417e-15
8.371852417798918e-15
8.372347006913082e-15
8.371833007455862e-15
8.372360665209504e-15
8.371855293401469e-15
8.37237001034685e-15
8.371860325703557e-15
8.372375761195417e-15
8.371843072083805e-15
8.372347725771344e-15
8.37183372635826e-15
8.372377198906941e-15
8.371858887903269e-15
8.372369291490502e-15
8.371850261096355e-15
8.372372166915526e-15
8.371842353182211e-15
8.372341256044765e-15
8.371844509886809e-15
8.372382230895334e-15
8.371865358002619e-15
8.372364978351115e-15
8.371845228788219e-15
8.372364259494334e-15
8.371830131845655e-15
8.372353476635217e-15
8.371856731202374e-15
8.372394451425978e-15
8.371859606803444e-15
8.37235275777745e-15
8.371831569650883e-15
8.372353476635217e-15
8.37184954219538e-15
8.372371448059363e-15
8.371867514701292e-15
8.372381512040034e-15
8.371841634280555e-15
8.372340537185947e-15
8.371827975137353e-15
8.372378636618219e-15
8.371866076902238e-15
8.372375042339563e-15
8.37184882329434e-15
8.372364978351115e-15
8.37183660196723e-15
8.372342693762214e-15
8.371851698898125e-15
8.372387981735506e-15
8.371863920203195e-15
8.372357789780531e-15
8.371839477575214e-15
8.372365697207833e-15
8.371837320869319e-15
8.37235922749514e-15
8.371855293401469e-15
8.3723872628807e-15
8.371853855600317e-15
8.372354195492924e-15
8.371838758673311e-15
8.37235922749514e-15
8.371848104393239e-15
8.372364259494334e-15
8.371861763503597e-15
8.37238294975057e-15
8.37184882329434e-15
8.37234628805476e-15
8.37182653733151e-15
8.372371448059363e-15
8.371860325703557e-15
8.372376480051211e-15
8.371856012301952e-15
8.372370729203138e-15
8.371835164162869e-15
8.372335505172497e-15
8.371845947689566e-15
8.372389419444931e-15
8.371871109197844e-15
8.372363540637491e-15
8.371838039771346e-15
8.372358508637867e-15
8.371831569650883e-15
8.372360665209504e-15
8.371862482403526e-15
8.372393013717417e-15
8.371852417798918e-15
8.372347006913082e-15
8.371833007455862e-15
8.372360665209504e-15
8.371855293401469e-15
8.37237001034685e-15
8.371860325703557e-15
8.372375761195417e-15
8.371843072083805e-15
8.372347725771344e-15
8.37183372635826e-15
8.372377198906941e-15
8.371858887903269e-15
8.372369291490502e-15
8.371850261096355e-15
8.372372166915526e-15
8.371842353182211e-15
8.372341256044765e-15
8.371844509886809e-15
8.372382230895334e-15
8.371865358002619e-15
8.372364978351115e-15
8.371845228788219e-15
8.372364259494334e-15
8.371830131845655e-15
8.372353476635217e-15
8.371856731202374e-15
8.372394451425978e-15
8.371859606803444e-15
8.37235275777745e-15
8.371831569650883e-15
8.372353476635217e-15
8.37184954219538e-15
8.372371448059363e-15
8.371867514701292e-15
8.372381512040034e-15
8.371841634280555e-15
8.372340537185947e-15
8.371827975137353e-15
8.372378636618219e-15
8.371866076902238e-15
8.372375042339563e-15
8.37184882329434e-15
8.372364978351115e-15
8.37183660196723e-15
8.372342693762214e-15
8.371851698898125e-15
8.372387981735506e-15
8.371863920203195e-15
8.372357789780531e-15
8.371839477575214e-15
8.372365697207833e-15
8.371837320869319e-15
8.37235922749514e-15
8.371855293401469e-15
8.3723872628807e-15
8.371853855600317e-15
8.372354195492924e-15
8.371838758673311e-15
8.37235922749514e-15
8.371848104393239e-15
8.372364259494334e-15
8.371861763503597e-15
8.37238294975057e-15
8.37184882329434e-15
8.37234628805476e-15
8.37182653733151e-15
8.372371448059363e-15
8.371860325703557e-15
8.372376480051211e-15
8.371856012301952e-15
8.372370729203138e-15
8.371835164162869e-15
8.372335505172497e-15
8.371845947689566e-15
8.372389419444931e-15
8.371871109197844e-15
8.372363540637491e-15
8.371838039771346e-15
8.372358508637867e-15
8.371831569650883e-15
8.372360665209504e-15
8.371862482403526e-15
8.372393013717417e-15
8.371852417798918e-15
8.372347006913082e-15
8.371833007455862e-15
8.372360665209504e-15
8.371855293401469e-15
8.37237001034685e-15
8.371860325703557e-15
8.372375761195417e-15
8.371843072083805e-15
8.372347725771344e-15
8.37183372635826e-15
8.372377198906941e-15
8.371858887903269e-15
8.372369291490502e-15
8.371850261096355e-15
8.372372166915526e-15
8.371842353182211e-15
8.372341256044765e-15
8.371844509886809e-15
8.372382230895334e-15
8.371865358002619e-15
8.372364978351115e-15
8.371845228788219e-15
8.372364259494334e-15
8.371830131845655e-15
8.372353476635217e-15
8.371856731202374e-15
8.372394451425978e-15
8.371859606803444e-15
8.37235275777745e-15
8.371831569650883e-15
8.372353476635217e-15
8.37184954219538e-15
8.372371448059363e-15
8.371867514701292e-15
8.372381512040034e-15
8.371841634280555e-15
8.372340537185947e-15
8.371827975137353e-15
8.372378636618219e-15
8.371866076902238e-15
8.372375042339563e-15
8.37184882329434e-15
8.372364978351115e-15
8.37183660196723e-15
8.372342693762214e-15
8.371851698898125e-15
8.372387981735506e-15
8.371863920203195e-15
8.372357789780531e-15
8.371839477575214e-15
8.372365697207833e-15
8.371837320869319e-15
8.37235922749514e-15
8.371855293401469e-15
8.3723872628807e-15
8.371853855600317e-15
8.372354195492924e-15
8.371838758673311e-15
8.37235922749514e-15
8.371848104393239e-15
8.372364259494334e-15
8.371861763503597e-15
8.37238294975057e-15
8.37184882329434e-15
8.37234628805476e-15
8.37182653733151e-15
8.372371448059363e-15
8.371860325703557e-15
8.372376480051211e-15
8.371856012301952e-15
8.372370729203138e-15
8.371835164162869e-15
8.372335505172497e-15
8.371845947689566e-15
8.372389419444931e-15
8.371871109197844e-15
8.372363540637491e-15
8.371838039771346e-15
8.372358508637867e-15
8.371831569650883e-15
8.372360665209504e-15
8.371862482403526e-15
8.372393013717417e-15
8.371852417798918e-15
8.372347006913082e-15
8.371833007455862e-15
8.372360665209504e-15
8.371855293401469e-15
8.37237001034685e-15
8.371860325703557e-15
8.372375761195417e-15
8.371843072083805e-15
8.372347725771344e-15
8.37183372635826e-15
8.372377198906941e-15
8.371858887903269e-15
8.372369291490502e-15
8.371850261096355e-15
8.372372166915526e-15
8.371842353182211e-15
8.372341256044765e-15
8.371844509886809e-15
8.372382230895334e-15
8.371865358002619e-15
8.372364978351115e-15
8.371845228788219e-15
8.372364259494334e-15
8.371830131845655e-15
8.372353476635217e-15
8.371856731202374e-15
8.372394451425978e-15
8.371859606803444e-15
8.37235275777745e-15
8.371831569650883e-15
8.372353476635217e-15
8.37184954219538e-15
8.372371448059363e-15
8.371867514701292e-15
8.372381512040034e-15
8.371841634280555e-15
8.372340537185947e-15
8.371827975137353e-15
8.372378636618219e-15
8.371866076902238e-15
8.372375042339563e-15
8.37184882329434e-15
8.372364978351115e-15
8.37183660196723e-15
8.372342693762214e-15
8.371851698898125e-15
8.372387981735506e-15
8.371863920203195e-15
8.372357789780531e-15
8.371839477575214e-15
8.372365697207833e-15
8.371837320869319e-15
8.37235922749514e-15
8.371855293401469e-15
8.3723872628807e-15
8.371853855600317e-15
8.372354195492924e-15
8.371838758673311e-15
8.37235922749514e-15
8.371848104393239e-15
8.372364259494334e-15
8.371861763503597e-15
8.37238294975057e-15
8.37184882329434e-15
8.37234628805476e-15
8.37182653733151e-15
8.372371448059363e-15
8.371860325703557e-15
8.372376480051211e-15
8.371856012301952e-15
8.372370729203138e-15
8.371835164162869e-15
8.372335505172497e-15
8.371845947689566e-15
8.372389419444931e-15
8.371871109197844e-15
8.372363540637491e-15
8.371838039771346e-15
8.372358508637867e-15
8.371831569650883e-15
8.372360665209504e-15
8.371862482403526e-15
8.372393013717417e-15
8.371852417798918e-15
8.372347006913082e-15
8.371833007455862e-15
8.372360665209504e-15
8.371855293401469e-15
8.37237001034685e-15
8.371860325703557e-15
8.372375761195417e-15
8.371843072083805e-15
8.372347725771344e-15
8.37183372635826e-15
8.372377198906941e-15
8.371858887903269e-15
8.372369291490502e-15
8.371850261096355e-15
8.372372166915526e-15
8.371842353182211e-15
8.372341256044765e-15
8.371844509886809e-15
8.372382230895334e-15
8.371865358002619e-15
8.372364978351115e-15
8.371845228788219e-15
8.372364259494334e-15
8.371830131845655e-15
8.372353476635217e-15
8.371856731202374e-15
8.372394451425978e-15
8.371859606803444e-15
