5.4974333802318025
4.520863212155173
3.829232262935811
3.298236507106949
2.8692262207716515
2.5118740931832226
2.208695059315751
1.948494463590377
1.7234553015190952
1.5277551948242891
1.356851128509449
1.2070955361455418
1.0754994356319743
0.9595754169039599
0.857233841284862
0.7667090926651623
0.6864962954514274
0.6153064106069289
0.5520312690693958
0.49571439906514175
0.44552702058055244
0.4007500209615151
0.36075549914812627
0.3249948902858304
0.2929881489343457
0.2643140289120989
0.23860261848344924
0.21552805213813378
0.19480293391510822
0.17617351201944556
0.1594150427853741
0.14432880021698477
0.13073828389321443
0.11848704903492592
0.10743597159429792
0.09746126342287632
0.08845280348188814
0.08031234549895777
0.07295221031714394
0.06629405199859836
0.06026784997692773
0.054810853704880744
0.04986690474749166
0.04538566373279761
0.041321950314515514
0.037635218413752725
0.03428901538806268
0.031250637152325775
0.028490637250851776
0.025982521386080707
0.023702414077125873
0.021628817172704366
0.019742353167438425
0.018025508932862495
0.016462512364026214
0.015039099010718218
0.013742374710712976
0.012560685729991708
0.011483491053237848
0.010501254402233238
0.009605339590313436
0.00878792475055359
0.008041922862500939
0.0073609108966497605
0.006739061861692076
0.006171083067154792
0.005652176464647266
0.005177983529941226
0.0047445413535468816
0.004348254510155465
0.003985851556181293
0.003654358144570108
0.0033510667344431888
0.003073515141188055
0.002819463057984337
0.0025868711567981683
0.002373881760716828
0.0021788021025075347
0.002000089981680351
0.0018363396447759902
0.0016862692332729639
0.0015487096444456911
0.001422594260902038
0.001306949737973903
0.0012008874697584885
0.0011035963234248534
0.001014335390505643
0.0009324278650965952
0.000857255345673249
0.0007882526583660312
0.0007249031535416727
0.0006667344307200445
0.0006133144486228215
0.0005642479917540516
0.0005191734450057607
0.00047775988274489424
0.0004397043970686528
0.0004047296674711115
0.00037258174859479957
0.0003430280543143372
0.0003158555202037785
0.00029086892813725467
0.00026788937830435415
0.00024675289530106027
0.00022730915620387126
0.00020942032965932594
0.00019296001603771144
0.00017781227961890424
0.0001638707646094097
0.00015103788754192827
0.00013922409928961724
0.00012834721054354856
0.00011833177516141505
0.00010910852630069618
0.00010061386070988334
9.278936696662409e-05
8.558139383048655e-05
7.894065522025117e-05
7.28218686373132e-05
6.718342413993052e-05
6.198708122909774e-05
5.719769124127917e-05
5.278294305508861e-05
4.8713130111885905e-05
4.4960936926286666e-05
4.1501243421919884e-05
3.8310945573735615e-05
3.536879096986429e-05
3.265522802723328e-05
3.0152267704623824e-05
2.7843356656912e-05
2.5713260865700416e-05
2.3747958864367658e-05
2.1934543751397953e-05
2.0261133255329546e-05
1.871678717726202e-05
1.7291431594800674e-05
1.5975789263359403e-05
1.4761315699352793e-05
1.3640140473138421e-05
1.2605013279326906e-05
1.1649254389453287e-05
1.0766709124311446e-05
9.951706014660392e-06
9.199018346363572e-06
8.503828811522468e-06
7.861697010870646e-06
7.268529573451256e-06
6.720552679667317e-06
6.214286790964725e-06
5.746523406463553e-06
5.314303681402771e-06
4.914898755597786e-06
4.545791653585989e-06
4.204660628578748e-06
3.889363833612516e-06
3.597925212231027e-06
3.3285215107553716e-06
3.0794703211278864e-06
2.849219071765404e-06
2.6363348900710747e-06
2.4394952666232474e-06
2.2574794566522277e-06
2.0891605599873978e-06
1.9334982249714906e-06
1.7895319267920497e-06
1.656374774013418e-06
1.5332078016514454e-06
1.4192747117690102e-06
1.313877026234302e-06
1.216369618768626e-06
1.126156596311315e-06
1.0426875021106595e-06
9.654538148121158e-07
8.939857206029182e-07
8.278491365023005e-07
7.666429650358405e-07
7.099965624392405e-07
6.575674031421061e-07
6.090389252979555e-07
5.641185433832272e-07
5.225358143657308e-07
4.840407456908042e-07
4.484022339837266e-07
4.1540662408722334e-07
3.8485637929587476e-07
3.5656885386970976e-07
3.30375160072521e-07
3.061191221587051e-07
2.836563108461771e-07
2.628531517836685e-07
2.435861022467416e-07
2.2574089114988892e-07
2.092118168925069e-07
1.9390109914612051e-07
1.797182799921152e-07
1.6657967081652276e-07
1.5440784139812324e-07
1.4313114781360886e-07
1.3268329648699065e-07
1.230029411739207e-07
1.1403331073473634e-07
1.057218650082928e-07
9.801997702910962e-08
9.088263911109931e-08
8.426819129320208e-08
7.813807035175068e-08
7.245657778492174e-08
6.719066528216098e-08
6.23097364667621e-08
5.7785463576806934e-08
5.3591617945408255e-08
4.970391322843323e-08
4.609986053330472e-08
4.2758634314340996e-08
3.9660948544747704e-08
3.678894191712095e-08
3.412607190795329e-08
3.1657016702886073e-08
2.9367584380110725e-08
2.7244629127996314e-08
2.5275973393546978e-08
2.3450336227447378e-08
2.1757266720862095e-08
2.0187082530656427e-08
1.87308129579818e-08
1.738014628246866e-08
1.612738105066144e-08
1.496538088725553e-08
1.3887532862507423e-08
1.288770873952054e-08
1.1960229281363478e-08
1.1099831143651604e-08
1.0301636166173208e-08
9.561122978731372e-09
8.874100897378924e-09
8.236685384845274e-09
7.645275662989885e-09
7.096533842602916e-09
6.587365548183444e-09
6.114902100069858e-09
5.676483964671962e-09
5.269645384292617e-09
4.892100129142233e-09
4.5417284189601514e-09
4.216564725740714e-09
3.9147864245186164e-09
3.6347034067215436e-09
3.3747483731249946e-09
3.1334678129919597e-09
2.9095137557441806e-09
2.7016360519807656e-09
2.5086751716007577e-09
2.3295556831528334e-09
2.1632800840410026e-09
2.0089231235316344e-09
1.865626534255268e-09
1.7325941593814263e-09
1.6090874403628724e-09
1.4944212246386555e-09
1.3879599020216513e-09
1.2891137368597658e-09
1.1973356045163157e-09
1.112117913934897e-09
1.0329896441673016e-09
9.595137897934049e-10
8.91284825910591e-10
8.279264844068957e-10
7.690896195625596e-10
7.144501730960952e-10
6.637074781577195e-10
6.165824328867934e-10
5.728160794268298e-10
5.321680424547901e-10
4.944152702532585e-10
4.593506988107204e-10
4.2678210540748744e-10
3.965311386645738e-10
3.68432218260142e-10
3.4233164217650545e-10
3.180867532076674e-10
2.955650838981917e-10
2.746436958215543e-10
2.552084432589382e-10
2.3715334329041714e-10
2.2038000926823546e-10
2.04797133062689e-10
1.9031990992583954e-10
1.76869573721002e-10
1.6437301504096306e-10
1.5276237462024583e-10
1.419746095586536e-10
1.3195119144069662e-10
1.2263775042256435e-10
1.1398385381301293e-10
1.0594260077453757e-10
9.847047933500924e-11
9.152706406778702e-11
8.507481453365475e-11
7.907885920879678e-11
7.350683026742255e-11
6.83286386705223e-11
6.351636855178449e-11
5.904405507044952e-11
5.488763835546974e-11
5.1024695690093506e-11
4.743444710902053e-11
4.409757144145663e-11
4.099614760569731e-11
3.8113495884857086e-11
3.5434163538713885e-11
3.294372862442225e-11
3.0628830192498395e-11
2.847705746617866e-11
2.6476887715772394e-11
2.461760861831348e-11
2.288926823862759e-11
2.128262195331959e-11
1.978905540736627e-11
1.840058730123656e-11
1.710980145778454e-11
1.590981423946685e-11
1.4794218313827213e-11
1.3757050245019894e-11
1.2792788476424909e-11
1.1896274277285483e-11
1.106276023915478e-11
1.0287805151821942e-11
9.567279159051893e-12
8.897344817225248e-12
8.274428239704897e-12
7.6952358591733e-12
7.15667426040951e-12
6.655898621185631e-12
6.190241739246296e-12
5.757258796344858e-12
5.354623821111806e-12
4.9802035994640885e-12
4.6320271162236985e-12
4.308238319787022e-12
4.007138400025507e-12
3.727123254969882e-12
3.466715420350474e-12
3.224551308150506e-12
2.9993368330606547e-12
2.7898632693058065e-12
2.595058191824739e-12
2.413893263870034e-12
2.2454025903227942e-12
2.0886870678170293e-12
1.9429145239143534e-12
1.8073465055474768e-12
1.6812552302518993e-12
1.5639638724587408e-12
1.454875788694108e-12
1.3533933982750642e-12
1.25900377962146e-12
1.1712060371967393e-12
1.089544805664398e-12
1.0135721936189264e-12
9.429124158386036e-13
8.771793730432087e-13
8.160423482538428e-13
7.591523454862563e-13
7.062403807227604e-13
6.570192848307321e-13
6.112210473466421e-13
5.686293342051484e-13
5.290150966522599e-13
4.921588121993023e-13
4.578579135598709e-13
4.25940646043178e-13
3.9625232762785484e-13
3.686286472149287e-13
3.429252807074917e-13
3.1902054981165586e-13
2.967771754206279e-13
2.760750053808099e-13
2.568246692955e-13
2.389160675436905e-13
2.2225075756092084e-13
2.0675312302170998e-13
1.9231906362027124e-13
1.7889614373567097e-13
1.6641782706672125e-13
1.5480177407600649e-13
1.4398585951771383e-13
1.3392004960629202e-13
1.2455415730379613e-13
1.1582870371382424e-13
1.0772154349072129e-13
1.0018742790389335e-13
9.317958347258041e-14
8.665259224647618e-14
8.057090751602572e-14
7.491144525957895e-14
6.966636641866182e-14
6.479026369418845e-14
6.023880480770056e-14
5.6005891974492044e-14
5.207452623083093e-14
4.8406249870488274e-14
4.4987683702275116e-14
4.182357261036332e-14
3.886298235012908e-14
3.6109135920411515e-14
3.355337080089092e-14
3.1183996727816267e-14
2.897623220664804e-14
2.6925768253529148e-14
2.5026612819241626e-14
2.325125893144441e-14
2.1607531433917502e-14
2.0080156776434224e-14
1.865211200233253e-14
1.7313795746497714e-14
1.6067982456475683e-14
1.49077134536969e-14
1.3832856858867796e-14
1.2811516461464602e-14
1.1867131217386073e-14
1.0995962483527294e-14
1.0194594107947846e-14
9.45098539975214e-15
8.762716409314122e-15
8.127545675531348e-15
7.538275944473084e-15
6.990323693212323e-15
6.485179901524133e-15
6.0091745151314595e-15
5.5656082495182786e-15
5.130427303609689e-15
4.7278146740046135e-15
4.35578494689853e-15
4.022438103525721e-15
3.724823761020787e-15
3.4468920546182465e-15
3.1945402637412012e-15
2.9567810795676546e-15
2.738557025758448e-15
2.5400095760800777e-15
2.3543265413566376e-15
2.183147254606526e-15
2.030250574854024e-15
1.887725895263321e-15
1.7537796962866615e-15
1.6297069251894966e-15
1.5185916345322822e-15
1.4098276027186138e-15
1.3151515183713588e-15
1.2275102381026135e-15
1.1481536992996754e-15
1.0725235653673761e-15
9.786177695969238e-16
