16.716772124166354
14.194319344307829
7.913104929536173
6.462547822400898
5.3584377320366094
3.739049175733652
3.4107290613032992
2.4650185417522543
2.2809090582426994
1.691616901409295
1.4734578356210721
1.1219593887981716
1.0472983134973253
0.8059800902386922
0.7126387691059105
0.557296223097564
0.5238403593696402
0.4125330645987274
0.368246423064768
0.2931114422878008
0.2623148042438475
0.23563481519551088
0.1889346619340312
0.1701248987965794
0.13739503571434916
0.12391282940947754
0.1120143097487907
0.09095328599263207
0.08235060585360623
0.06723671442720673
0.06093263281845154
0.05532942390194395
0.04535273107156487
0.04122232498486556
0.033953532712104
0.03233630277791566
0.0266515448182938
0.024291144360778588
0.020100013837091608
0.019177912333355394
0.015878896343699437
0.014506323307837892
0.01205024548137617
0.011011831927493557
0.010075460558862118
0.008389082326077164
0.007678737230088471
0.006416051506118112
0.006130314336293817
0.005120901113615531
0.004695771232578534
0.003934200989659296
0.0037644251045893737
0.003153921321918749
0.0028967232346887328
0.0024330492412125374
0.0022347245515073827
0.002054727052892214
0.0017287300939947093
0.0015897232322729632
0.0014631318215784814
0.0012330633779841726
0.0011351271463308599
0.0009592120073969908
0.0009193494445521001
0.0007765774029416504
0.0007158625429997993
0.000606070604890095
0.0005586232485952968
0.0005154182943085255
0.000436963637550187
0.00040317222568076795
0.00037230978348382716
0.00031607620787848156
0.00029191185564397023
0.00024846114367626653
0.00023846036746397731
0.000202837177008612
0.0001875622088784488
0.0001598886834897697
0.00015364108116342363
0.00013094230266542638
0.00012122078760849166
0.00010350310480615456
9.58169478158812e-05
8.877190967745196e-05
7.588865102315582e-05
7.03143756036848e-05
6.51925627826939e-05
5.5799562975675984e-05
5.1742968300175244e-05
4.437846919886614e-05
4.270062614686214e-05
3.661034020781936e-05
3.398496733828334e-05
2.9187586292525573e-05
2.7092858498239807e-05
2.5167660746461795e-05
2.1637387438228438e-05
2.085288358090282e-05
1.7930136805282325e-05
1.545166448941991e-05
1.4880671564340384e-05
1.2816890050562048e-05
1.1922160377208864e-05
1.0285197933727885e-05
9.565910793523928e-06
8.272248562491241e-06
8.269704373054539e-06
8.111017484694718e-06
8.111016923837785e-06
8.111016921620708e-06
8.111016904061771e-06
8.111016623599548e-06
8.111016622464275e-06
8.111016613731516e-06
8.111016613189371e-06
8.1110166126472e-06
8.111016612105055e-06
8.111016611562848e-06
8.111016611301101e-06
8.111016611039337e-06
8.111016610777594e-06
8.111016610515835e-06
8.111016610254153e-06
8.111016609992394e-06
8.11101660973064e-06
8.111016609468925e-06
8.111016609207224e-06
8.111016608945468e-06
8.111016608683723e-06
8.111016608421965e-06
8.111016608160194e-06
8.11101660802443e-06
8.111016607888639e-06
8.11101660775287e-06
8.11101660761708e-06
8.111016607481323e-06
8.111016607345567e-06
8.111016607209778e-06
8.111016607074007e-06
8.111016606938248e-06
8.111016606802478e-06
8.111016606666716e-06
8.111016606530933e-06
8.111016606395166e-06
8.111016606259386e-06
8.111016606123617e-06
8.111016605987846e-06
8.111016605852055e-06
8.111016605716272e-06
8.111016605580505e-06
8.111016605512356e-06
8.111016605444226e-06
8.111016605376107e-06
8.111016605307977e-06
8.111016605172213e-06
8.111016605036444e-06
8.111016604900686e-06
8.111016604764898e-06
8.111016604629117e-06
8.11101660449336e-06
8.111016604357569e-06
8.111016604221801e-06
8.111016604086028e-06
8.11101660401791e-06
8.111016603949763e-06
8.111016603881626e-06
8.11101660385529e-06
8.111016603828946e-06
8.111016603802618e-06
8.11101660377626e-06
8.111016603749924e-06
8.11101660372361e-06
8.111016603697244e-06
8.111016603670915e-06
8.111016603644575e-06
8.111016603618238e-06
8.111016603591902e-06
8.111016603565562e-06
8.111016603539221e-06
8.111016603512862e-06
8.11101660348653e-06
8.111016603460203e-06
8.111016603433855e-06
8.111016603407518e-06
8.111016603381187e-06
8.111016603354837e-06
8.111016603328496e-06
8.111016603302152e-06
8.11101660327582e-06
8.111016603249478e-06
8.111016603223134e-06
8.111016603196803e-06
8.11101660317046e-06
8.111016603144116e-06
8.111016603117787e-06
8.111016603091434e-06
8.111016603065101e-06
8.111016603038765e-06
8.111016603012407e-06
8.111016603002912e-06
8.111016602993405e-06
8.111016602983905e-06
8.111016602974401e-06
8.111016602964899e-06
8.111016602955397e-06
8.111016602945893e-06
8.111016602936396e-06
8.111016602926884e-06
8.111016602917375e-06
8.111016602907872e-06
8.111016602898382e-06
8.111016602888873e-06
8.111016602879372e-06
8.11101660286987e-06
8.111016602860367e-06
8.111016602850863e-06
8.11101660284137e-06
8.111016602831857e-06
8.111016602822359e-06
8.111016602812857e-06
8.11101660280336e-06
8.111016602793851e-06
8.11101660278435e-06
8.111016602774835e-06
8.111016602765347e-06
8.111016602755846e-06
8.111016602746341e-06
8.11101660273684e-06
8.111016602727335e-06
8.11101660271783e-06
8.111016602708326e-06
8.111016602698824e-06
8.111016602689319e-06
8.111016602679813e-06
8.111016602670315e-06
8.11101660266081e-06
8.111016602651305e-06
8.111016602641807e-06
8.111016602632298e-06
8.111016602622788e-06
8.111016602613294e-06
8.111016602545194e-06
8.111016602477054e-06
8.11101660240892e-06
8.111016602340768e-06
8.111016602272655e-06
8.111016602204523e-06
8.111016602136394e-06
8.111016602068257e-06
8.111016601932491e-06
8.111016601864342e-06
8.111016601796222e-06
8.111016601728085e-06
8.111016601659974e-06
8.111016601591832e-06
8.111016601456039e-06
8.111016601387919e-06
8.111016601319787e-06
8.11101660125164e-06
8.111016601183502e-06
8.111016601115372e-06
8.111016601047255e-06
8.11101660097912e-06
8.111016600910971e-06
8.11101660084285e-06
8.111016600774716e-06
8.111016600765212e-06
8.111016600755719e-06
8.111016600746208e-06
8.111016600736706e-06
8.111016600727209e-06
8.111016600717702e-06
8.111016600708202e-06
8.111016600698703e-06
8.111016600689194e-06
8.111016600679694e-06
8.11101660067019e-06
8.111016600660678e-06
8.11101660065117e-06
8.111016600641683e-06
8.111016600632174e-06
8.111016600622678e-06
8.11101660061317e-06
8.111016600603666e-06
8.111016600594169e-06
8.111016600584662e-06
8.111016600575157e-06
8.111016600565653e-06
8.111016600556146e-06
8.111016600546645e-06
8.111016600537152e-06
8.111016600527646e-06
8.111016600518146e-06
8.111016600508644e-06
8.111016600499132e-06
8.111016600489647e-06
8.111016600480135e-06
8.111016600470624e-06
8.11101660046112e-06
8.111016600451629e-06
8.111016600442125e-06
8.111016600432618e-06
8.11101660042312e-06
8.111016600413605e-06
8.111016600404105e-06
8.111016600394598e-06
8.11101660038511e-06
8.111016600375604e-06
8.111016600366104e-06
8.111016600356597e-06
8.111016600347093e-06
8.111016600337604e-06
8.111016600328086e-06
8.111016600318594e-06
8.111016600309087e-06
8.111016600299571e-06
8.111016600290072e-06
8.111016600280577e-06
8.111016600276994e-06
8.111016600273415e-06
8.111016600269835e-06
8.111016600266245e-06
8.111016600262667e-06
8.111016600259086e-06
8.111016600255502e-06
8.111016600251924e-06
8.111016600248346e-06
8.111016600244761e-06
8.111016600241178e-06
8.111016600237595e-06
8.111016600234016e-06
8.111016600230436e-06
8.11101660022685e-06
8.111016600223274e-06
8.11101660015512e-06
8.111016600087008e-06
8.111016600018856e-06
8.111016599992527e-06
8.111016599966192e-06
8.111016599956694e-06
8.111016599947187e-06
8.111016599937683e-06
8.111016599928181e-06
8.111016599918676e-06
8.111016599909172e-06
8.111016599899666e-06
8.111016599890173e-06
8.111016599880667e-06
8.111016599871155e-06
8.111016599861655e-06
8.111016599852161e-06
8.111016599842666e-06
8.111016599833154e-06
8.111016599823652e-06
8.11101659981414e-06
8.11101659980464e-06
8.11101659979514e-06
8.11101659978564e-06
8.111016599776135e-06
8.111016599766626e-06
8.111016599757124e-06
8.111016599747627e-06
8.111016599738129e-06
8.111016599728625e-06
8.111016599719118e-06
8.111016599709611e-06
8.111016599700109e-06
8.111016599690609e-06
8.11101659968111e-06
8.111016599671603e-06
8.111016599662102e-06
8.111016599652604e-06
8.111016599643095e-06
8.111016599633588e-06
8.111016599624096e-06
8.11101659961459e-06
8.11101659960508e-06
8.111016599595582e-06
8.111016599586076e-06
8.111016599576562e-06
8.111016599567065e-06
8.11101659955756e-06
8.111016599548065e-06
8.11101659953856e-06
8.111016599529049e-06
8.111016599519549e-06
8.111016599510057e-06
8.111016599500551e-06
8.11101659949105e-06
8.111016599481542e-06
8.111016599472038e-06
8.111016599462531e-06
8.111016599453024e-06
8.111016599443532e-06
8.11101659943403e-06
8.11101659942454e-06
8.111016599415023e-06
8.111016599405518e-06
8.111016599396016e-06
8.111016599386512e-06
8.111016599377012e-06
8.111016599367503e-06
8.111016599358002e-06
8.111016599348499e-06
8.111016599338987e-06
8.1110165993295e-06
8.111016599319998e-06
8.111016599310484e-06
8.111016599300987e-06
8.111016599291487e-06
8.111016599281983e-06
8.111016599272491e-06
8.111016599262974e-06
8.111016599253473e-06
8.111016599243971e-06
8.111016599234473e-06
8.11101659922496e-06
8.111016599215462e-06
8.111016599205958e-06
8.111016599196461e-06
8.111016599186961e-06
8.11101659917745e-06
8.111016599167955e-06
8.111016599158436e-06
8.11101659914894e-06
8.111016599139434e-06
8.111016599129932e-06
8.11101659912043e-06
8.111016599110928e-06
8.11101659910142e-06
8.111016599091924e-06
8.111016599082417e-06
8.111016599072917e-06
8.111016599063411e-06
8.111016599053907e-06
8.111016599044412e-06
8.111016599034908e-06
8.111016599025406e-06
8.111016599015896e-06
8.111016599006399e-06
8.111016598996897e-06
8.1110165989874e-06
8.111016598977891e-06
8.111016598968388e-06
8.111016598958884e-06
8.11101659894938e-06
8.111016598939873e-06
8.11101659893037e-06
8.111016598920862e-06
8.111016598911365e-06
8.11101659890186e-06
8.111016598892365e-06
8.111016598882861e-06
8.111016598873359e-06
8.11101659886385e-06
8.111016598854346e-06
8.111016598844856e-06
8.111016598835346e-06
8.111016598825845e-06
8.111016598816338e-06
8.111016598806831e-06
8.111016598797338e-06
8.11101659878783e-06
8.111016598778327e-06
8.111016598768827e-06
8.111016598759321e-06
8.111016598749821e-06
8.11101659874032e-06
8.111016598730817e-06
8.111016598721305e-06
8.111016598711801e-06
8.111016598702299e-06
8.11101659869281e-06
8.111016598683295e-06
8.111016598656967e-06
8.111016598630616e-06
8.111016598604277e-06
8.111016598577936e-06
8.111016598551605e-06
8.11101659852527e-06
8.11101659849892e-06
8.111016598472579e-06
8.111016598446251e-06
8.111016598419895e-06
8.11101659839356e-06
8.111016598367223e-06
8.111016598340875e-06
8.111016598314539e-06
8.111016598288201e-06
8.111016598261857e-06
8.111016598235521e-06
8.11101659820919e-06
8.111016598199683e-06
8.111016598190186e-06
8.111016598180674e-06
8.11101659817118e-06
8.111016598161675e-06
8.111016598152187e-06
8.111016598142668e-06
8.111016598133167e-06
8.11101659812367e-06
8.111016598114165e-06
8.111016598104665e-06
8.111016598095154e-06
8.111016598085656e-06
8.111016598076162e-06
8.111016598066646e-06
8.111016598057151e-06
8.11101659804765e-06
8.111016598038149e-06
8.111016598028635e-06
8.111016598019131e-06
8.111016598009634e-06
8.111016598000129e-06
8.111016597990624e-06
8.111016597981128e-06
8.111016597971614e-06
8.111016597962123e-06
8.111016597952614e-06
8.111016597943107e-06
8.111016597933603e-06
8.11101659792411e-06
8.111016597914613e-06
8.111016597905099e-06
8.111016597895595e-06
8.111016597886096e-06
8.11101659787659e-06
8.111016597867092e-06
8.111016597857583e-06
8.111016597848083e-06
8.111016597838573e-06
8.111016597829079e-06
8.111016597819565e-06
8.111016597810078e-06
8.111016597800565e-06
8.111016597791063e-06
8.11101659778157e-06
8.111016597772062e-06
8.111016597762562e-06
8.111016597753051e-06
8.111016597749478e-06
8.111016597745899e-06
8.111016597742309e-06
8.11101659773873e-06
8.111016597735147e-06
8.111016597731569e-06
8.111016597727982e-06
8.11101659772441e-06
8.11101659772082e-06
8.111016597717244e-06
8.11101659771366e-06
8.11101659771008e-06
8.1110165977065e-06
8.111016597702912e-06
8.111016597699339e-06
8.11101659769575e-06
8.111016597692171e-06
8.111016597688587e-06
8.11101659768501e-06
8.111016597681423e-06
8.111016597677848e-06
8.111016597674274e-06
8.111016597670687e-06
8.111016597667104e-06
8.111016597663527e-06
8.11101659765994e-06
8.111016597656356e-06
8.111016597652773e-06
8.111016597649191e-06
8.111016597645613e-06
8.111016597642032e-06
8.111016597638453e-06
8.111016597634868e-06
8.111016597631285e-06
8.111016597627707e-06
8.111016597624126e-06
8.11101659762055e-06
8.111016597616957e-06
8.111016597613377e-06
8.111016597609792e-06
8.111016597606218e-06
8.11101659760264e-06
8.11101659759905e-06
8.111016597595476e-06
8.111016597591886e-06
8.111016597588313e-06
8.111016597584732e-06
8.11101659758115e-06
8.11101659757756e-06
8.111016597573983e-06
8.1110165975704e-06
8.111016597566822e-06
8.111016597563238e-06
8.111016597559655e-06
8.111016597556079e-06
8.111016597552501e-06
8.11101659754892e-06
8.111016597545332e-06
8.111016597541752e-06
8.111016597538166e-06
8.11101659753459e-06
8.111016597531015e-06
8.111016597527424e-06
8.111016597523849e-06
8.111016597520261e-06
8.111016597516683e-06
8.111016597513099e-06
8.111016597509519e-06
8.111016597505936e-06
8.111016597502351e-06
8.11101659749877e-06
8.11101659749519e-06
8.11101659749161e-06
8.111016597488026e-06
8.111016597484438e-06
8.111016597480859e-06
8.111016597477288e-06
8.1110165974737e-06
8.111016597470122e-06
8.111016597466535e-06
8.111016597462961e-06
8.111016597459381e-06
8.111016597455797e-06
8.111016597452216e-06
8.111016597448633e-06
8.11101659744505e-06
8.111016597441468e-06
8.111016597437889e-06
8.11101659743431e-06
8.111016597430723e-06
8.11101659742714e-06
8.111016597423557e-06
8.111016597419984e-06
8.111016597416398e-06
8.111016597412813e-06
8.111016597409232e-06
8.111016597405647e-06
8.111016597402063e-06
8.111016597398493e-06
8.111016597394914e-06
8.111016597391324e-06
8.111016597387744e-06
8.111016597384158e-06
8.111016597374656e-06
8.111016597365161e-06
8.111016597355644e-06
8.111016597346148e-06
8.111016597336648e-06
8.111016597327136e-06
8.111016597317642e-06
8.111016597308149e-06
8.111016597298642e-06
8.111016597289126e-06
8.111016597279627e-06
8.111016597270122e-06
8.111016597260632e-06
8.111016597251128e-06
8.11101659724162e-06
8.111016597232124e-06
8.11101659722262e-06
8.111016597213118e-06
8.111016597203613e-06
8.111016597194113e-06
8.111016597184606e-06
8.111016597175105e-06
8.1110165971656e-06
8.1110165971561e-06
8.111016597146582e-06
8.11101659713709e-06
8.111016597127588e-06
8.111016597118085e-06
8.111016597108591e-06
8.111016597099086e-06
8.111016597089572e-06
8.111016597080075e-06
8.111016597070571e-06
8.111016597061068e-06
8.111016597051562e-06
8.111016597042057e-06
8.11101659703256e-06
8.11101659702304e-06
8.111016597013549e-06
8.111016597013183e-06
8.11101659701281e-06
8.111016597012443e-06
8.111016597012077e-06
8.111016597011708e-06
8.111016597011338e-06
8.111016597010969e-06
8.1110165970106e-06
8.111016597010234e-06
8.11101659700986e-06
8.111016597009495e-06
8.111016597009124e-06
8.111016597008755e-06
8.111016597008382e-06
8.111016597008018e-06
8.111016597007652e-06
8.111016597007283e-06
8.111016597006913e-06
8.11101659700654e-06
8.111016597006176e-06
8.111016597005804e-06
8.111016597005434e-06
8.111016597005067e-06
8.111016597004694e-06
8.111016597004327e-06
8.11101659700396e-06
8.111016597003593e-06
8.111016597003224e-06
8.111016597002853e-06
8.111016597002485e-06
8.111016597002117e-06
8.11101659700175e-06
8.111016597001379e-06
8.11101659700101e-06
8.111016597000639e-06
8.111016597000271e-06
8.111016596999902e-06
8.111016596999534e-06
8.111016596999165e-06
8.111016596998797e-06
8.111016596998426e-06
8.111016596998058e-06
8.111016596997691e-06
8.111016596997322e-06
8.111016596996949e-06
8.11101659699658e-06
8.111016596996212e-06
8.111016596995848e-06
8.111016596995478e-06
8.111016596995109e-06
8.11101659699474e-06
8.11101659699437e-06
8.111016596994005e-06
8.111016596993634e-06
8.111016596993263e-06
8.111016596992898e-06
8.111016596992524e-06
8.111016596992158e-06
8.111016596991789e-06
8.111016596991421e-06
8.111016596991052e-06
8.111016596990683e-06
8.11101659699031e-06
8.111016596989944e-06
8.111016596989571e-06
8.111016596989207e-06
8.111016596988838e-06
8.111016596988468e-06
8.111016596988099e-06
8.111016596987731e-06
8.111016596987357e-06
8.111016596986991e-06
8.111016596986627e-06
8.111016596986254e-06
8.111016596985885e-06
8.111016596985517e-06
8.111016596985148e-06
8.111016596984777e-06
8.111016596984413e-06
8.11101659698404e-06
8.111016596983669e-06
8.111016596983307e-06
8.111016596982936e-06
8.111016596982568e-06
8.1110165969822e-06
8.111016596981831e-06
8.111016596981462e-06
8.111016596981089e-06
8.111016596980727e-06
8.111016596980357e-06
8.111016596979986e-06
8.111016596979615e-06
8.111016596979251e-06
8.11101659697888e-06
8.11101659697851e-06
8.11101659697814e-06
8.111016596977772e-06
8.111016596977401e-06
8.111016596977033e-06
8.111016596976668e-06
8.111016596976297e-06
8.111016596975929e-06
8.11101659697556e-06
8.11101659697519e-06
8.111016596974823e-06
8.111016596974453e-06
8.111016596974079e-06
8.111016596973713e-06
8.111016596973344e-06
8.111016596972976e-06
8.111016596972607e-06
8.11101659697224e-06
8.111016596971872e-06
8.111016596971504e-06
8.111016596971135e-06
8.111016596970767e-06
8.111016596970398e-06
8.111016596970027e-06
8.111016596969657e-06
8.11101659696929e-06
8.11101659696892e-06
8.111016596968551e-06
8.111016596968182e-06
8.111016596967816e-06
8.111016596967445e-06
8.111016596967079e-06
8.11101659696671e-06
8.11101659696634e-06
8.111016596965973e-06
8.1110165969656e-06
8.111016596965236e-06
8.111016596964863e-06
8.111016596964497e-06
8.111016596964128e-06
8.111016596963759e-06
8.111016596963391e-06
8.11101659696302e-06
8.111016596962653e-06
8.111016596962283e-06
8.111016596961916e-06
8.111016596961546e-06
8.111016596961177e-06
8.111016596960808e-06
8.11101659696044e-06
8.111016596960069e-06
8.1110165969597e-06
8.111016596959337e-06
8.111016596958963e-06
8.111016596958595e-06
8.111016596958224e-06
8.111016596957855e-06
8.111016596957487e-06
8.11101659695712e-06
8.111016596956745e-06
8.111016596956378e-06
8.11101659695601e-06
8.11101659695564e-06
8.11101659695527e-06
8.111016596954902e-06
8.111016596954533e-06
8.111016596954165e-06
8.111016596953798e-06
8.111016596953428e-06
8.111016596953059e-06
8.111016596952695e-06
8.11101659695232e-06
8.111016596951958e-06
8.111016596951583e-06
8.111016596951214e-06
8.111016596950845e-06
8.111016596950479e-06
8.11101659695011e-06
8.11101659694974e-06
8.111016596949371e-06
8.111016596948998e-06
8.111016596948632e-06
8.111016596948261e-06
8.111016596947896e-06
8.111016596947528e-06
8.111016596947157e-06
8.11101659694679e-06
8.111016596946418e-06
8.111016596946052e-06
8.111016596945683e-06
8.111016596945314e-06
8.111016596944948e-06
8.111016596944579e-06
8.111016596944211e-06
8.111016596943838e-06
8.11101659694347e-06
8.111016596943101e-06
8.111016596942734e-06
8.111016596942364e-06
8.111016596941993e-06
8.111016596941627e-06
8.111016596941256e-06
8.111016596940887e-06
8.111016596940521e-06
8.11101659694015e-06
8.111016596939784e-06
8.111016596939413e-06
8.111016596939044e-06
8.111016596938673e-06
8.111016596938305e-06
8.111016596937936e-06
8.11101659693757e-06
8.111016596937203e-06
8.11101659693683e-06
8.111016596936462e-06
8.111016596936095e-06
8.111016596935725e-06
8.111016596935356e-06
8.111016596934988e-06
8.111016596934619e-06
8.111016596934248e-06
8.111016596933877e-06
8.111016596933513e-06
8.11101659693314e-06
8.111016596932774e-06
8.111016596932405e-06
8.111016596932036e-06
8.111016596931666e-06
8.111016596931299e-06
8.111016596930931e-06
8.111016596930558e-06
8.111016596930194e-06
8.111016596929825e-06
8.111016596929454e-06
8.111016596929085e-06
8.111016596928715e-06
8.111016596928348e-06
8.111016596927977e-06
8.11101659692761e-06
8.111016596927241e-06
8.111016596926872e-06
8.1110165969265e-06
8.111016596926132e-06
8.111016596925764e-06
8.111016596925395e-06
8.111016596925026e-06
8.111016596924656e-06
8.111016596924289e-06
8.111016596923921e-06
8.111016596923553e-06
8.111016596923182e-06
8.111016596922813e-06
8.111016596922444e-06
8.111016596922076e-06
8.111016596921707e-06
8.11101659692134e-06
8.111016596920972e-06
8.1110165969206e-06
8.111016596920235e-06
8.111016596919864e-06
8.111016596919493e-06
8.111016596919127e-06
8.111016596918756e-06
8.11101659691839e-06
8.111016596918024e-06
8.11101659691765e-06
8.111016596917285e-06
8.111016596916914e-06
8.111016596916545e-06
8.111016596916176e-06
8.111016596915807e-06
8.111016596915439e-06
8.111016596915071e-06
8.111016596914699e-06
8.111016596914333e-06
8.111016596913963e-06
8.111016596913594e-06
8.111016596913226e-06
8.111016596912859e-06
8.111016596912493e-06
8.111016596912117e-06
8.11101659691175e-06
8.111016596911382e-06
8.111016596911014e-06
8.111016596910645e-06
8.111016596910275e-06
8.111016596909903e-06
8.111016596909533e-06
8.111016596909167e-06
8.111016596908798e-06
8.111016596908432e-06
8.111016596908063e-06
8.111016596907692e-06
8.111016596907323e-06
8.111016596906955e-06
8.111016596906587e-06
8.111016596906216e-06
8.111016596905847e-06
8.111016596905474e-06
8.111016596905105e-06
8.111016596904743e-06
8.11101659690437e-06
8.111016596904004e-06
8.111016596903635e-06
8.111016596903264e-06
8.1110165969029e-06
8.11101659690253e-06
8.11101659690216e-06
8.111016596901793e-06
8.11101659690142e-06
8.111016596901053e-06
8.111016596900689e-06
8.111016596900318e-06
8.111016596899948e-06
8.111016596899577e-06
8.11101659689921e-06
8.11101659689884e-06
8.111016596898475e-06
8.111016596898107e-06
8.111016596897736e-06
8.111016596897365e-06
8.111016596896997e-06
8.111016596896626e-06
