14.511573638511615
11.852757364721347
5.430315117818667
4.671452971813118
2.632380544967604
2.3133650013912535
1.381698954569225
1.0961563563911065
0.879693040688127
0.5541744426337623
0.49302867672042505
0.31557574961667917
0.2828948866843253
0.1833163489429072
0.1498317796608459
0.12325241677993588
0.0814310288354255
0.07352062849022355
0.04884485584022556
0.04034655762878765
0.03349336999014082
0.02250501130215084
0.018652427261857656
0.015537552926929423
0.010530720869190272
0.009577708480437926
0.006500480616470746
0.005423750544440817
0.004541352571223976
0.00309976076607897
0.002591789654369094
0.0021745138613135455
0.0014909444840789457
0.0012488999254434202
0.0010496093607692682
0.0007222757846389255
0.0006059951283022118
0.0005100354656223212
0.00035201527390130025
0.00029576833167396885
0.00024924709026018135
0.000172445620165849
0.00014507893384625551
0.0001223945549833242
8.485314573730731e-05
7.147087772661182e-05
5.0041112104510636e-05
4.555519966494779e-05
3.1781961775988e-05
2.9086886148404468e-05
2.0253900672794885e-05
1.7081526285334948e-05
1.4445268546318893e-05
1.0070046612059925e-05
8.500863663169873e-06
7.194034149788013e-06
5.019999053508167e-06
4.241453565422729e-06
3.5917394816185825e-06
3.044078460507093e-06
2.812119129206217e-06
2.5982955177934483e-06
2.2033641318536783e-06
2.2007488488796803e-06
2.0335813479274796e-06
1.4160436221624689e-06
9.866180556748394e-07
9.77276931861979e-07
9.772724142557214e-07
9.77127845510856e-07
8.291330803153665e-07
8.291311646122984e-07
8.291306859814628e-07
8.291306259272643e-07
8.291305962504337e-07
8.291304763084213e-07
8.291304744597577e-07
8.29130472611105e-07
8.29130470762448e-07
8.291304699002441e-07
8.291304690380459e-07
8.291304671893655e-07
8.291304653407064e-07
8.291304356638931e-07
8.29130433815232e-07
8.291304333374084e-07
8.291304324752011e-07
8.291304319973694e-07
8.291304311351669e-07
8.291304302729598e-07
8.29130428424293e-07
8.291304265756373e-07
8.291304118374819e-07
8.291304113596572e-07
8.291304108818273e-07
8.291304090331626e-07
8.291304071845002e-07
8.291304053358391e-07
8.29130403487183e-07
8.291304026249732e-07
8.291304017627682e-07
8.291304009005668e-07
8.29130400863545e-07
8.291304008265216e-07
8.291303989778613e-07
8.291303981156676e-07
8.291303972534573e-07
8.291303971311515e-07
8.291303970088371e-07
8.291303969718148e-07
8.291303969347964e-07
8.291303968977737e-07
8.291303968876609e-07
8.291303968775501e-07
8.291303968768924e-07
8.291303968762362e-07
8.291303968755788e-07
8.291303968749212e-07
8.291303968742642e-07
8.291303968736068e-07
8.291303968729505e-07
8.291303968722928e-07
8.291303968716335e-07
8.291303968709785e-07
8.291303968703209e-07
8.291303968696625e-07
8.29130396869007e-07
8.291303968683481e-07
8.291303968676908e-07
8.291303968670339e-07
8.291303968663782e-07
8.291303968657197e-07
8.291303968650636e-07
8.291303968644053e-07
8.291303968637478e-07
8.291303968630894e-07
8.291303968624341e-07
8.291303968617768e-07
8.291303968611185e-07
8.291303968604614e-07
8.291303968598051e-07
8.291303968591474e-07
8.291303968584899e-07
8.291303968578332e-07
8.291303968571747e-07
8.291303968565178e-07
8.291303968558598e-07
8.29130396855203e-07
8.291303968545459e-07
8.291303968538887e-07
8.29130396853231e-07
8.291303968525744e-07
8.291303968519171e-07
8.291303968512601e-07
8.291303968506024e-07
8.29130396849945e-07
8.291303968492877e-07
8.291303968486313e-07
8.291303968479732e-07
8.291303968473153e-07
8.291303968466597e-07
8.291303968460021e-07
8.29130396845345e-07
8.291303968446871e-07
8.291303968440306e-07
8.291303968433728e-07
8.291303968427153e-07
8.291303968420582e-07
8.291303968414004e-07
8.291303968407431e-07
8.291303968400861e-07
8.291303968394288e-07
8.291303968387722e-07
8.291303968381152e-07
8.29130396837457e-07
8.291303968367995e-07
8.291303968361425e-07
8.291303968354851e-07
8.291303968348285e-07
8.291303968341704e-07
8.291303968335149e-07
8.291303968328574e-07
8.291303968322006e-07
8.291303968315416e-07
8.29130396830886e-07
8.291303968302271e-07
8.291303968295704e-07
8.291303968289135e-07
8.291303968282559e-07
8.291303968275974e-07
8.291303968269411e-07
8.291303968262838e-07
8.291303968256268e-07
8.291303968249698e-07
8.291303968243133e-07
8.291303968236536e-07
8.291303968229969e-07
8.291303968223406e-07
8.291303968216832e-07
8.291303968210261e-07
8.291303968203693e-07
8.291303968197118e-07
8.291303968190549e-07
8.29130396818396e-07
8.291303968177384e-07
8.291303968170817e-07
8.291303968164236e-07
8.29130396815767e-07
8.291303968151096e-07
8.29130396814453e-07
8.291303968137963e-07
8.291303968131385e-07
8.291303968124809e-07
8.291303968118249e-07
8.291303968111675e-07
8.291303968105098e-07
8.291303968098526e-07
8.291303968091952e-07
8.291303968085374e-07
8.291303968078808e-07
8.291303968072234e-07
8.291303968065668e-07
8.291303968059086e-07
8.291303968052515e-07
8.291303968045944e-07
8.291303968039382e-07
8.291303968032792e-07
8.291303968026213e-07
8.29130396801966e-07
8.29130396801308e-07
8.29130396800651e-07
8.291303967999937e-07
8.291303967993364e-07
8.2913039679868e-07
8.291303967980215e-07
8.291303967973643e-07
8.291303967967065e-07
8.291303967960494e-07
8.29130396795392e-07
8.291303967947345e-07
8.291303967940781e-07
8.291303967934201e-07
8.29130396792764e-07
8.29130396792106e-07
8.2913039679145e-07
8.291303967907914e-07
8.291303967901346e-07
8.291303967894769e-07
8.291303967888207e-07
8.291303967881624e-07
8.291303967875056e-07
8.291303967868497e-07
8.291303967861912e-07
8.291303967855347e-07
8.291303967848774e-07
8.291303967842183e-07
8.291303967835625e-07
8.291303967829039e-07
8.291303967822472e-07
8.291303967815909e-07
8.291303967809339e-07
8.291303967802755e-07
8.291303967796194e-07
8.291303967789602e-07
8.291303967783039e-07
8.291303967776452e-07
8.291303967769894e-07
8.291303967763327e-07
8.291303967756747e-07
8.291303967750174e-07
8.291303967743601e-07
8.29130396773704e-07
8.291303967730452e-07
8.291303967723891e-07
8.291303967717306e-07
8.291303967710728e-07
8.291303967704172e-07
8.291303967697597e-07
8.291303967691021e-07
8.291303967684451e-07
8.291303967677877e-07
8.291303967671302e-07
8.291303967664729e-07
8.291303967658158e-07
8.291303967651584e-07
8.291303967645022e-07
8.291303967638422e-07
8.291303967631869e-07
8.2913039676253e-07
8.291303967618719e-07
8.291303967612144e-07
8.291303967605573e-07
8.291303967599006e-07
8.291303967592423e-07
8.291303967585854e-07
8.291303967579298e-07
8.291303967572718e-07
8.291303967566128e-07
8.291303967559564e-07
8.291303967553003e-07
8.291303967546436e-07
8.291303967539855e-07
8.291303967533277e-07
8.291303967526715e-07
8.291303967520129e-07
8.291303967513551e-07
8.291303967506977e-07
8.291303967500411e-07
8.291303967493857e-07
8.291303967487261e-07
8.291303967480702e-07
8.291303967474127e-07
8.29130396746755e-07
8.291303967460976e-07
8.291303967454403e-07
8.291303967447832e-07
8.291303967441254e-07
8.291303967434691e-07
8.291303967428121e-07
8.291303967421544e-07
8.291303967414974e-07
8.291303967408387e-07
8.29130396740182e-07
8.291303967395256e-07
8.291303967388673e-07
8.291303967382107e-07
8.291303967375532e-07
8.291303967368963e-07
8.291303967362388e-07
8.29130396735582e-07
8.291303967349249e-07
8.291303967342672e-07
8.291303967336108e-07
8.291303967329536e-07
8.291303967322948e-07
8.291303967316388e-07
8.291303967309819e-07
8.291303967303227e-07
8.291303967296673e-07
8.291303967290086e-07
8.29130396728352e-07
8.291303967276949e-07
8.291303967270373e-07
8.291303967263809e-07
8.291303967257226e-07
8.291303967250658e-07
8.29130396724408e-07
8.291303967237509e-07
8.29130396723093e-07
8.291303967224362e-07
8.291303967217794e-07
8.291303967211224e-07
8.29130396720466e-07
8.291303967198077e-07
8.291303967191498e-07
8.291303967184928e-07
8.291303967178356e-07
8.291303967171782e-07
8.291303967165207e-07
8.291303967158644e-07
8.291303967152067e-07
8.291303967145493e-07
8.291303967138921e-07
8.291303967132351e-07
8.291303967125783e-07
8.291303967119198e-07
8.29130396711263e-07
8.291303967106052e-07
8.291303967099487e-07
8.291303967092911e-07
8.291303967086345e-07
8.291303967079762e-07
8.291303967073198e-07
8.291303967066626e-07
8.291303967060043e-07
8.291303967053467e-07
8.291303967046897e-07
8.291303967040331e-07
8.291303967033755e-07
8.291303967027195e-07
8.291303967020615e-07
8.291303967014035e-07
8.291303967007449e-07
8.291303967000893e-07
8.291303966994327e-07
8.291303966987742e-07
8.291303966981189e-07
8.291303966974594e-07
8.291303966968028e-07
8.291303966961451e-07
8.291303966954894e-07
8.291303966948308e-07
8.291303966941736e-07
8.291303966935168e-07
8.291303966928596e-07
8.291303966922021e-07
8.291303966915455e-07
8.291303966908873e-07
8.291303966902295e-07
8.291303966895719e-07
8.291303966889166e-07
8.291303966882591e-07
8.291303966876013e-07
8.291303966869442e-07
8.291303966862868e-07
8.291303966856293e-07
8.291303966849716e-07
8.291303966843156e-07
8.29130396683658e-07
8.291303966830001e-07
8.291303966823436e-07
8.291303966816858e-07
8.29130396681029e-07
8.291303966803719e-07
8.291303966797146e-07
8.291303966790565e-07
8.291303966783992e-07
8.291303966777423e-07
8.291303966770855e-07
8.291303966764284e-07
8.291303966757719e-07
8.291303966751147e-07
8.291303966744564e-07
8.291303966737991e-07
8.291303966731411e-07
8.291303966724841e-07
8.291303966718271e-07
8.291303966711692e-07
8.291303966705128e-07
8.291303966698562e-07
8.291303966691986e-07
8.291303966685418e-07
8.291303966678842e-07
8.291303966672266e-07
8.291303966665686e-07
8.291303966659119e-07
8.291303966652532e-07
8.291303966645967e-07
8.291303966639395e-07
8.291303966632822e-07
8.291303966626246e-07
8.291303966619684e-07
8.291303966613099e-07
8.291303966606535e-07
8.291303966599959e-07
8.291303966593384e-07
8.291303966586823e-07
8.291303966580249e-07
8.291303966573672e-07
8.291303966567097e-07
8.291303966560537e-07
8.291303966553943e-07
8.291303966547374e-07
8.291303966540809e-07
8.291303966534238e-07
8.291303966527669e-07
8.291303966521091e-07
8.291303966514517e-07
8.29130396650795e-07
8.291303966501367e-07
8.291303966494805e-07
8.291303966488228e-07
8.291303966481662e-07
8.291303966475085e-07
8.291303966468507e-07
8.291303966461939e-07
8.291303966455374e-07
8.291303966448798e-07
8.291303966442224e-07
8.291303966435646e-07
8.291303966429063e-07
8.291303966422504e-07
8.291303966415925e-07
8.29130396640936e-07
8.291303966402781e-07
8.29130396639621e-07
8.291303966389639e-07
8.291303966383077e-07
8.291303966376497e-07
8.291303966369929e-07
8.291303966363352e-07
8.291303966356788e-07
8.291303966350198e-07
8.291303966343627e-07
8.29130396633706e-07
8.291303966330485e-07
8.291303966323904e-07
8.29130396631734e-07
8.291303966310763e-07
8.291303966304199e-07
8.291303966297629e-07
8.291303966291051e-07
8.291303966284473e-07
8.291303966277915e-07
8.29130396627134e-07
8.291303966264761e-07
8.291303966258194e-07
8.291303966251613e-07
8.291303966245042e-07
8.291303966238474e-07
8.291303966231889e-07
8.291303966225334e-07
8.291303966218747e-07
8.291303966212181e-07
8.291303966205611e-07
8.291303966199029e-07
8.291303966192463e-07
8.291303966185879e-07
8.291303966179316e-07
8.291303966172749e-07
8.29130396616618e-07
8.291303966159598e-07
8.291303966153024e-07
8.291303966146443e-07
8.291303966139877e-07
8.291303966133305e-07
8.291303966126735e-07
8.29130396612016e-07
8.291303966113585e-07
8.291303966107012e-07
8.29130396610045e-07
8.291303966093861e-07
8.291303966087295e-07
8.291303966080721e-07
8.291303966074156e-07
8.291303966067584e-07
8.291303966060993e-07
8.291303966054437e-07
8.291303966047867e-07
8.291303966041293e-07
8.291303966034711e-07
8.291303966028151e-07
8.291303966021579e-07
8.291303966015e-07
8.291303966008432e-07
8.29130396600185e-07
8.291303965995284e-07
8.291303965988714e-07
8.29130396598215e-07
8.291303965975566e-07
8.291303965968987e-07
8.291303965962423e-07
8.291303965955837e-07
8.291303965949273e-07
8.291303965942693e-07
8.291303965936122e-07
8.291303965929549e-07
8.291303965922983e-07
8.291303965916418e-07
8.291303965909844e-07
8.291303965903262e-07
8.291303965896699e-07
8.291303965890119e-07
8.291303965883559e-07
8.291303965876973e-07
8.29130396587041e-07
8.291303965863832e-07
8.291303965857259e-07
8.2913039658507e-07
8.291303965844119e-07
8.291303965837537e-07
8.291303965830963e-07
8.291303965824388e-07
8.291303965817831e-07
8.291303965811244e-07
8.291303965804682e-07
8.291303965798095e-07
8.29130396579154e-07
8.291303965784957e-07
8.291303965778373e-07
8.291303965771819e-07
8.291303965765245e-07
8.291303965758665e-07
8.291303965752092e-07
8.291303965745523e-07
8.291303965738959e-07
8.291303965732385e-07
8.291303965725809e-07
8.291303965719218e-07
8.291303965712656e-07
8.291303965706091e-07
8.291303965699501e-07
8.291303965692932e-07
8.291303965686379e-07
8.2913039656798e-07
8.291303965673228e-07
8.291303965666647e-07
8.291303965660081e-07
8.291303965653503e-07
8.291303965646923e-07
8.291303965640363e-07
8.291303965633785e-07
8.291303965627213e-07
8.291303965620637e-07
8.291303965614072e-07
8.291303965607501e-07
8.291303965600929e-07
8.291303965594342e-07
8.291303965587778e-07
8.291303965581211e-07
8.291303965574633e-07
8.291303965568053e-07
8.291303965561493e-07
8.291303965554906e-07
8.291303965548329e-07
8.291303965541771e-07
8.291303965535203e-07
8.291303965528632e-07
8.29130396552204e-07
8.291303965515491e-07
8.291303965508906e-07
8.291303965502338e-07
8.291303965495766e-07
8.291303965489183e-07
8.291303965482609e-07
8.291303965476048e-07
8.291303965469464e-07
8.291303965462897e-07
8.291303965456334e-07
8.291303965449749e-07
8.291303965443186e-07
8.291303965436609e-07
8.29130396543003e-07
8.29130396542345e-07
8.291303965416887e-07
8.291303965410323e-07
8.291303965403729e-07
8.291303965397169e-07
8.291303965390603e-07
8.291303965384021e-07
8.291303965377457e-07
8.291303965370884e-07
8.2913039653643e-07
8.291303965357724e-07
8.291303965351164e-07
8.291303965344585e-07
8.291303965338014e-07
8.291303965331448e-07
8.291303965324888e-07
8.291303965318304e-07
8.29130396531173e-07
8.291303965305152e-07
8.291303965298585e-07
8.291303965292013e-07
8.291303965285433e-07
8.291303965278867e-07
8.291303965272287e-07
8.29130396526572e-07
8.291303965259137e-07
8.291303965252575e-07
8.291303965245989e-07
8.29130396523943e-07
8.291303965232863e-07
8.291303965226285e-07
8.291303965219723e-07
8.291303965213139e-07
8.291303965206578e-07
8.291303965199987e-07
8.291303965193419e-07
8.291303965186855e-07
8.29130396518027e-07
8.291303965173696e-07
8.291303965167131e-07
8.291303965160556e-07
8.291303965153986e-07
8.29130396514741e-07
8.291303965140847e-07
8.291303965134276e-07
8.291303965127692e-07
8.291303965121121e-07
8.291303965114547e-07
8.291303965107968e-07
8.291303965101396e-07
8.291303965094832e-07
8.291303965088261e-07
8.291303965081679e-07
8.291303965075107e-07
8.291303965068536e-07
8.291303965061967e-07
8.2913039650554e-07
8.291303965048822e-07
8.291303965042248e-07
8.29130396503568e-07
8.291303965029109e-07
8.291303965022538e-07
8.291303965015966e-07
8.291303965009379e-07
8.291303965002818e-07
8.29130396499624e-07
8.291303964989671e-07
8.291303964983092e-07
8.291303964976516e-07
8.291303964969954e-07
8.291303964963375e-07
8.291303964956806e-07
8.291303964950228e-07
8.291303964943661e-07
8.29130396493709e-07
8.291303964930522e-07
8.291303964923944e-07
8.291303964917385e-07
8.291303964910797e-07
8.291303964904218e-07
8.291303964897662e-07
8.291303964891076e-07
8.291303964884513e-07
8.291303964877936e-07
8.29130396487137e-07
8.291303964864795e-07
8.291303964858225e-07
8.291303964851639e-07
8.291303964845072e-07
8.291303964838487e-07
8.291303964831939e-07
8.291303964825352e-07
8.291303964818784e-07
8.291303964812205e-07
8.291303964805627e-07
8.291303964799063e-07
8.291303964792486e-07
8.291303964785911e-07
8.291303964779342e-07
8.291303964772775e-07
8.291303964766206e-07
8.291303964759627e-07
8.291303964753058e-07
8.29130396474648e-07
8.291303964739907e-07
8.291303964733336e-07
8.291303964726761e-07
8.291303964720198e-07
8.291303964713611e-07
8.291303964707043e-07
8.291303964700469e-07
8.291303964693892e-07
8.291303964687335e-07
8.291303964680763e-07
8.291303964674195e-07
8.29130396466761e-07
8.291303964661027e-07
8.29130396465447e-07
8.291303964647895e-07
8.291303964641318e-07
8.291303964634747e-07
8.291303964628173e-07
8.291303964621602e-07
8.291303964615034e-07
8.291303964608468e-07
8.291303964601877e-07
8.29130396459531e-07
8.291303964588741e-07
8.291303964582165e-07
8.291303964575578e-07
8.291303964569032e-07
8.291303964562442e-07
8.291303964555871e-07
8.291303964549291e-07
8.291303964542736e-07
8.291303964536159e-07
8.291303964529581e-07
8.291303964523016e-07
8.291303964516427e-07
8.29130396450986e-07
8.291303964503301e-07
8.291303964496721e-07
8.291303964490144e-07
8.291303964483572e-07
8.291303964476999e-07
8.291303964470429e-07
8.291303964463863e-07
8.291303964457279e-07
8.291303964450704e-07
8.291303964444143e-07
8.291303964437577e-07
8.291303964430991e-07
8.291303964424419e-07
8.291303964417858e-07
8.291303964411271e-07
8.291303964404701e-07
8.291303964398139e-07
8.291303964391564e-07
8.29130396438498e-07
8.291303964378418e-07
8.291303964371842e-07
8.291303964365276e-07
8.291303964358699e-07
8.29130396435212e-07
8.291303964345552e-07
8.291303964338979e-07
8.291303964332393e-07
8.291303964325832e-07
8.291303964319261e-07
8.291303964312682e-07
8.291303964306107e-07
8.291303964299542e-07
8.291303964292967e-07
8.2913039642864e-07
8.291303964279833e-07
8.29130396427325e-07
8.291303964266674e-07
8.291303964260106e-07
8.291303964253524e-07
8.29130396424696e-07
8.291303964240375e-07
8.291303964233808e-07
8.29130396422724e-07
8.291303964220677e-07
8.291303964214099e-07
8.291303964207523e-07
8.291303964200955e-07
8.291303964194383e-07
8.2913039641878e-07
8.291303964181232e-07
8.291303964174669e-07
8.291303964168085e-07
8.291303964161505e-07
8.29130396415496e-07
8.291303964148382e-07
8.291303964141799e-07
8.291303964135231e-07
8.291303964128657e-07
8.291303964122089e-07
8.291303964115503e-07
8.29130396410893e-07
8.291303964102359e-07
8.291303964095793e-07
8.291303964089214e-07
8.291303964082637e-07
8.291303964076063e-07
8.291303964069494e-07
8.291303964062923e-07
8.291303964056356e-07
8.291303964049785e-07
8.291303964043213e-07
8.291303964036636e-07
8.291303964030077e-07
8.291303964023486e-07
8.291303964016917e-07
8.291303964010358e-07
8.291303964003773e-07
8.291303963997215e-07
8.291303963990625e-07
8.291303963984059e-07
8.291303963977483e-07
8.291303963970912e-07
8.291303963964352e-07
8.291303963957765e-07
8.291303963951191e-07
8.291303963944614e-07
8.291303963938038e-07
8.291303963931481e-07
8.291303963924904e-07
8.291303963918323e-07
8.291303963911763e-07
8.291303963905193e-07
8.291303963898619e-07
8.291303963892033e-07
8.291303963885473e-07
8.291303963878891e-07
8.291303963872321e-07
8.291303963865755e-07
8.291303963859174e-07
8.291303963852599e-07
8.291303963846029e-07
8.291303963839451e-07
8.291303963832878e-07
8.291303963826311e-07
8.291303963819751e-07
8.291303963813169e-07
8.291303963806594e-07
8.291303963800011e-07
8.291303963793439e-07
8.291303963786876e-07
8.291303963780313e-07
8.291303963773734e-07
8.291303963767165e-07
8.291303963760587e-07
8.291303963753998e-07
8.291303963747454e-07
8.291303963740872e-07
8.291303963734298e-07
8.291303963727715e-07
8.291303963721148e-07
8.291303963714568e-07
8.291303963708008e-07
8.291303963701429e-07
8.291303963694864e-07
8.291303963688288e-07
8.291303963681718e-07
8.291303963675134e-07
8.291303963668573e-07
8.291303963661995e-07
8.291303963655421e-07
8.291303963648852e-07
8.291303963642277e-07
8.291303963635704e-07
8.291303963629139e-07
8.291303963622569e-07
8.29130396361599e-07
8.291303963609424e-07
8.291303963602836e-07
8.291303963596264e-07
8.2913039635897e-07
8.291303963583128e-07
8.291303963576552e-07
8.291303963569967e-07
8.291303963563408e-07
8.291303963556834e-07
8.291303963550267e-07
8.291303963543683e-07
8.291303963537121e-07
8.291303963530538e-07
8.291303963523978e-07
8.291303963517398e-07
8.291303963510836e-07
8.291303963504255e-07
8.291303963497685e-07
8.291303963491114e-07
8.291303963484544e-07
8.291303963477962e-07
8.2913039634714e-07
8.291303963464809e-07
8.291303963458245e-07
8.291303963451668e-07
8.291303963445095e-07
8.291303963438521e-07
8.291303963431959e-07
8.291303963425382e-07
8.291303963418815e-07
8.291303963412237e-07
8.29130396340566e-07
8.291303963399085e-07
8.291303963392507e-07
8.291303963385948e-07
8.291303963379364e-07
8.29130396337281e-07
8.291303963366219e-07
8.291303963359654e-07
8.291303963353088e-07
8.291303963346509e-07
8.291303963339942e-07
8.291303963333362e-07
8.291303963326791e-07
8.291303963320221e-07
8.291303963313637e-07
8.291303963307068e-07
8.291303963300503e-07
8.291303963293923e-07
8.291303963287372e-07
8.29130396328078e-07
8.291303963274218e-07
8.291303963267632e-07
8.291303963261069e-07
8.291303963254496e-07
8.291303963247921e-07
8.291303963241339e-07
8.291303963234768e-07
8.291303963228203e-07
8.291303963221637e-07
8.291303963215054e-07
8.291303963208488e-07
8.291303963201904e-07
8.291303963195345e-07
8.291303963188765e-07
8.291303963182186e-07
8.291303963175615e-07
8.291303963169053e-07
8.291303963162477e-07
8.291303963155896e-07
8.291303963149336e-07
8.291303963142757e-07
8.291303963136194e-07
8.29130396312961e-07
8.291303963123037e-07
8.291303963116473e-07
8.29130396310989e-07
8.291303963103318e-07
8.29130396309676e-07
8.291303963090173e-07
8.29130396308361e-07
8.291303963077047e-07
8.291303963070463e-07
8.291303963063897e-07
8.291303963057319e-07
8.291303963050748e-07
8.29130396304417e-07
8.291303963037603e-07
8.291303963031018e-07
8.291303963024441e-07
8.291303963017881e-07
8.291303963011307e-07
8.291303963004732e-07
8.291303962998155e-07
8.291303962991587e-07
8.291303962985012e-07
8.291303962978442e-07
8.291303962971862e-07
8.291303962965298e-07
8.291303962958734e-07
8.291303962952148e-07
8.291303962945587e-07
