16.716772124166408
14.155971363058061
11.059680392126763
7.447936754358457
5.176649458124423
4.416877668744694
3.1710884014738605
2.74921132415101
2.029197720539138
1.7750821512916262
1.3376826970831412
1.1778969024587689
0.9024996188643608
0.7989373855465447
0.6205441375801967
0.5518025825660373
0.43348676617503806
0.38693267359600203
0.3453620212983389
0.27544780635888727
0.22052914347302785
0.19800163316156372
0.15939284972456516
0.1508932850404897
0.12220528601950961
0.11025367963752927
0.08966693452315377
0.08109411429608532
0.06620197087541793
0.059992327500593357
0.049147805157561474
0.04461319044083471
0.03666762266503911
0.03333307375806884
0.0274791398889874
0.02501199287854858
0.0206773191138617
0.018841944442181093
0.015617265043244568
0.014245235549770573
0.011836245976223384
0.010806091866055018
0.00899955668610893
0.008222943911951802
0.006863334406673746
0.0062756651778122854
0.005248986187864002
0.004802739632093784
0.0040250513517180045
0.0038480201970231215
0.003222121424803826
0.002957833241457622
0.0024810038260076645
0.0022790598260906225
0.0019149325822483774
0.0017601317911643765
0.0014813515017070413
0.0013623799023595594
0.0011484215442434224
0.0010567663345935933
0.0008921763661112965
0.0008214051365856638
0.0006945113713457227
0.000639747142238791
0.000541707963915183
0.0004992402506784997
0.0004233386194454264
0.0003903383359845988
0.0003314584323498122
0.0003057633662693442
0.00025999924384624735
0.0002399530716957877
0.00020431592166438272
0.0001886468343069092
0.00016084411354815527
0.00015447334200694693
0.0001316463097172032
0.0001218312029183886
0.00010396235889798638
9.625955391199003e-05
8.224244324896561e-05
7.618485506135141e-05
6.516812899647795e-05
6.0396256740791125e-05
5.172212698825876e-05
4.7956836811112265e-05
4.111534349214431e-05
3.8139454990196685e-05
3.273428275367409e-05
3.0378504596392454e-05
2.6101030393449736e-05
2.423318197355715e-05
2.084262370341537e-05
1.9359328911761405e-05
1.6667496232382776e-05
1.5487773543532244e-05
1.3347324973019909e-05
1.240763211566952e-05
1.0703011517706321e-05
9.953408524161673e-06
8.593835722761128e-06
7.995009297097604e-06
7.856476523133433e-06
6.784877485547978e-06
6.319006605075073e-06
5.4616725609966945e-06
4.729561972363395e-06
4.401522644786836e-06
3.814917663140309e-06
3.55128947347191e-06
3.490353686383203e-06
3.2552639699777132e-06
2.819442835908584e-06
2.771869314479169e-06
2.402380976101228e-06
2.241546855815225e-06
1.9440622036317027e-06
1.8144594441111625e-06
1.574681598573666e-06
1.5219954551365499e-06
1.4214341144035233e-06
1.2340681062091027e-06
1.2137354995312384e-06
1.054262533338138e-06
1.0369270262110435e-06
1.0199012499709983e-06
1.0031675814996804e-06
8.717539750447434e-07
7.579089792587534e-07
7.455093632713955e-07
7.333340385314955e-07
7.213679916702984e-07
6.273892455708741e-07
6.171748014101295e-07
6.071337040923825e-07
5.97260160000284e-07
5.584458845634895e-07
5.493764486402136e-07
5.404564775940015e-07
4.703520636730204e-07
4.551182179606505e-07
4.4774947697843727e-07
3.898347978330291e-07
3.835370868576786e-07
3.340409816455688e-07
3.232734441382556e-07
3.1806424081770936e-07
3.1294002349671714e-07
2.9278800534236344e-07
2.880760121908053e-07
2.510336673693354e-07
2.1881859359187587e-07
2.1180223255683406e-07
1.846707951777393e-07
1.8171550579394364e-07
1.5848417266118219e-07
1.3824939590233143e-07
1.3383972874497766e-07
1.3170536024565584e-07
1.2960535159471298e-07
1.1309239852916388e-07
1.1129194096162515e-07
9.713523311452955e-08
8.479497940075933e-08
8.344864115906272e-08
7.286156954723783e-08
7.170621473047914e-08
6.262053232145408e-08
5.46953427145482e-08
5.296500648932186e-08
5.212723760123332e-08
4.553797381497594e-08
3.978876720573709e-08
3.476799653088149e-08
3.2576095730236276e-08
3.2062452253108775e-08
3.0041291513898497e-08
2.9567847259626194e-08
2.5843565677122085e-08
2.421657024129385e-08
2.3835335280909172e-08
2.2335133084805882e-08
2.198364590274598e-08
1.9218460889617497e-08
1.8916213425987173e-08
1.8618735511025702e-08
1.627851843820141e-08
1.4233584429626149e-08
1.378639090445754e-08
1.2055111646709692e-08
1.0542047069989705e-08
1.0376500374719182e-08
9.724991752423941e-09
9.5722933510507e-09
8.370899536167239e-09
8.239469319441589e-09
7.980779292240999e-09
7.855470290345339e-09
7.608821005530731e-09
7.369908147483553e-09
7.254182089017813e-09
6.343553065997287e-09
6.24392293636851e-09
5.851830281009158e-09
5.1169592911676606e-09
4.795463591916809e-09
4.192813448337601e-09
4.126857802939533e-09
3.6079514322361208e-09
3.4943402797465942e-09
3.054375331471975e-09
2.6694857152017594e-09
2.6273278116294216e-09
2.54434192134828e-09
2.5041401670528855e-09
2.464565870753611e-09
2.153136713676276e-09
2.084956114984842e-09
2.0519216038852195e-09
1.7919668897144837e-09
1.763499769971363e-09
1.7074616795863446e-09
1.4904192969880612e-09
1.3953894041212255e-09
1.3730994038685367e-09
1.3511564556739224e-09
1.3079595455671e-09
1.2870307312540343e-09
1.2458299370453203e-09
1.2258681772817666e-09
1.2062170716743831e-09
1.0515540155956883e-09
1.0346156874377035e-09
9.013290186440821e-10
8.867267082996007e-10
7.71807207601295e-10
6.71201237372157e-10
5.830510116944454e-10
5.733942781673804e-10
4.974339251722424e-10
4.308513394130394e-10
4.0170331804653846e-10
3.4700157108268203e-10
2.9915167510196915e-10
2.938946505166116e-10
2.525599843086062e-10
2.1646759931488188e-10
2.1247117952341795e-10
1.812424440879044e-10
1.5414143921706784e-10
1.5102139761831302e-10
1.480156582064647e-10
1.248113523596671e-10
1.2219511127838304e-10
1.0234702059264429e-10
9.77885235366991e-11
9.564857660081453e-11
9.354742023683168e-11
8.529011987138014e-11
7.75524996520459e-11
7.573651114821917e-11
7.394868284360438e-11
6.691123802317965e-11
5.371485541696015e-11
4.2154118693559036e-11
3.7086677274662284e-11
3.589772481100643e-11
2.6544034636597e-11
1.835749950838377e-11
1.7460362636859294e-11
1.0418124216383353e-11
7.354319145352148e-12
6.6403132150213615e-12
5.9407721409230474e-12
5.256693168213869e-12
2.6782426173002454e-12
2.146569579394971e-12
1.7067911391206426e-12
1.4317858129092247e-12
2.5346854865395094e-12
3.5697159289987958e-12
4.096912732592219e-12
4.624891620839366e-12
5.150697679778324e-12
5.672556030310001e-12
6.1893946335792624e-12
8.24278025432944e-12
1.018382666876716e-11
1.0640388163318344e-11
1.4244381316689126e-11
1.5035664087995773e-11
1.8104959318756386e-11
1.8441590065326773e-11
1.877306369604523e-11
1.909946110216646e-11
1.974222368360965e-11
2.005374135500046e-11
2.0360470551899598e-11
2.2776089366965947e-11
2.4893515275580282e-11
2.675060250548339e-11
2.756443306181949e-11
2.7755452502595355e-11
2.7943530461518936e-11
2.8313886207461878e-11
2.8493349768094482e-11
2.990634117231585e-11
3.021608002658563e-11
3.081638062709936e-11
3.095723025199037e-11
3.206615477054113e-11
3.255224763609116e-11
3.3464377813856174e-11
3.366434383620824e-11
3.376125119528631e-11
3.3856662458124436e-11
3.395060900638872e-11
3.469018694832292e-11
3.5338352448568074e-11
3.590673013178381e-11
3.615583420706504e-11
3.6623363820534256e-11
3.703301435497904e-11
3.7392419385242303e-11
3.743178189143571e-11
3.7586793787389076e-11
3.765958757319293e-11
3.780066342455572e-11
3.806524423359845e-11
3.812327111728014e-11
3.817951665139175e-11
3.839737260402267e-11
3.858836008053061e-11
3.8755800062225375e-11
3.890249603166008e-11
3.903127577200726e-11
3.91439833599646e-11
3.916873862929138e-11
3.921669457070475e-11
3.926168728461841e-11
3.930389288349618e-11
3.931378972644432e-11
3.939178654134396e-11
3.946013406408102e-11
3.94900907938384e-11
3.94971175461802e-11
3.955251924014369e-11
3.9576839007943304e-11
3.958824105811724e-11
3.959930102363692e-11
3.9610012721814695e-11
3.961519430121908e-11
3.962029721276197e-11
3.963035741107378e-11
3.964013354948195e-11
3.9649597911508426e-11
3.965416385742251e-11
3.969021611728121e-11
3.972178969428299e-11
3.973563826305676e-11
3.9748637159041306e-11
3.9751688377118475e-11
3.976371055269774e-11
3.977497755355549e-11
3.977761866907155e-11
3.978801635960701e-11
3.979045314062331e-11
3.9809670438129814e-11
3.982655809155773e-11
3.984129666953882e-11
3.985425399449774e-11
3.986561759549127e-11
3.98668618563733e-11
3.986808792507213e-11
3.987292704598359e-11
3.9877446381270235e-11
3.988168180218234e-11
3.9882665067721396e-11
3.98905161746327e-11
3.9897396667486844e-11
3.990343960903935e-11
3.9908709949957375e-11
3.991331632586598e-11
3.9917471314498964e-11
3.9917902184173024e-11
3.992137905986657e-11
3.9924574314067e-11
3.992721226668873e-11
3.992746556200946e-11
3.9930009633324784e-11
3.993202987235997e-11
3.993211473664917e-11
3.993295270891867e-11
3.993314983053855e-11
3.993474640095652e-11
3.9936263024917014e-11
3.993639842786292e-11
3.993653771876936e-11
3.99377514101214e-11
3.9937875362411176e-11
3.993896816479088e-11
3.993919414795336e-11
3.9939302192972316e-11
3.9940180374333045e-11
3.99410303098727e-11
3.9941108106824825e-11
3.994118439095565e-11
3.994126067030935e-11
3.9941337931891024e-11
3.994200499206073e-11
3.994260991823277e-11
3.9943103543242144e-11
3.994360510964185e-11
3.9944019051509655e-11
3.9944013715442473e-11
3.9944165814562496e-11
3.9944195475294495e-11
3.994422170041917e-11
3.9944249706757866e-11
3.9944278984355205e-11
3.994431303081764e-11
3.9944393849545647e-11
3.994443220618421e-11
3.994450490320102e-11
3.994453783837219e-11
3.994465608959761e-11
3.994490031193572e-11
3.9944915201053996e-11
3.994493905646005e-11
3.994502706990874e-11
3.994520133177053e-11
3.9945361342449516e-11
3.994549370421784e-11
3.994563871398807e-11
3.99456432695082e-11
3.9945697571250174e-11
3.9945776519823845e-11
3.994587778313127e-11
3.9945943917913775e-11
3.9945947233357766e-11
3.994604165610142e-11
3.99461065192891e-11
3.9946123556935375e-11
3.9946183583804355e-11
3.994621922512613e-11
3.994628537500353e-11
3.9946309927016734e-11
3.994633973974607e-11
3.99463474426767e-11
3.994636257628429e-11
3.99464185926021e-11
3.9946455943872685e-11
3.9946419833870994e-11
3.9946405285412454e-11
3.9946460470112314e-11
3.994646043610407e-11
3.994649781315993e-11
3.9946528684418713e-11
3.994654628290677e-11
3.99465234473349e-11
3.9946522581484917e-11
3.9946532600100066e-11
3.994653091021025e-11
3.994652711160625e-11
3.99465359346521e-11
3.9946538544331385e-11
3.994654031041004e-11
3.994652632254694e-11
3.994652143527814e-11
3.9946523477043225e-11
3.994651040358394e-11
3.994650645181017e-11
3.99464941285791e-11
3.994647577557893e-11
3.994647984630836e-11
3.994647804630129e-11
3.994646700536838e-11
3.9946469239464754e-11
3.994647346494351e-11
3.994648022291282e-11
3.9946493027012656e-11
3.994648414447155e-11
3.994648661097078e-11
3.994647311837418e-11
3.9946483461307985e-11
3.994646687876586e-11
3.994649731005249e-11
3.994651028714509e-11
3.994649093802773e-11
3.99464965117562e-11
3.9946502757017394e-11
3.994649037802134e-11
3.994648221652464e-11
3.994646564533997e-11
3.994647553068356e-11
3.994647909156415e-11
3.994648086857787e-11
3.9946496523526023e-11
3.99465033788367e-11
3.994650493358916e-11
3.9946503908530516e-11
3.994649681607353e-11
3.9946490853341445e-11
3.994648917697089e-11
3.994649556965569e-11
3.994649064150954e-11
3.99464930724848e-11
3.9946496147324895e-11
3.9946505417884796e-11
3.9946496029997493e-11
3.9946511721966674e-11
3.994649983387868e-11
3.994649583374393e-11
3.994649324360641e-11
3.9946488886115645e-11
3.994648924493268e-11
3.994648978076422e-11
3.9946489833235495e-11
3.994648908417877e-11
3.994647889483922e-11
3.994647301364626e-11
3.9946471210931366e-11
3.994645672073163e-11
3.994646810810044e-11
3.9946470684880563e-11
3.994646983751222e-11
3.994647351793657e-11
3.99464657746608e-11
3.994646600890241e-11
3.994647128457523e-11
3.9946480955464977e-11
3.994648560560221e-11
3.9946479409281857e-11
3.994649016077072e-11
3.9946491451076864e-11
3.994649510650272e-11
3.9946503107112773e-11
3.994651200123199e-11
3.9946516954418594e-11
3.994652015720927e-11
3.994651715959921e-11
3.994651454841022e-11
3.994650988126958e-11
3.9946486787873606e-11
3.994648652532987e-11
3.994648407053399e-11
3.994647460472098e-11
3.994647776134422e-11
3.9946484235184284e-11
3.994648306710605e-11
3.9946487173090906e-11
3.994649746437242e-11
3.9946485475559015e-11
3.994648282900656e-11
3.994649372093683e-11
3.9946494534506935e-11
3.994649717140035e-11
3.994649753571107e-11
3.9946506256153816e-11
3.994651004632632e-11
3.9946509734316466e-11
3.994651696123809e-11
3.994654963370187e-11
3.994656038737334e-11
3.9946561067296727e-11
3.994656318899408e-11
3.994656912201006e-11
3.9946574156193214e-11
3.9946580331601603e-11
3.994660105452056e-11
3.994659761265193e-11
3.994660264598809e-11
3.994659468425493e-11
3.994659397036247e-11
3.994658876137178e-11
3.994657488726703e-11
3.9946572069934444e-11
3.994656906851681e-11
3.994656794497583e-11
3.994657118701071e-11
3.994656409784212e-11
3.9946556294742854e-11
3.9946561276673704e-11
3.9946542424497855e-11
3.9946534910228e-11
3.9946512069902304e-11
3.994651012626662e-11
3.994649422199647e-11
3.9946496442206356e-11
3.994647647054977e-11
3.9946478382018785e-11
3.9946482073605594e-11
3.994647959483468e-11
3.9946466503014486e-11
3.994645461842331e-11
3.99464620630084e-11
3.9946466326465786e-11
3.994647077379802e-11
3.994646943336755e-11
3.994645325061866e-11
3.994647213884505e-11
3.9946477388314184e-11
3.9946474657209616e-11
3.9946482103625303e-11
3.994648569373599e-11
3.99464777228901e-11
3.994646921023395e-11
3.994646487699475e-11
3.9946459535469424e-11
3.9946456228826525e-11
3.994644867017619e-11
3.994644718046799e-11
3.9946447033760025e-11
3.9946456738977004e-11
3.9946456086318925e-11
3.9946458780705146e-11
3.994646836142466e-11
3.994646998091363e-11
3.994647136674894e-11
3.9946471948735935e-11
3.9946471283874725e-11
3.9946473154721925e-11
3.9946473694102976e-11
3.9946474232591875e-11
3.9946474031819055e-11
3.9946472332163895e-11
3.99464832125449e-11
3.994648027838263e-11
3.994648066116506e-11
3.994648162944731e-11
3.994648304179554e-11
3.994648332323372e-11
3.9946483560115866e-11
3.994648415458595e-11
3.994648482245997e-11
3.9946497236335824e-11
3.994649927757821e-11
3.994648984103215e-11
3.994649889239959e-11
3.9946496751686e-11
3.99465057702611e-11
3.9946509887524126e-11
3.99465134020426e-11
3.994651638369695e-11
3.9946516082226994e-11
3.994651435730207e-11
3.994650677547108e-11
3.9946492480773437e-11
3.994647292362625e-11
3.9946466539740116e-11
3.994643638733708e-11
3.994643114729374e-11
3.994642909248998e-11
3.9946435536518456e-11
3.9946434470219735e-11
3.9946446039085756e-11
3.994644848573995e-11
3.994645234782038e-11
3.9946451837677756e-11
3.994644715695446e-11
3.9946454502744863e-11
3.994646631907221e-11
3.994646271958907e-11
3.994645765434856e-11
3.994645549366962e-11
3.9946453512178444e-11
3.994645076906731e-11
3.994642713474394e-11
3.994641650814228e-11
3.9946420034147654e-11
3.9946414738479625e-11
3.994642104246824e-11
3.994642855804327e-11
3.9946444731679694e-11
3.994644169311676e-11
3.9946441048010987e-11
3.994645139602779e-11
3.9946451740529277e-11
3.9946465348837435e-11
3.994645560613611e-11
3.994645518814298e-11
3.994645528728866e-11
3.994645848531019e-11
3.994645631268423e-11
3.9946461132173976e-11
3.994643285418982e-11
3.994643357361886e-11
3.9946426633074016e-11
3.99464311986755e-11
3.9946438750976005e-11
3.994642868546862e-11
3.994643408717165e-11
3.994641479806346e-11
3.9946414741123494e-11
3.994642365616329e-11
3.9946437086388093e-11
3.9946442386956625e-11
3.994645492822694e-11
3.9946449791613914e-11
3.994645686860145e-11
3.994645045630261e-11
3.99464550810446e-11
3.994644499192757e-11
3.9946444882192825e-11
3.9946466266782443e-11
3.9946464072450516e-11
3.994647940055942e-11
3.994649017347093e-11
3.994648753151678e-11
3.9946495402458014e-11
3.994650403987182e-11
3.99465091585002e-11
3.9946501456176e-11
3.994650627706661e-11
3.994650397918629e-11
3.994651444852251e-11
3.994651411425002e-11
3.994652639642176e-11
3.9946542364927473e-11
3.994652652041734e-11
3.994652560308913e-11
3.994652736318231e-11
3.994653029303966e-11
3.994653072944197e-11
3.994653475394007e-11
3.994653921018161e-11
3.994654227264501e-11
3.994654476294326e-11
3.9946549510485946e-11
3.994655328689637e-11
3.994655537310057e-11
3.9946558649466414e-11
3.9946560639387207e-11
3.9946562611579645e-11
3.994656218564503e-11
3.9946561232488004e-11
3.9946557086591417e-11
3.994655422632334e-11
3.994655865679425e-11
3.9946556325641146e-11
3.9946553024380614e-11
3.994654889491994e-11
3.9946555225858406e-11
3.994656460673527e-11
3.994656274127904e-11
3.994655111686831e-11
3.9946551488778447e-11
3.994656076066525e-11
3.9946559280744595e-11
3.9946553713302886e-11
3.9946543139345175e-11
3.9946540442866633e-11
3.994653067518999e-11
3.994652597353823e-11
3.994652325022588e-11
3.994651955164981e-11
3.994651495603456e-11
3.9946507073401314e-11
3.994649917167354e-11
3.994649582970676e-11
3.9946490790129414e-11
3.9946484717180036e-11
3.9946468612506485e-11
3.994647999098369e-11
3.994649468309001e-11
3.994650452367958e-11
3.994650834006423e-11
3.994650867149159e-11
3.994650909467421e-11
3.99465190336862e-11
3.9946527860311665e-11
3.99465415158042e-11
3.994653941699295e-11
3.994654275375175e-11
3.9946546777303823e-11
3.994655150962877e-11
3.9946556444726125e-11
3.994655628654214e-11
3.9946554801663774e-11
3.9946554756537414e-11
3.994655639243436e-11
3.9946555828128235e-11
3.994655646339912e-11
3.994657585917002e-11
3.9946591289616345e-11
3.99465937954574e-11
3.994659530646258e-11
3.9946574176071185e-11
3.994655918710048e-11
3.994655847485635e-11
3.994655869862687e-11
3.994655276905011e-11
3.994655083732913e-11
3.994654761379072e-11
3.9946541300185933e-11
3.9946546050394206e-11
3.9946541754787234e-11
3.994657332959788e-11
3.9946573550645734e-11
3.994657207237014e-11
3.994656932486773e-11
3.994656936363901e-11
3.994657002626768e-11
3.994657156898381e-11
3.994657426820785e-11
3.99465794767653e-11
3.994657826737377e-11
3.99465657587505e-11
3.994657507076465e-11
3.994656127295545e-11
3.994654878395892e-11
3.9946538410318794e-11
3.994652797100183e-11
3.99465224588922e-11
3.994652715466776e-11
3.9946518344397515e-11
3.994649179620884e-11
3.994649537881291e-11
3.99464947980116e-11
3.9946494424857256e-11
3.994649440824049e-11
3.994649995176843e-11
3.9946504448782576e-11
3.994650596268781e-11
3.994650072716168e-11
3.994649157171946e-11
3.9946485025778795e-11
3.994648518822473e-11
3.994648452130135e-11
3.9946482757046657e-11
3.994649378485427e-11
3.9946490887857514e-11
3.994649609191264e-11
3.994650794653194e-11
3.9946508287198675e-11
3.99465112838082e-11
3.9946511063119035e-11
3.994651274042611e-11
3.994650970372647e-11
3.994650594747432e-11
3.994649849181625e-11
3.9946498230133346e-11
3.9946496689109655e-11
3.994649294693611e-11
3.99464801761704e-11
3.994644834585866e-11
3.994642845877948e-11
3.994643320949656e-11
3.994640817017052e-11
3.9946421140642214e-11
3.9946415149620694e-11
3.9946413811188276e-11
3.9946443418554046e-11
3.994644434558395e-11
3.994644537662367e-11
3.9946453511180916e-11
3.9946485202438e-11
3.994649235420399e-11
3.994649680885729e-11
3.994651909311078e-11
3.994652516068444e-11
3.994655927353906e-11
3.994653953035705e-11
3.9946550353231416e-11
3.99465310709656e-11
3.994653177179144e-11
3.99465426059493e-11
3.994653936061465e-11
3.994652996739836e-11
3.9946523653212385e-11
3.9946524367953516e-11
3.994653865163949e-11
3.994654960371833e-11
3.994656432760938e-11
3.994656951553041e-11
3.994657472970676e-11
3.9946582213201085e-11
3.994658748959802e-11
3.994660061192291e-11
3.9946604657669403e-11
3.9946611157497415e-11
3.994661052948793e-11
3.994662013310337e-11
3.9946628088966545e-11
3.994662203852387e-11
3.99466195438273e-11
3.9946641852094467e-11
3.994665185564537e-11
3.9946665962880253e-11
3.994667510967185e-11
3.994667997527892e-11
3.994668139820509e-11
3.994666653941777e-11
3.994666161528963e-11
3.994664612181831e-11
3.994663969454806e-11
3.994663401582593e-11
3.9946642978666465e-11
3.9946630559901045e-11
3.9946619200226093e-11
3.994661847197896e-11
3.9946614951243085e-11
3.994661124673594e-11
3.994658534601799e-11
3.994656444401763e-11
3.9946525138886836e-11
3.994652656113006e-11
3.994653858780186e-11
3.9946535729676444e-11
3.994652609324251e-11
3.994654035066394e-11
3.994653760102123e-11
3.99465358060916e-11
3.9946546212281795e-11
3.9946548346727965e-11
3.9946533565316224e-11
3.99465282197623e-11
3.994652270486272e-11
3.994649928580556e-11
3.9946514044415275e-11
3.99465163996977e-11
3.99465121140855e-11
3.994652146213232e-11
3.994652409783732e-11
3.994652228590833e-11
3.9946512852520675e-11
3.9946514580258933e-11
3.9946503311503707e-11
3.994649838865516e-11
3.9946510189294664e-11
3.994650523798639e-11
3.9946505880629334e-11
3.994651328681963e-11
3.9946520816910993e-11
3.994652757055033e-11
3.9946524535063206e-11
3.9946522821864126e-11
3.994651693589374e-11
3.994649657836756e-11
3.994650134942473e-11
3.9946493062741313e-11
3.994650282954079e-11
3.994649259730584e-11
3.994647147781185e-11
3.9946499595619384e-11
3.9946484217119415e-11
3.994654010199105e-11
3.994651572327228e-11
3.9946490924675666e-11
3.994652428823154e-11
3.994652704225379e-11
3.9946565759915445e-11
3.9946600717995024e-11
3.9946799719995733e-11
3.994665025552193e-11
3.994659040512094e-11
3.994666281695963e-11
3.994690915770189e-11
3.99466166492494e-11
3.994658832398199e-11
3.994660370532125e-11
3.9946706672509774e-11
3.9946641043548805e-11
3.994669164340568e-11
3.9946936642845834e-11
3.994672996680422e-11
3.994693455042518e-11
3.994662028961861e-11
3.994658125700857e-11
3.994656031791617e-11
3.9946551490765056e-11
3.9946544049270965e-11
3.994653677099472e-11
3.994653488882045e-11
3.994651885489359e-11
3.9946551461565704e-11
3.9946539602017145e-11
3.994652143017483e-11
3.994651509200979e-11
3.9946500715844445e-11
3.994649335451984e-11
3.99464881500335e-11
3.994650816851748e-11
3.9946489208930175e-11
3.9946480344153966e-11
3.9946471387278984e-11
3.994646302766343e-11
3.99464660303444e-11
3.9946462464392406e-11
3.994646631568632e-11
3.994647149104498e-11
3.994647126420236e-11
3.994647473222178e-11
3.994647558806583e-11
3.99464754570903e-11
3.99464693618259e-11
3.9946461803870806e-11
3.994645685291876e-11
3.9946442637265743e-11
3.9946436673740004e-11
3.994643343667257e-11
