5.185471651906667
3.7588860178828476
2.132038400416691
1.2739772908361344
0.35397565434150347
0.21951357894675
0.14308422883920008
0.04993992803538319
0.03235564371543152
0.021748056195382354
0.008034580424662308
0.005380839222688708
0.0021492119857673005
0.0017134512234571282
0.0011685782717784643
0.000462584120659763
0.0003111964829657799
0.00013119295052122404
0.00010370859923123451
7.11643482538977e-05
2.9100104524954802e-05
1.9628857579712866e-05
8.49835105979415e-06
6.701640660201213e-06
4.6178635102314054e-06
1.9216914617040627e-06
1.9188603378122753e-06
1.577932558725029e-06
1.5624584139160967e-06
1.5014745891279837e-06
6.490050341912986e-07
6.314023887874078e-07
6.31402387067213e-07
6.314023853470219e-07
6.314023836268316e-07
6.314023819066384e-07
6.314023801864474e-07
6.314023784662498e-07
6.314023772511195e-07
6.314023755309254e-07
6.314023738107351e-07
6.3140237209054e-07
6.314023703703455e-07
6.314023686501502e-07
6.31402366929959e-07
6.272373220869799e-07
6.190434605014444e-07
6.190434588301327e-07
6.190434571588249e-07
6.19012236087347e-07
6.150239424436597e-07
6.071729530213795e-07
6.069334562369392e-07
6.069334546152115e-07
6.069334529934908e-07
6.069334513717606e-07
6.069334508819744e-07
6.069334498717377e-07
6.069334482500137e-07
6.069334466282892e-07
6.069334450065668e-07
6.069334433848439e-07
6.069334360944908e-07
5.993028184040922e-07
5.699194273472919e-07
5.699194148093934e-07
5.699194085424678e-07
5.699194077277062e-07
5.699194069129426e-07
5.699194064636186e-07
5.699194060142856e-07
5.699194055649548e-07
5.699194051156261e-07
5.699194046663005e-07
5.699194042169687e-07
5.69919403767638e-07
5.699194033183079e-07
5.69919402868981e-07
5.699194024196542e-07
5.699194019703261e-07
5.682459588721325e-07
5.682459080129708e-07
5.682458830065989e-07
5.682458815338783e-07
5.682458690725946e-07
5.682458566113191e-07
5.682458551385925e-07
5.682458536658719e-07
5.682328466287847e-07
5.68128801434919e-07
5.681287889801259e-07
5.681287875078234e-07
5.681287750530381e-07
5.681286733559806e-07
5.681286225153647e-07
5.681286217080133e-07
5.681286154942948e-07
5.681286092805752e-07
5.681286078082669e-07
5.681286063359678e-07
5.681286048636595e-07
5.681286033913561e-07
5.681286019190516e-07
5.681286004467486e-07
5.681285989744398e-07
5.681285975021368e-07
5.681285966947923e-07
5.681285958874423e-07
5.681285954403069e-07
5.681285949931668e-07
5.681285945460299e-07
5.681285940988942e-07
5.681285932915462e-07
5.681285930966239e-07
5.681285930748675e-07
5.681285930531134e-07
5.68128593031355e-07
5.681285930096014e-07
5.681285929878464e-07
5.681285929660905e-07
5.681285929443355e-07
5.681285929225784e-07
5.681285929008244e-07
5.681285928790661e-07
5.681285928573116e-07
5.681285928355554e-07
5.681285928137995e-07
5.681285927920448e-07
5.681285927702893e-07
5.681285927485331e-07
5.68128592726776e-07
5.681285927050214e-07
5.681285926832656e-07
5.681285922361246e-07
5.681285917889893e-07
5.681285913418529e-07
5.681285908947146e-07
5.681285846809961e-07
5.681285832086901e-07
5.681285817363875e-07
5.681285802640776e-07
5.681285787917774e-07
5.681285773194716e-07
5.681285758471673e-07
5.681285743748649e-07
5.68128573567515e-07
5.681285731203788e-07
5.681285726732395e-07
5.681285722261048e-07
5.681285717789662e-07
5.681285713318318e-07
5.681285708846933e-07
5.681285704375536e-07
5.681285699904198e-07
5.681285695432816e-07
5.681285690961444e-07
5.681285686490063e-07
5.68102565552818e-07
5.672708452106339e-07
5.671671496481076e-07
5.655097407611414e-07
5.655096903892543e-07
5.655096867271855e-07
5.655096743758338e-07
5.655096620244885e-07
5.655096496731369e-07
5.65509648211219e-07
5.655096467493044e-07
5.655096452873894e-07
5.655096438254751e-07
5.655096423635575e-07
5.655096415677882e-07
5.655096407720148e-07
5.655096399762431e-07
5.655096385143308e-07
5.65509613738187e-07
5.655096013868371e-07
5.655095999249219e-07
5.655095984630063e-07
5.655095980184005e-07
5.655095972226327e-07
5.655095964268613e-07
5.655095902797559e-07
5.655095888178406e-07
5.655095873559228e-07
5.655095858940049e-07
5.655095850982386e-07
5.655095843024621e-07
5.655095828405467e-07
5.655095813786335e-07
5.655095799167193e-07
5.655095784548022e-07
5.655095769928876e-07
5.65509576197116e-07
5.65509575401349e-07
5.655095746055743e-07
5.655095738098014e-07
5.655095730140288e-07
5.655095715521155e-07
5.655095700901995e-07
5.655095686282863e-07
5.655095671663702e-07
5.655095663705981e-07
5.655095655748274e-07
5.65509564779056e-07
5.655095639832833e-07
5.655095631875128e-07
5.655095623917426e-07
5.655095615959728e-07
5.655095608002e-07
5.655095603555933e-07
5.655095599109929e-07
5.655095537638843e-07
5.654966707268602e-07
5.140533027875616e-07
4.710252670098068e-07
4.7102497835673126e-07
4.710249422608079e-07
4.710249378757131e-07
4.710249372509641e-07
4.7102493662621136e-07
4.7102493600146076e-07
4.710249353767092e-07
4.7102493475195477e-07
4.710249341272046e-07
4.71024933502453e-07
4.7102493287770077e-07
4.7102493225295023e-07
4.710249316281967e-07
4.710249310034458e-07
4.7102493037869724e-07
4.7102492975394226e-07
4.710249253688515e-07
4.710249247440994e-07
4.710249241193461e-07
4.7102492349459356e-07
4.7102492286984244e-07
4.7102492224508835e-07
4.7102492162033835e-07
4.7102492099558675e-07
4.710249203708343e-07
4.7102491974608403e-07
4.710249191213306e-07
4.7102491849658174e-07
4.710249178718268e-07
4.7102491724707495e-07
4.7102491662232494e-07
4.7102491599757143e-07
4.710249153728215e-07
4.710249064819715e-07
4.7102489759111615e-07
4.710248796148713e-07
4.710248707240189e-07
4.710248700992658e-07
4.7102486947451376e-07
4.710248688497605e-07
4.7102486822501125e-07
4.7102485933416433e-07
4.710248582067109e-07
4.710248557804177e-07
4.710248468895725e-07
4.710248379987248e-07
4.7102483687127033e-07
4.710248357438182e-07
4.71024835119068e-07
4.710248344943152e-07
4.710248320680205e-07
4.7102482317717633e-07
4.71024814286331e-07
4.7102480539548255e-07
4.7102479650463976e-07
4.7102479537718533e-07
4.7102479475243294e-07
4.710247941276817e-07
4.710247935029313e-07
4.710247928781785e-07
4.7102479225343036e-07
4.710247916286774e-07
4.710247910039244e-07
4.7102479037917266e-07
4.710247897544231e-07
4.7102478912967005e-07
4.7102471691706616e-07
4.7101547998630714e-07
4.7101547109568966e-07
4.7101546220507054e-07
4.7101545331445083e-07
4.71015444423833e-07
4.7101543553321455e-07
4.7101543440577696e-07
4.710154332783427e-07
4.710154321509119e-07
4.7101543152620375e-07
4.7101543090149816e-07
4.710154302767917e-07
4.7101542965208454e-07
4.710154290273782e-07
4.7101542840266853e-07
4.7101542777796014e-07
4.7101542715325407e-07
4.7101542652854683e-07
4.709969533173038e-07
4.6156013879483024e-07
4.432569763381183e-07
4.259305240483014e-07
4.2593039814616095e-07
4.25930394272064e-07
4.259303903979615e-07
4.2593038260608115e-07
4.2593037481420903e-07
4.2593036702232494e-07
4.25930363148227e-07
4.2593035535634964e-07
4.2593034756446915e-07
4.2593033977259163e-07
4.259303358984957e-07
4.2593033490703686e-07
4.259303343452995e-07
4.25930333783562e-07
4.2593033322182506e-07
4.259303293477266e-07
4.259303287859903e-07
4.2593032822425137e-07
4.2593032435015263e-07
4.2593032047605443e-07
4.259303166019547e-07
4.2593031272785813e-07
4.259303049359785e-07
4.259303010618844e-07
4.259302971877839e-07
4.259302933136839e-07
4.2593023032452843e-07
4.259302225326509e-07
4.259302147407743e-07
4.259301990262264e-07
4.259301675514564e-07
4.259301636773607e-07
4.25930159803264e-07
4.2593015201138537e-07
4.2593014813728716e-07
4.2593014426318917e-07
4.2593014038909087e-07
4.2593013259722007e-07
4.259300696081021e-07
4.258656009617631e-07
3.6059673892871595e-07
3.605966357897699e-07
3.605966099696639e-07
3.605966067861228e-07
3.605966036025816e-07
3.6059655201162635e-07
3.5721556846530784e-07
3.572153642630425e-07
3.5721536111296314e-07
3.572153595338209e-07
3.5721535928411795e-07
3.572153590344154e-07
3.572153587847126e-07
3.5721535853500873e-07
3.5721535828530273e-07
3.5721535803560065e-07
3.572153577858984e-07
3.5721535753619564e-07
3.572153543861138e-07
3.572153512360314e-07
3.572153480859479e-07
3.572153449358673e-07
3.572152428086786e-07
3.5721442550054694e-07
3.5679591561052e-07
3.5679571166828313e-07
3.5679569875211293e-07
3.567956956052279e-07
3.567956924583409e-07
3.567956893114558e-07
3.567956763952851e-07
3.56795673248397e-07
3.5679567010151037e-07
3.5679566375578866e-07
3.5679566060890456e-07
3.5679564769273087e-07
3.567956445458425e-07
3.5679544060379806e-07
3.5679538958410134e-07
3.567953766679326e-07
3.5679537352104953e-07
3.567953606048776e-07
3.5679535980265966e-07
3.5679535970958715e-07
3.56795359616514e-07
3.567953595234414e-07
3.5679535943036814e-07
3.5679535933729383e-07
3.5679535924422116e-07
3.5679535915114987e-07
3.567953590580774e-07
3.567953589650024e-07
3.56795358871931e-07
3.567953587788582e-07
3.567953586857846e-07
3.5679535859271296e-07
