16.716772124166354
14.90263311313116
13.58086293280187
12.483898636227298
11.531399270400854
10.688061589035842
9.93325414714153
9.252798043135147
8.63602478929466
8.074513855340534
7.561416609039595
7.09104643464249
6.658635386351025
6.260116048598735
5.8920009591439015
5.551271000081369
5.235291890423087
4.941764904300315
4.6686594788202616
4.414180108432995
4.176733180936525
3.954895344620977
3.747390001253945
3.5530730521987106
3.3709123802932703
3.199975073065618
3.039418550837632
2.8884771254277797
2.7464531136005177
2.612710951731158
2.486667907620211
2.367794628936706
2.255603116007084
2.149644702658496
2.0495075583034716
1.9548119895672995
1.8652080517753133
1.7803730529409014
1.7000080923104899
1.6238362353838653
1.5516016725183968
1.4830666103250894
1.4180112973191186
1.3562315509679777
1.2975357004104082
1.2417456904545565
1.188694834059736
1.1382280096117898
1.0901998251693459
1.0444752931975567
1.0009275281017849
0.959437942900588
0.9198952674844741
0.8821954635371192
0.8462405270891762
0.811938195682467
0.7792016416033248
0.7479494505924875
0.7181052584757686
0.689596886428732
0.6623568262689725
0.636321222881249
0.611429856007083
0.5876258611199696
0.5648555376234182
0.5430682256492014
0.5222160841024485
0.5022539231173836
0.48313886895837355
0.4648304920375863
0.4472905385980224
0.4304826977488037
0.41437274054795636
0.39892813969858104
0.38411797972835887
0.3699131227294291
0.35628601927631454
0.3432104516721181
0.33066152299733775
0.31861560540221595
0.307050286004374
0.29594427450484917
0.28527727875571207
0.2750300630729305
0.2651842772483117
0.25572255263278976
0.24662836686442413
0.23788599055044446
0.22948039002993065
0.22139719295691124
0.21362277920777886
0.20614415437863962
0.19894890909763385
0.19202527824631488
0.18536202653467876
0.17894840338508422
0.17277416982889082
0.16682955070112943
0.16110523720584383
0.15559234801283148
0.15028235326237663
0.1451671272622239
0.1402389161254167
0.1354902866684067
0.13091409553994687
0.1265035617054063
0.12225216961489237
0.11815370524187194
0.11420220715745906
0.11039196392600943
0.10671751260106419
0.1031736301773606
0.09975531919287413
0.09645776417161467
0.09327637351584145
0.09020675076434581
0.08724465454625731
0.08438602895075782
0.08162697379687438
0.07896376894168335
0.0763928454212155
0.07391076448667704
0.07151423369626332
0.06920009754389547
0.06696532676889994
0.06480700439367915
0.06272232539900763
0.06070859480640002
0.058763224474453785
0.05688372965904546
0.055067728748892424
0.05331293797190203
0.051617165958745236
0.04997829227932967
0.04839428109067526
0.04686317624343772
0.04538309810635991
0.04395223993077112
0.04256886305184652
0.0412312919869491
0.03993792931532461
0.03868722238492553
0.037477675556792434
0.036307855424714076
0.03517637881300213
0.0340819130975449
0.03302317760501731
0.031998938872409885
0.03100800774848207
0.030049241876548977
0.029121534973643646
0.028223830059809527
0.027355105574142526
0.026514372072867432
0.025700676653133876
0.024913100572047774
0.02415075990310427
0.02341280259172768
0.022698406517213394
0.022006779379399773
0.021337156953294897
0.020688802063775834
0.020061004744904375
0.019453084591053393
0.018864382111245737
0.018294259672315575
0.01774210285230892
0.017207316632905197
0.016689327260679444
0.016187580060617268
0.015701543529376756
0.01523070220468664
0.014774558975970737
0.014332634307630198
0.013904464777998135
0.013489602586541216
0.013087614241021636
0.012698083656968897
0.01232060796274922
0.011954797624233598
0.011600274491049854
0.011256674290293868
0.010923645095909106
0.010600847273608388
0.010287953371223646
0.009984646227052842
0.009690619265665914
0.009405576604223663
0.009129233128618961
0.008861312154803
0.00860154739900526
0.008349680073214603
0.008105459720920527
0.007868644296598467
0.007639000113632454
0.0074163011130330015
0.007200328677354611
0.00699087136770207
0.0067877247087383226
0.0065906909349566925
0.006399578655987443
0.0062142028722508465
0.006034384344657156
0.005859950952661155
0.005690735298551261
0.005526575165925334
0.005367313563324628
0.005212798716993527
0.005062883721660281
0.0049174263989139625
0.00477628917237949
0.004639338903764969
0.004506446797736143
0.004377488164958511
0.0042523423006028205
0.004130892377195262
0.00401302531217707
0.003898631599338425
0.0037876055365543932
0.0036798443823221794
0.0035752486793573157
0.003473722136414837
0.0033751713696891744
0.0032795060680777246
0.003186638890584003
0.003096485187782035
0.003008962943366058
0.002923992615902717
0.002841497948179424
0.002761404376277435
0.002683639668544068
0.0026081340234253908
0.0025348196822456886
0.002463630916426878
0.002394503942595799
0.002327377354147038
0.0022621912703227596
0.0021988878239360267
0.0021374108398669526
0.002077705679577012
0.0020197195406045252
0.0019634012832779944
0.001908701347786343
0.0018555717147867995
0.0018039658412302342
0.0017538386168478564
0.0017051463541114904
0.0016578466498005644
0.001611898400221364
0.0015672617591208679
0.0015238980972626965
0.0014817699634991626
0.0014408410472295402
0.001401076142163388
0.0013624411113238113
0.0013249028531399124
0.0012884292674110542
0.0012529892341563386
0.0012185525645117884
0.0011850899812102115
0.0011525730898439039
0.0011209743508782796
0.0010902670589169148
0.0010604253047846474
0.0010314239570627605
0.0010032386378337576
0.0009758456992363515
0.0009492222007931892
0.0009233458874795845
0.0008981951685051854
0.0008737490967823865
0.0008499873440374636
0.0008268902128711074
0.0008044385670108791
0.0007826138385240143
0.0007613980105272619
0.0007407736001529431
0.0007207236421126774
0.0007012316728134619
0.0006822817149864858
0.0006638582628535742
0.0006459462678363836
0.0006285311243355128
0.0006115986564282185
0.0005951351048083431
0.0005791271141395486
0.0005635617208079366
0.0005484263410601834
0.0005337087595145751
0.0005193971180321957
0.0005054799049369498
0.0004919459445723421
0.0004787843871845274
0.00046598469870803014
0.0004535366534268828
0.0004414303221733474
0.00042965606356113
0.0004182045164458176
0.00040706659026700057
0.0003962334579521237
0.000385696548019653
0.000375447536938363
0.000365478341728678
0.0003557811127955589
0.0003463482269839567
0.0003371722808489938
0.00032824608413341944
0.0003195626534456606
0.0003111152061317293
0.00030289715433474805
0.00029490209923616723
0.00028712382547283345
0.00027955629572418557
0.00027219364546437813
0.00026503017758609045
0.0002580603596043062
0.00025127882299729555
0.00024468034341796344
0.00023825984563155645
0.00023201239907439349
0.00022593321250796966
0.0002200176315562249
0.00021426113452063995
0.00020865932810063337
0.0002032079436353956
0.0001979028334622326
0.00019273996738620384
0.0001877154292570896
0.00018282541365012258
0.00017806622264660056
0.00017343426271158708
0.0001689260416649973
0.00016453816574377625
0.00016026733675154938
0.00015611034929363007
0.00015206408809434558
0.00014812552539428215
0.00014429171842488992
0.0001405598069581892
0.00013692701092909035
0.00013339062812818843
0.00012994803196296755
0.0001265966692850974
0.00012333405828206443
0.00012015778643089662
0.00011706550851232808
0.00011405494395378919
0.0001111238793509203
0.00010827015956049717
0.00010549168939118194
0.00010278643193871838
0.00010015240690683043
9.758768898368975e-05
9.509040626946598e-05
9.265873875198167e-05
9.029091682822775e-05
8.79852198698204e-05
8.573997483094286e-05
8.35535548971849e-05
8.142437817411336e-05
7.93509064141503e-05
7.73316437805907e-05
7.536513564777918e-05
7.34499674360755e-05
7.158476348070896e-05
6.976818593352644e-05
6.79989336965488e-05
6.627574138639944e-05
6.45973782960944e-05
6.296264767280846e-05
6.13703853785713e-05
5.981945908892633e-05
5.830876745234625e-05
5.6837239220615754e-05
5.540383240441364e-05
5.400753345350538e-05
5.2647356460514195e-05
5.132234238774211e-05
5.003155831611102e-05
4.877409671574473e-05
4.7549074737429754e-05
4.6355633524363394e-05
4.519293754362419e-05
4.4060173936714886e-05
4.295655188874117e-05
4.1881302015404386e-05
4.0833675767750596e-05
3.9812944853566756e-05
3.881840067554036e-05
3.784935378513808e-05
3.6905133352218035e-05
3.598508664957596e-05
3.508857855215585e-05
3.421499105046218e-05
3.3363722777760994e-05
3.253418855064451e-05
3.1725818922640405e-05
3.093805975041883e-05
3.0170371772202393e-05
2.9422230198140647e-05
2.8693124312212696e-05
2.7982557085400607e-05
2.7290044799662692e-05
2.661511668252856e-05
2.595731455206106e-05
2.5316192471630606e-05
2.469131641455305e-05
2.4082263937980674e-05
2.3488623866095868e-05
2.2909995982049347e-05
2.234599072863405e-05
2.1796228917200472e-05
2.126034144489745e-05
2.073796901965616e-05
2.0228761892889202e-05
1.9732379599720476e-05
1.924849070636797e-05
1.8776772564667118e-05
1.8316911073307274e-05
1.7868600445775097e-05
1.7431542984838742e-05
1.700544886312336e-05
1.6590035909875644e-05
1.618502940368843e-05
1.5790161870926534e-05
1.540517288969542e-05
1.5029808899282552e-05
1.4663823014930699e-05
1.4306974847593914e-05
1.3959030328837955e-05
1.3619761540453539e-05
1.3288946548817852e-05
1.296636924382832e-05
1.2651819182280889e-05
1.2345091435512287e-05
1.204598644132031e-05
1.175430985992836e-05
1.1469872433826311e-05
1.1192489851599998e-05
1.0921982615389117e-05
1.0658175912040284e-05
1.0400899487761261e-05
1.0149987526241769e-05
9.905278530070159e-06
9.666615205438223e-06
9.43384434998323e-06
9.206816743646544e-06
8.98538704263556e-06
8.769413676089576e-06
8.558758745800635e-06
8.353287928467214e-06
8.1528703806676e-06
7.957378646496107e-06
7.766688567615743e-06
7.580679195819781e-06
7.399232707887018e-06
7.222234322894057e-06
7.049572221574609e-06
6.88113746806412e-06
6.716823933612714e-06
6.556528222449916e-06
6.4001495996311174e-06
6.247589920817006e-06
6.098753564007699e-06
5.953547362980922e-06
5.811880542751334e-06
5.673664656561695e-06
5.53881352467464e-06
5.40724317480296e-06
5.278871784159907e-06
5.153619622979702e-06
5.031408999677999e-06
4.912164207394363e-06
4.795811471987952e-06
4.682278901533683e-06
4.571496437024515e-06
4.463395804398237e-06
4.357910467993083e-06
4.254975585124692e-06
4.154527961939201e-06
4.0565060103600225e-06
3.960849706336824e-06
3.86750054903561e-06
3.776401521257288e-06
3.687497050810933e-06
3.6007329729981503e-06
3.5160564940390356e-06
3.433416155514795e-06
3.3527617996802394e-06
3.2740445358112574e-06
3.1972167073351856e-06
3.1222318599289232e-06
3.0490447103776227e-06
2.977611116309575e-06
2.9078880467557658e-06
2.839833553399097e-06
2.773406742687721e-06
2.7085677486041273e-06
2.6452777062419415e-06
2.5834987259382036e-06
2.5231938682592353e-06
2.4643271195326805e-06
2.4068633680315243e-06
2.3507683808741063e-06
2.2960087813946565e-06
2.242552027224755e-06
2.1903663888920734e-06
2.139420929027376e-06
2.0896854820122906e-06
2.0411306343409653e-06
1.993727705306254e-06
1.9474487283169575e-06
1.9022664326871053e-06
1.8581542258100916e-06
1.8150861759440666e-06
1.7730369952980034e-06
1.7319820236970562e-06
1.691897212582928e-06
1.6527591094688123e-06
1.6145448427802696e-06
1.5772321071109582e-06
1.540799148832159e-06
1.5052247521363871e-06
1.4704882253280123e-06
1.4365693876631266e-06
1.403448556327586e-06
1.3711065338264007e-06
1.339524595799447e-06
1.3086844789854893e-06
1.2785683696098521e-06
1.249158892056598e-06
1.2204390977872714e-06
1.1923924546422339e-06
1.1650028362653822e-06
1.1382545119466184e-06
1.1121321366813897e-06
1.0866207414297124e-06
1.0617057237259206e-06
1.037372838398255e-06
1.0136081887192866e-06
9.903982175730428e-07
9.677296989813724e-07
9.455897298427187e-07
9.23965721780369e-07
9.028453933672083e-07
8.822167623613721e-07
8.620681383089922e-07
8.423881152204072e-07
8.23165564496161e-07
8.043896280139079e-07
7.860497113593251e-07
7.681354772973571e-07
7.50636839355853e-07
7.335439556303695e-07
7.168472226373751e-07
7.005372694708321e-07
6.846049519713126e-07
6.690413471450112e-07
6.538377476522833e-07
6.389856564928766e-07
6.244767817907269e-07
6.103030316936087e-07
5.964565094792313e-07
5.829295087277286e-07
5.697145085857908e-07
5.568041691942863e-07
5.441913272626071e-07
5.318689917275098e-07
5.198303394033058e-07
5.080687110206166e-07
4.965776070691866e-07
4.853506838939821e-07
4.743817499024618e-07
4.636647618059786e-07
4.531938209981439e-07
4.429631699788041e-07
4.329671889390786e-07
4.232003923527411e-07
4.136574256975217e-07
4.0433306229044554e-07
3.9522220011932143e-07
3.863198588043254e-07
3.776211766536684e-07
3.6912140774058725e-07
3.6081591910716983e-07
3.527001879790832e-07
3.4476979911632854e-07
3.370204421936667e-07
3.294479092185906e-07
3.220480920938857e-07
3.148169801343544e-07
3.0775065774400165e-07
3.008453021168526e-07
2.9409718092348837e-07
2.87502650203879e-07
2.8105815218336714e-07
2.747602131513721e-07
2.686054415253996e-07
2.6259052578334334e-07
2.5671223256714914e-07
2.509674047659792e-07
2.453529597126974e-07
2.3986588739314484e-07
2.3450324861677926e-07
2.292621734248556e-07
2.2413985932867765e-07
2.1913356978019732e-07
2.1424063249080091e-07
2.094584379402621e-07
2.047844378730273e-07
2.0021614380217065e-07
1.9575112561529224e-07
1.9138701011303544e-07
1.8712147972585627e-07
1.8295227110919947e-07
1.788771738850804e-07
1.748940293633204e-07
1.7100072932742758e-07
1.6719521479951116e-07
1.6347547489197278e-07
1.598395456275684e-07
1.562855088580746e-07
1.5281149112567927e-07
1.4941566267954548e-07
1.460962363457091e-07
1.4285146655146078e-07
1.396796483567681e-07
1.3657911646493725e-07
1.3354824427831405e-07
1.3058544298328645e-07
1.2768916067462415e-07
1.2485788145847457e-07
1.2209012460723874e-07
1.1938444372530007e-07
1.1673942592457171e-07
1.1415369106968569e-07
1.1162589094416728e-07
1.0915470855519137e-07
1.0673885737014252e-07
1.0437708059299905e-07
1.0206815045123769e-07
9.981086756645226e-08
9.760406022658438e-08
9.544658375968953e-08
9.333731988603674e-08
9.127517612235724e-08
8.925908513607589e-08
8.728800421257011e-08
8.536091460070507e-08
8.347682101124649e-08
8.163475104309168e-08
7.983375466532745e-08
7.807290364545362e-08
7.635129108288145e-08
7.466803091685669e-08
7.30222574102763e-08
7.141312468297502e-08
6.983980620475298e-08
6.830149446462566e-08
6.679740038753182e-08
6.532675299078013e-08
6.388879894596603e-08
6.248280212480762e-08
6.110804327223938e-08
5.976381954966808e-08
5.8449444182232394e-08
5.7164246058071885e-08
5.5907569417271066e-08
5.4678773447619153e-08
5.3477231958728906e-08
5.230233302931161e-08
5.115347869638769e-08
5.003008458002737e-08
4.8931579661401196e-08
4.785740587208348e-08
4.680701786640086e-08
4.577988269580869e-08
4.4775479513112475e-08
4.379329933312615e-08
4.283284471593359e-08
4.189362950679354e-08
4.0975178589809474e-08
4.007702764882262e-08
3.919872286733127e-08
3.833982074429721e-08
3.74998878039834e-08
3.6678500403837714e-08
3.587524448482877e-08
3.50897153817363e-08
3.4321517538080144e-08
3.3570264389957406e-08
3.283557810157453e-08
3.211708936952046e-08
3.141443723507188e-08
3.0727268870227006e-08
3.005523945209361e-08
2.9398011910643384e-08
2.875525677643778e-08
2.8126652039386012e-08
2.7511882910962137e-08
2.6910641720226593e-08
2.6322627712217212e-08
2.574754691347125e-08
2.518511196037768e-08
2.4635041964526153e-08
2.4097062346958033e-08
2.3570904703634235e-08
2.3056306670016627e-08
2.255301175411556e-08
2.2060769242882546e-08
2.1579334048052634e-08
2.110846660329525e-08
2.0647932673501836e-08
2.0197503329519742e-08
1.9756954732780297e-08
1.9326068079966325e-08
1.890462946544641e-08
1.849242977239139e-08
1.808926459014971e-08
1.7694934059665847e-08
1.73092427906007e-08
1.693199978177358e-08
1.656301829300561e-08
1.6202115760949348e-08
1.5849113711947205e-08
1.5503837630783827e-08
1.5166116924609663e-08
1.4835784805161887e-08
1.4512678202800096e-08
1.4196637686013238e-08
1.3887507391762424e-08
1.3585134919120937e-08
1.3289371273497146e-08
1.3000070771336958e-08
1.2717090981937088e-08
1.2440292623319935e-08
1.2169539566219626e-08
1.19046986757633e-08
1.1645639770427917e-08
1.1392235588870456e-08
1.1144361686855265e-08
1.0901896401951345e-08
1.0664720748665534e-08
1.0432718408103463e-08
1.020577565332883e-08
9.983781238786461e-09
9.766626433904501e-09
9.554204911782051e-09
9.346412692135492e-09
9.143148098857009e-09
8.944311727877911e-09
8.749806353184203e-09
8.559536951027377e-09
8.373410560121113e-09
8.19133628266096e-09
8.013225245527132e-09
7.83899053906519e-09
7.668547184939427e-09
7.501812084630529e-09
7.338703962943828e-09
7.17914334729949e-09
7.023052537557413e-09
6.8703555243954535e-09
6.720978001643498e-09
6.574847301182199e-09
6.431892345255232e-09
6.292043641507768e-09
6.1552332369113e-09
6.021394653423933e-09
5.890462896452137e-09
5.7623744106766054e-09
5.63706702428601e-09
5.514479946186103e-09
5.3945537375170675e-09
5.2772302645095094e-09
5.162452648066162e-09
5.050165285594641e-09
4.9403138003452865e-09
4.832844997531581e-09
4.727706885354734e-09
4.624848581574988e-09
4.524220346941105e-09
4.4257735098452194e-09
4.329460490042424e-09
4.235234761648836e-09
4.143050784010107e-09
4.052864067471081e-09
3.96463105508467e-09
3.878309179796035e-09
3.7938567836996746e-09
3.711233150529602e-09
3.6303984339151844e-09
3.5513136626945276e-09
3.473940733687472e-09
3.3982423950225147e-09
3.3241821740887897e-09
3.2517244185509767e-09
3.180834237562131e-09
3.111477566340273e-09
3.0436210176050308e-09
2.9772319456630878e-09
2.912278463533857e-09
2.8487293431946467e-09
2.7865540568127684e-09
2.7257227416005107e-09
2.666206186138702e-09
2.6079758280177532e-09
2.5510037063986353e-09
2.4952624831375347e-09
2.4407254348462537e-09
2.3873664021210696e-09
2.3351598197011964e-09
2.2840806478955694e-09
2.234104433779303e-09
2.1852071922709386e-09
2.1373655530700236e-09
2.090556601349139e-09
2.0447579443736035e-09
1.999947641399231e-09
1.9561042674526478e-09
1.913206855770945e-09
1.87123489401314e-09
1.8301683313692435e-09
1.7899875064171425e-09
1.7506732482204197e-09
1.7122067724203591e-09
1.6745697126893177e-09
1.6377440966512948e-09
1.6017123563289789e-09
1.5664572860745117e-09
1.5319620824376886e-09
1.4982102600509234e-09
1.465185744464482e-09
1.4328727839121487e-09
1.4012559670803533e-09
1.3703202512105955e-09
1.3400509021213285e-09
1.3104334857851831e-09
1.2814539024170308e-09
1.2530983598323612e-09
1.2253533509739145e-09
1.1982056659929058e-09
1.1716424140407786e-09
1.1456509308386256e-09
1.1202188883237167e-09
1.0953341615230392e-09
1.0709849540546027e-09
1.0471596674836156e-09
1.0238469963129911e-09
1.001035859597726e-09
9.787154207964723e-10
9.568750711829686e-10
9.355044547060333e-10
9.145934156961218e-10
8.941320486094033e-10
8.741106378790537e-10
8.545196847108057e-10
8.353499032331359e-10
8.165921888294385e-10
7.982376613230486e-10
7.802776236372605e-10
7.62703554841369e-10
7.455071430399144e-10
7.286802309398492e-10
7.122148534218126e-10
6.961032134035981e-10
6.803376675206437e-10
6.649107798718447e-10
6.498152264732317e-10
6.35043882037501e-10
6.205897420519249e-10
6.064459807975612e-10
5.926059114341715e-10
5.790629895250938e-10
5.658108055590671e-10
5.528430875127146e-10
5.401537183787762e-10
5.277367061238242e-10
5.155861852197255e-10
5.036964188427956e-10
4.920617797585113e-10
4.806767765855173e-10
4.695360454307842e-10
4.5863432366116096e-10
4.479664686835141e-10
4.37527428541947e-10
4.2731229921278095e-10
4.173162752141884e-10
4.0753461160143257e-10
3.979627079671516e-10
3.8859605189423907e-10
3.794302246443643e-10
3.7046091342179804e-10
3.616838900096642e-10
3.5309501515073735e-10
3.446902539122231e-10
3.36465638302915e-10
3.2841729881716487e-10
3.2054144703163684e-10
3.128343581273168e-10
3.052924316752498e-10
2.9791209400483326e-10
2.906898790686892e-10
2.836224066113927e-10
2.767063227063249e-10
2.69938392000259e-10
2.6331544559616913e-10
2.568343397814057e-10
2.504920564949487e-10
2.4428559211547625e-10
2.3821202469438553e-10
2.3226852400900196e-10
2.2645227892542704e-10
2.2076057357199406e-10
2.151907273532963e-10
2.097401107307035e-10
2.0440618617291185e-10
1.9918643477697619e-10
1.9407840496811606e-10
1.8907970432570194e-10
1.8418799190655138e-10
1.794009607431187e-10
1.7471637561118512e-10
1.7013201586149997e-10
1.656457520347163e-10
1.6125547173539487e-10
1.5695912103158475e-10
1.5275469628516024e-10
1.486402190999021e-10
1.4461374172541058e-10
1.4067339073167126e-10
1.368173186821212e-10
1.330437284875666e-10
1.293508362506812e-10
1.2573691817809226e-10
1.2220028616242568e-10
1.1873928114507552e-10
1.1535227986921085e-10
1.1203770861991422e-10
1.0879398361467277e-10
1.0561960451075407e-10
1.0251309336339107e-10
9.947298351784285e-11
9.649785490738276e-11
9.358632984766299e-11
9.073703852444274e-11
8.794864520051011e-11
8.521982774247742e-11
8.254933019812793e-11
7.993590813233515e-11
7.737834013610339e-11
7.487539859098487e-11
7.242595320067016e-11
7.002883441463864e-11
6.768293465102063e-11
6.538714894860834e-11
6.314040269057281e-11
6.094165678460411e-11
5.878987940633034e-11
5.668406365343755e-11
5.4623226853867154e-11
5.2606387575080675e-11
5.063263642240627e-11
4.8701029380404444e-11
4.681067748932105e-11
4.4960692857063066e-11
4.3150215425969945e-11
4.1378388979918534e-11
3.964439821616368e-11
3.794743823533891e-11
3.628669647351106e-11
3.46614111386885e-11
3.307082895553654e-11
3.151419795055681e-11
2.999080137444859e-11
2.8499913025252674e-11
2.704085937583324e-11
2.5612941126644723e-11
2.4215513138522877e-11
2.2847899121334167e-11
2.150945921003524e-11
2.019958986860643e-11
1.8917672490978715e-11
1.7663115780886036e-11
1.6435333881880164e-11
1.5233749227610576e-11
1.4057797046699429e-11
1.2906947535808377e-11
1.1780640093558967e-11
1.0678372244968507e-11
9.599605230246238e-12
8.54384780933253e-12
7.51062015452024e-12
6.499442405317513e-12
5.50983685762024e-12
4.541335512541021e-12
3.593479812244126e-12
2.66584912023209e-12
1.7580053281291429e-12
8.695321910627465e-13
0.0
