5.489868617398951
4.518550979815664
3.8286647406148937
3.29807443359078
2.8689844711005086
2.511406282254411
2.2079836060412634
1.9475684789625785
1.7223579479984832
1.5265276822070273
1.3555322670886025
1.2057180600696786
1.0740898234653706
0.9581551759207813
0.8558200256658561
0.7653160411302381
0.6851345091480847
0.6139844025162223
0.5507549242541586
0.49448748169970236
0.4443524493596114
0.3996292586410813
0.3596893260421721
0.32398348668416865
0.2920309391258347
0.2634097132411937
0.23774978046833498
0.21472494746752932
0.1940476634143275
0.17546395951463728
0.15874934952431988
0.14370489006249865
0.13015410965415505
0.11794050005473859
0.10692492767633978
0.09698378335192427
0.08800700053223239
0.07989637864861125
0.0725642590639867
0.065932374592737
0.05993072433773578
0.05449672420367049
0.04957426990766654
0.045113076303051135
0.04106805802613267
0.037398740869431714
0.034068818774401086
0.031045626247966224
0.028299809051288313
0.025804942520247204
0.023537211251417278
0.021475161802932026
0.0195994610555407
0.01789266574068488
0.016339028441898967
0.014924322813060519
0.013635701877494478
0.012461555692783077
0.011391384000095721
0.010415684572452762
0.009525853970863847
0.008714097202084383
0.007973353107023932
0.007297222478225993
0.006679901528838523
0.00611612505326318
0.005601116738084001
0.005130538757319696
0.0047004500220248985
0.004307272122448571
0.003947752000266913
0.00361893162438767
0.003318121156465929
0.003042872792353001
0.0027909597064826076
0.0025603542209588974
0.002349209887923747
0.002155844649134213
0.0019787257705639574
0.001816456344458313
0.0016677626515570376
0.0015314831926233094
0.0014065583560612194
0.001292021190647117
0.001186989227208473
0.0010906568523962434
0.0010022882706856846
0.0009212114608211002
0.0008468122792024518
0.0007785295301947398
0.000715850318534071
0.0006583056993912498
0.0006054667944949039
0.000556941383679147
0.000512370615976104
0.0004714261249995967
0.00043380740138524197
0.00039923933895230466
0.0003674700527561287
0.0003382688853894456
0.000311424566417892
0.00028674355158670665
0.00026404850086757497
0.00024317689190829855
0.00022397975529174954
0.00020632052036313446
0.0001900739616909434
0.00017512523714946913
0.00016136900944354674
0.00014870864364981202
0.0001370554740278432
0.0001263281339720771
0.00011645194353254494
0.00010735834943796588
9.89844130127471e-05
9.12723417936643e-05
8.416904089313191e-05
7.762577249020965e-05
7.159774562289102e-05
6.604380931921657e-05
6.092615133332245e-05
5.6210022399329176e-05
5.186348375519627e-05
4.7857175907838676e-05
4.416410680218202e-05
4.075945772373295e-05
3.7620405415029404e-05
3.472595902106539e-05
3.205681060081136e-05
2.959519805255981e-05
2.7324779401268956e-05
2.5230517487606644e-05
2.3298574180974105e-05
2.1516213314990412e-05
1.9871711612573426e-05
1.8354276930921463e-05
1.69539732134901e-05
1.5661651589091966e-05
1.4468887105382753e-05
1.336792062803864e-05
1.235160547614376e-05
1.1413358401380452e-05
1.054711455115198e-05
9.747286086467592e-06
9.008724153106297e-06
8.32668392979267e-06
7.6967925002688e-06
7.115019317458774e-06
6.577649047356981e-06
6.081256597681447e-06
5.622684152881149e-06
5.199020051689533e-06
4.8075793573951315e-06
4.445885982564835e-06
4.111656242639181e-06
3.802783721924879e-06
3.517325346124483e-06
3.2534885634521377e-06
3.009619545073362e-06
2.7841923226932455e-06
2.5757987873647514e-06
2.3831394808794817e-06
2.20501511568249e-06
2.0403187648421507e-06
1.8880286686205876e-06
1.747201608280638e-06
1.6169668015188997e-06
1.4965202783085985e-06
1.3851196985722071e-06
1.28207957663879e-06
1.186766880048701e-06
1.0985969731101713e-06
1.0170298778098266e-06
9.415668268341009e-07
8.717470857744146e-07
8.071450230729301e-07
7.473674082766436e-07
6.92050920479829e-07
6.408598506196825e-07
5.934839819595789e-07
5.496366353253138e-07
5.09052865623952e-07
4.714877981101409e-07
4.3671509331374174e-07
4.045255306532838e-07
3.747257013986978e-07
3.4713680243313386e-07
3.2159352293962733e-07
2.9794301692298794e-07
2.760439546662916e-07
2.5576564715327903e-07
2.3698723758085725e-07
2.1959695515560313e-07
2.0349142581685606e-07
1.8857503589517272e-07
1.7475934445668908e-07
1.6196254050828468e-07
1.501089417170871e-07
1.391285313746689e-07
1.2895653058771873e-07
1.195330032696354e-07
1.1080249094332322e-07
1.0271367559593967e-07
9.52190678725234e-08
8.827471919428663e-08
8.18399555833881e-08
7.58771317038239e-08
7.03514035832204e-08
6.523051842914373e-08
6.048462047127772e-08
5.608607141928422e-08
5.20092845095583e-08
4.823057097134309e-08
4.472799826338676e-08
4.148125881441923e-08
3.8471548766310036e-08
3.568145579208325e-08
3.3094855305667856e-08
3.069681460088676e-08
2.8473504059032073e-08
2.641211511740836e-08
2.4500784271852914e-08
2.272852291517888e-08
2.1085152381924746e-08
1.9561243709618005e-08
1.814806213707635e-08
1.6837515613437383e-08
1.5622107200389477e-08
1.449489096291549e-08
1.3449431246549462e-08
1.2479764886613878e-08
1.1580366365538097e-08
1.074611539241615e-08
9.972267033619923e-09
9.254424002044732e-09
8.588511065705909e-09
7.97075123980677e-09
7.397643862084315e-09
6.865944261182619e-09
6.3726448811939896e-09
5.914957830036045e-09
5.490298855130078e-09
5.096272181992013e-09
4.730656874025996e-09
4.391393898090402e-09
4.076574252237838e-09
3.784427992314097e-09
3.5133140199049254e-09
3.2617106847674638e-09
3.0282070135623964e-09
2.8114946001003726e-09
2.6103601026348785e-09
2.4236783882875472e-09
2.2504059206086456e-09
2.089574971338383e-09
1.940287993114724e-09
1.801712482119294e-09
1.6730763269665959e-09
1.5536633308468042e-09
1.4428091496289845e-09
1.3398975546024697e-09
1.2443568775668102e-09
1.155656814371244e-09
1.0733054072579779e-09
9.968462385837571e-10
9.258558463342909e-10
8.599413823550509e-10
7.987383215842882e-10
7.419084273876651e-10
6.891379073896981e-10
6.401355633638013e-10
5.946311803164839e-10
5.523740068196399e-10
5.13131352644246e-10
4.766872970526166e-10
4.428414136369391e-10
4.114077227767378e-10
3.8221359058794466e-10
3.5509884188066e-10
3.299147586224311e-10
3.065233131252674e-10
2.847964123373349e-10
2.646151333826164e-10
2.458690935701149e-10
2.2845582093082169e-10
2.1228019345275523e-10
1.9725389972615937e-10
1.832949867995586e-10
1.7032735187870825e-10
1.5828032315978292e-10
1.4708827527759845e-10
1.366903457681213e-10
1.270299542748408e-10
1.180546110148102e-10
1.0971555358409035e-10
1.0196750204319808e-10
9.47684209338907e-11
8.807929443443066e-11
8.186385160765243e-11
7.608841794086825e-11
7.072175290372265e-11
6.57348257581693e-11
6.110068231838538e-11
5.679426049500562e-11
5.279231252525908e-11
4.907324641021903e-11
4.561699754906541e-11
4.2404917316347204e-11
3.941969285627898e-11
3.664526236371697e-11
3.406669889462136e-11
3.1670104529355804e-11
2.944262489210356e-11
2.7372275573445942e-11
2.5447933803590904e-11
2.3659279265335045e-11
2.199668587490596e-11
2.0451277533317066e-11
1.9014746314709065e-11
1.7679408732735694e-11
1.643809594943313e-11
1.528419167674068e-11
1.4211498609636453e-11
1.3214294655922976e-11
1.2287253098385303e-11
1.142543183839287e-11
1.0624216165621211e-11
9.87932285759698e-12
9.1867901580864e-12
8.542940073182756e-12
7.94433278055872e-12
7.38775645732164e-12
6.870274663494237e-12
6.389133488178345e-12
5.94176057523634e-12
5.525787061879408e-12
5.139009393822047e-12
4.779365908866055e-12
4.444955189588502e-12
4.1339999122071525e-12
3.844827613805252e-12
3.575927606026497e-12
3.3258822823523937e-12
3.093356658603417e-12
2.8771251448437166e-12
2.676029105334883e-12
2.489013077099149e-12
2.3150937799926474e-12
2.1533324910692123e-12
2.002898758463441e-12
1.863001306341738e-12
1.7328993102257578e-12
1.6118975531544771e-12
1.4993440680524485e-12
1.3946618966036852e-12
1.2973079210229448e-12
1.2067442607912529e-12
1.1225280889185935e-12
1.0441905759022353e-12
9.713328576145288e-13
9.035575342301868e-13
8.405080850926345e-13
7.818592711414261e-13
7.273113227179888e-13
6.765660428274541e-13
6.293657727687432e-13
5.854552459636869e-13
5.446100665920454e-13
5.066201396098193e-13
4.712817467406104e-13
4.384122863199674e-13
4.078193465297148e-13
3.7936823656729607e-13
3.5290715441308347e-13
3.2827233434982704e-13
3.053609624099669e-13
2.8404591394025837e-13
2.6420572597157724e-13
2.4575708977297104e-13
2.2859112542565665e-13
2.1263128285888154e-13
1.977685562695431e-13
1.8395473487965724e-13
1.710895852796406e-13
1.5912747365033205e-13
1.4800047458971208e-13
1.3765599917907293e-13
1.2802488705441495e-13
1.1906712452089405e-13
1.1073018154392656e-13
1.0297865194500975e-13
9.576324960188039e-14
8.904021190258862e-14
8.279838567220562e-14
7.697484566629278e-14
7.156643200090702e-14
6.652968889350256e-14
6.185389533930698e-14
5.750330632194953e-14
5.344979250223759e-14
4.968724228495677e-14
4.6188810891741086e-14
4.2933047492658775e-14
3.9906889062444893e-14
3.7086415731637514e-14
3.445730252057597e-14
3.201463560519608e-14
2.9750047629562465e-14
2.7653853626443423e-14
2.5691489761869287e-14
2.3857989560872393e-14
2.2159049954658586e-14
2.056963662480043e-14
1.910087122666095e-14
1.7738934757432732e-14
1.6459123531212146e-14
1.5275887562649397e-14
1.4166814558354583e-14
1.3126629159347641e-14
1.2163049248042559e-14
1.1270237557721705e-14
1.0450389749863361e-14
9.681712093005972e-15
8.968606938787868e-15
8.309667679558746e-15
7.704398335452654e-15
7.145261982217197e-15
6.621536537080005e-15
6.1330608152997854e-15
5.679860840213702e-15
5.263424035005148e-15
4.861389452865768e-15
4.496837244286518e-15
4.163932610840742e-15
3.8544458731990614e-15
3.56979327733611e-15
3.3086556894025392e-15
3.0683463041292263e-15
2.833742347147179e-15
2.6215448577790973e-15
2.4260341939155337e-15
2.2418695335023057e-15
2.073396622250693e-15
1.9216719840678216e-15
1.7825986702245513e-15
1.6552734680147498e-15
1.5336652872395321e-15
1.4192741654209113e-15
1.3167248253355457e-15
1.2214387432953639e-15
1.1360968792364462e-15
1.0592713596603176e-15
9.827985488197438e-16
