11.869808931078062
2.9769791730042807
1.4617675627310556
0.8447714922540924
0.5689522332345559
0.4192534391737339
0.38251239789382513
0.33543988228913263
0.36519469161345647
0.33588698783646315
0.398448875197357
0.36613217324914155
0.46574186978244586
0.4198932665758786
0.5751915788951042
0.5033562576848732
0.7461002243510546
0.6312036847982139
1.0108148280776033
0.8328452774060808
1.416253715613273
1.1604419558337493
2.0136408929041085
1.6987949001682239
2.895696664669914
2.7170036711603776
5.068008949765466
5.7742828178572045
6.235770333467417
7.702511565175985
11.589793499414748
21.411151885974824
40.136138963763656
79.5765941225814
158.25120621189544
319.87014312598353
648.8492990232685
1324.519896084823
2712.3691777926156
5574.073047793315
11484.942675888142
23722.730015003945
49103.54210803399
101833.36078109317
211541.32195876195
440100.65733084606
916825.247285331
1912212.3133376183
3992488.556484143
8343715.851184476
17451765.889157787
36529565.04776821
76513963.1908661
160360713.5434511
336271461.10462415
705494576.1494842
1480773685.860923
3109261154.510354
6531057711.170892
13723150116.761112
28844024765.92605
60642743586.26415
127530234425.90811
268256506613.99356
564394187729.9412
1187690081883.7034
2499803761532.5776
5262418225092.602
11079915589848.42
23332143940600.984
49140073998461.54
103508531258897.05
218058087580547.66
459431506656657.44
968097127359347.4
2040158680545340.8
4299849931635696.0
9063264141299814.0
1.91053842106671e+16
4.027770068928469e+16
8.491988701498632e+16
1.7905571784061683e+17
3.775716206410426e+17
7.962350149556914e+17
1.6792388912887025e+18
3.541698358711278e+18
7.470285485126814e+18
1.575752887957484e+19
3.3240160805185905e+19
7.01230961131441e+19
1.4793840839795288e+20
3.121200567015884e+20
6.585402495771535e+20
1.389510925938851e+21
2.931971419519356e+21
6.186924198042975e+21
1.3055886491366009e+22
2.7552035803452454e+22
5.814549424012419e+22
1.2271362973437707e+23
2.589901538728507e+23
5.466216176403039e+23
1.1537264832766275e+24
2.435178880372649e+24
5.140084851207253e+24
1.084977196138706e+25
2.290241857932402e+25
4.834505249439571e+25
1.0205451704991638e+26
2.1543760471828072e+26
4.547989698013418e+26
9.601204666766231e+26
2.0269354094443178e+27
4.2791909567246324e+27
9.034220043677402e+27
1.9073332549491831e+28
4.026883920474062e+28
8.501938548232078e+28
1.79503472385014e+29
3.7899503607784225e+29
8.00202142231566e+29
1.68955048938838e+30
3.567366121079726e+30
7.532324381413545e+30
1.5904314524345992e+31
3.3581903068288997e+31
7.090875575241029e+31
1.497264245234168e+32
3.1615561069095124e+32
6.675856839072954e+32
1.4096673993259844e+33
2.9766629563367236e+33
6.285587655210217e+33
1.3272880613553759e+34
2.802769807185953e+34
5.9185113572287e+34
1.2497991630018121e+35
2.63918931946855e+35
5.573183198789786e+35
1.1768969690058654e+36
2.4852828191022022e+36
5.248259979510921e+36
1.1082989414054216e+37
2.3404558983566046e+37
4.942490976859907e+37
1.043741869390664e+38
2.2041545567795442e+38
4.65470997836014e+38
9.829802232714849e+38
2.0758617988247287e+39
4.383828244938826e+39
9.257846983857931e+39
1.955094619129694e+40
4.1288282658322733e+40
8.719409207213913e+40
1.841401318341469e+41
3.8887581894908175e+41
8.212482908577985e+41
1.7343591021141893e+42
3.6627268345051886e+42
7.735189467767088e+42
1.6335719238434925e+43
3.4498992005748504e+43
7.285768293142202e+43
1.538668538203032e+44
3.249492412647359e+44
6.862568366721372e+44
1.4493007378835207e+45
3.0607720421256346e+45
6.464040565794473e+45
1.3651417503243692e+46
2.883048757906484e+46
6.088730664864766e+46
1.2858847748484594e+47
2.715675267332601e+47
5.735272936541841e+47
1.21124164360385e+48
2.558043513196038e+48
5.4023842822651494e+48
1.1409415921968495e+49
2.409582097953996e+49
5.088858833910481e+49
1.0747301279619419e+50
2.2697539104943017e+50
4.7935629757978755e+50
1.0123679855305732e+51
2.1380539342695698e+51
4.515430743682913e+51
9.536301607944074e+51
2.01400721852932e+52
4.2534595632232996e+52
8.983050155590862e+52
1.8971669968185134e+53
4.006706295370811e+53
8.461934461927169e+53
1.7871129389617603e+54
3.7742835603111526e+54
7.97108110422625e+54
1.683449524481637e+55
3.55535631509689e+55
7.508727071516301e+55
