16.716772124166408
11.87939561777158
9.239878642794242
7.306032118014062
6.092518936831057
4.964861901971478
4.25861600001173
3.5240804907091317
3.067110168614657
2.5676087524648494
2.2594549488935107
1.913436098584494
1.7035320143685349
1.461539509479616
1.3198825567515577
1.149728258755914
1.0571599530299431
0.937401731859723
0.8804251379808486
0.796942330314563
0.7662667631184381
0.7101355713908876
0.6995908440686704
0.6657202741188507
0.6708572421439275
0.6576974311393774
0.6759867448951273
0.6870281437082493
0.7178041201670327
0.7655466373447415
0.8091709268162599
0.924919966295065
1.0157204772871855
1.3185669389700172
1.6741170123948452
2.71954280485889
4.671511456147253
9.446720956680554
19.193390653853754
42.3783171191441
95.65719672885754
219.50483797645236
506.74274121678883
1177.0815389534769
2744.9786355501983
6424.551471179399
15081.447535222891
35500.22005623067
83771.57442387962
198139.93106922336
469676.9060458069
1115667.7710152229
2655477.520358321
6332747.009869418
15130624.07062079
36217032.15351227
86843623.74198684
208598301.92011124
501892192.39460534
1209528341.0262158
2919486281.6061625
7057648553.362534
17086563515.894417
41425514282.35479
100571854873.37186
244487600347.59723
595093466653.4537
1450231845508.5557
3538257922046.436
8642060362847.848
21129880374065.234
51713655568544.92
126683158167895.98
310610063259038.7
762207773898828.8
1871851476889866.8
4600333361246231.0
1.1313779495537648e+16
2.7842489243445908e+16
6.856029844098861e+16
1.6892147583780605e+17
4.164172361747264e+17
1.0270443679383761e+18
2.5342664237948293e+18
6.256113339596504e+18
1.5450187303788958e+19
3.817051318732377e+19
9.433577247819263e+19
2.332215850739214e+20
5.767603934654721e+20
1.4267488742674588e+21
3.530341657409489e+21
8.737662311540732e+21
2.1630963005394136e+22
5.356138344330264e+22
1.3265290554557817e+23
3.2859802282447686e+23
8.141245929686269e+23
2.0173882052209973e+24
4.99983913032502e+24
1.239327639028602e+25
