14.511573638511615
11.852757364721347
10.065772063300301
8.635969922938475
7.4656183956735855
6.492596307539468
5.673900220317974
4.978477933429657
4.383207490473916
3.870426046772826
3.4263555849270255
3.040050681470331
2.7026965327516144
2.407084551896539
2.1472804936368814
1.9183464450317143
1.716142944110377
1.5371726836903878
1.3784597969861148
1.2374711839803805
1.112026638823552
1.000246757991727
0.9005053088424853
0.8113928297921549
0.7316804826819042
0.6602968905777085
0.5963059128012874
0.5388846339358536
0.48730977244160717
0.4409458256264171
0.39923103429496914
0.3616697088465707
0.3278229250518007
0.29730137143077756
0.26975945691301073
0.24488944276703384
0.22241772615479602
0.20210030638862247
0.18371964384532993
0.16708154735969408
0.15201241222990441
0.1383570832658915
0.1259764935211026
0.11474613737298489
0.10455430412518484
0.09530072086307602
0.08689519057071558
0.07925665453511986
0.07231222276612471
0.06599626694513491
0.0602496590369398
0.05501909138219031
0.05025648867181949
0.04591843580303133
0.04196574531562808
0.03836298874328258
0.035078128262724835
0.03208217080927448
0.02934889873598058
0.02685454510976978
0.024577567317731114
0.022498453462703433
0.020599500360719832
0.018864640172430062
0.01727928862033256
0.015830201010508912
0.014505348534523734
0.01329379632749731
0.012185596506949654
0.01117171372304859
0.010243918205971684
0.00939471884833281
0.008617296452157901
0.007905440234128766
0.007253491943420475
0.006656295945447193
0.006109153323087654
0.005607777930873579
0.005148261045160518
0.004727035207750643
0.004340845768100023
0.0039867206016364854
0.003661945672892046
0.0033640417824878192
0.003090744226022085
0.0028399834492933633
0.0026098675357300654
0.0023986668368260423
0.0022047997615950556
0.0020268196254420584
0.001863402949000145
0.0017133387042530032
0.001575518473079522
0.0014489276206402298
0.001332637172504081
0.0012257964315940068
0.00112762616449248
0.0010374125332932558
0.0009545014941187192
0.0008782936495831489
0.000808239650693877
0.0007438359414064801
0.0006846207421556622
0.0006301706114176121
0.0005800972009376303
0.0005340442928614636
0.0004916850930102991
0.00045271975731777276
0.00041687313070879595
0.00038389267965890234
0.0003535466014070044
0.0003256220943483256
0.00029992377553690825
0.00027627223249222056
0.0002545026934132264
0.00023446381429167738
0.00021601657823439139
0.0001990332714594293
0.00018339654919481875
0.00016899858618416944
0.00015574028924954402
0.0001435305826311229
0.00013228575054640074
0.0001219288345544675
0.00011238908104786803
0.00010360143461479204
9.550607339226102e-05
8.804798286556382e-05
8.117656487730991e-05
7.484527888759225e-05
6.901131278014164e-05
6.363528074151799e-05
5.8680945950440524e-05
5.4114966008568206e-05
4.9906659217915023e-05
4.602778997262122e-05
4.2452371677740315e-05
3.915648574350905e-05
3.6118115323933924e-05
3.3316992582465646e-05
3.073445836813014e-05
2.8353333280517057e-05
2.6157799186288982e-05
2.4133290329182856e-05
2.226639324627747e-05
2.054475476928025e-05
1.895699744974003e-05
1.749264180114285e-05
1.6142034802258537e-05
1.4896284151001646e-05
1.3747197801219577e-05
1.2687228352774917e-05
1.170942190084708e-05
1.0807370982981431e-05
9.975171291643169e-06
9.207381848269972e-06
8.49898835812446e-06
7.845369490283664e-06
7.242265845706784e-06
6.6857513977323135e-06
6.172207205749094e-06
5.698297219096972e-06
5.2609460035877545e-06
4.857318236375027e-06
4.4847998274153216e-06
4.14098053692094e-06
3.82363796998569e-06
3.53072283736201e-06
3.260345381890633e-06
3.0107628773072705e-06
2.7803681142160635e-06
2.567678794204539e-06
2.3713277604628908e-06
2.1900539975500584e-06
2.0226943401526645e-06
1.868175833734938e-06
1.7255086960561498e-06
1.5937798314143667e-06
1.4721468541723951e-06
1.3598325811127507e-06
1.2561199558097512e-06
1.1603473704112887e-06
1.0719043539917086e-06
9.902275981285722e-07
9.14797293491603e-07
8.451337526158176e-07
7.807942966233045e-07
7.213703848118862e-07
6.664849683772554e-07
6.157900503424935e-07
5.689644357962015e-07
5.257116571853307e-07
4.857580612809118e-07
4.4885104485452403e-07
4.1475742761345284e-07
3.832619516180709e-07
3.541658972157815e-07
3.272858064164243e-07
3.02452305347727e-07
2.795090181846095e-07
2.5831156499629047e-07
2.3872663745024724e-07
2.2063114600047623e-07
2.0391143322067065e-07
1.8846254787741913e-07
1.7418757504451636e-07
1.6099701834394345e-07
1.4880822953847123e-07
1.3754488246289538e-07
1.271364873600848e-07
1.1751794279141176e-07
1.086291221667472e-07
1.0041449195429688e-07
9.28227595250019e-08
8.580654802231912e-08
7.932209625241834e-08
7.332898177531388e-08
6.778986503127239e-08
6.267025359675404e-08
5.793828403042404e-08
5.3564520983259796e-08
4.95217713435902e-08
4.57849129386399e-08
4.233073618192633e-08
3.913779803523238e-08
3.618628701793573e-08
3.345789857301648e-08
3.0935720290238265e-08
2.8604125431588942e-08
2.6448674965794632e-08
2.4456027072657956e-08
2.261385331467093e-08
2.0910761572713017e-08
1.933622465967423e-08
1.78805144250827e-08
1.6534640959479678e-08
1.5290296329673596e-08
1.4139802748984305e-08
1.3076064617809415e-08
1.2092524224617138e-08
1.1183120894660875e-08
1.0342253099492745e-08
9.56474374672004e-09
8.845807736820938e-09
8.181022389535882e-09
7.566299739014165e-09
6.997861241611426e-09
6.472214198615445e-09
5.986130182980331e-09
5.536624918960464e-09
5.1209397924521074e-09
4.736524745205336e-09
4.3810223684461915e-09
4.052253507275672e-09
3.74820358071907e-09
3.467010185863461e-09
3.206951584113293e-09
2.966435954915923e-09
2.7439917220486062e-09
2.5382583170145536e-09
2.3479778494757384e-09
2.1719873527967908e-09
2.0092114777393194e-09
1.8586561139784622e-09
1.719401987835274e-09
1.5905991631193323e-09
1.4714617814898899e-09
1.3612631270682542e-09
1.2593312910602454e-09
1.1650449826154553e-09
1.0778296687037531e-09
9.97154099424025e-10
9.225270171953232e-10
8.534941115583938e-10
7.896353067321048e-10
7.305621148316122e-10
6.759152548882706e-10
6.253625126672791e-10
5.785965962553752e-10
5.353333306660762e-10
4.953100257471055e-10
4.582835726918564e-10
4.2402916454540825e-10
3.923389920123384e-10
3.6302075433345937e-10
3.358966197772402e-10
3.108021177520145e-10
2.875851467241575e-10
2.6610500438305955e-10
2.4623156036297973e-10
2.278444165512396e-10
2.1083224533623148e-10
1.9509208591044676e-10
1.8052868765338171e-10
1.670539357907688e-10
1.5458635405755092e-10
1.4305051334902637e-10
1.323766721539318e-10
1.2250033648653694e-10
1.1336184492392284e-10
1.0490598273472924e-10
9.708169592568898e-11
8.984171480258299e-11
8.314237307315513e-11
7.694322413563685e-11
7.120685769299705e-11
6.589869809787552e-11
6.098672368264487e-11
5.644131378756919e-11
5.223512622408365e-11
4.8342762564994605e-11
4.4740804589959105e-11
4.140754197726623e-11
3.832290166183561e-11
3.546829369757187e-11
3.28265930830717e-11
3.038186432608708e-11
2.8119414985703195e-11
2.6025633281546808e-11
2.4087920289397356e-11
2.2294641968623617e-11
2.0635007721277518e-11
1.9099051974210072e-11
1.7677540558515926e-11
1.6361951550977152e-11
1.5144385556012894e-11
1.4017481727126323e-11
1.2974522282547484e-11
1.200924564026277e-11
1.1115851843936334e-11
1.0288969149097538e-11
9.52366198364181e-12
8.815342607728495e-12
8.159754459943378e-12
7.552953124899438e-12
6.991310104195775e-12
6.471436020316538e-12
5.990279225026029e-12
5.544928946023577e-12
5.13270407283768e-12
4.751151259467294e-12
4.397972406644832e-12
4.071053274228295e-12
3.768460160161871e-12
3.4883719417551773e-12
3.229126297149345e-12
2.989158408869957e-12
2.767016553534658e-12
2.5613827853594736e-12
2.37106368511143e-12
2.1948791637607476e-12
2.031803746087453e-12
1.8808523603116357e-12
1.7411121981838711e-12
1.611748593984113e-12
1.4919940480216846e-12
1.3811397215405497e-12
1.2785268986410257e-12
1.1835174181176623e-12
1.0955917696764047e-12
1.0141959935422787e-12
9.388554544407354e-13
8.691028431492913e-13
8.045529975199459e-13
7.447935965666685e-13
6.894759948830925e-13
6.382669490407165e-13
5.908571702976864e-13
5.469509128374025e-13
5.063218668711164e-13
4.687228461655261e-13
4.339130741252447e-13
4.016918891377136e-13
3.7188713285496455e-13
3.4430322573962357e-13
3.1874401850289454e-13
2.9507489132056637e-13
2.731851433905587e-13
2.5294314045160017e-13
2.3419670325263877e-13
2.1685858353869103e-13
2.008304776205727e-13
1.8600948960991895e-13
1.7231396470761746e-13
1.5961396729947166e-13
1.4787017748299436e-13
1.3700271429524325e-13
1.2693066776136983e-13
1.1763984882442096e-13
1.0904712175287363e-13
1.0109501779110068e-13
9.375632991798675e-14
8.698573316439155e-14
8.071429603457836e-14
7.492523570913808e-14
6.95846819739278e-14
6.464204174361679e-14
6.006050106857932e-14
5.586706291897992e-14
5.197807631787756e-14
4.839247104492409e-14
4.510566597344075e-14
4.209157728817167e-14
3.931211564068414e-14
3.675401715958403e-14
3.441918395539498e-14
3.226254959711734e-14
3.02654196639104e-14
2.846348414679724e-14
2.680844982395437e-14
2.5282480546625156e-14
2.389818109619087e-14
2.264616047838312e-14
2.150283368320513e-14
2.0447658545030202e-14
1.950196222409473e-14
1.8651733099830823e-14
1.7883134490969792e-14
1.7173304193745367e-14
1.652559242507006e-14
1.594460417232466e-14
1.5417343547501774e-14
1.4933022628303702e-14
1.4503298762636323e-14
1.4111269948356769e-14
1.3738928888122784e-14
1.3399412424564701e-14
1.3102164874061083e-14
1.2825639511226068e-14
1.25610583029669e-14
1.2332167858076762e-14
1.2104037746268696e-14
1.1910563886979598e-14
1.1722543004871859e-14
1.150622349064752e-14
1.1343257723612048e-14
1.1187286167135553e-14
1.1044689979570756e-14
1.0910811905865474e-14
1.0785784353421237e-14
1.0657737841092212e-14
1.0553380140125328e-14
1.044949502837316e-14
1.0359582111176572e-14
1.025260641526581e-14
1.0167687993475802e-14
1.0076926101281991e-14
9.992673983716122e-15
9.912492581656354e-15
9.841222505897134e-15
9.764542874685984e-15
9.701871221122582e-15
9.639522612330481e-15
9.576240184112275e-15
9.516137709716343e-15
9.457909979438194e-15
9.409880176520876e-15
9.361491130658448e-15
9.310986335320997e-15
9.26291170161648e-15
9.21945291606691e-15
9.176814421951838e-15
9.129147728234059e-15
9.074878535930137e-15
9.027367630298657e-15
8.986013615847649e-15
8.942406808903893e-15
8.899413784806591e-15
8.865141686857986e-15
8.826490906347982e-15
8.796913251923322e-15
8.757207127727896e-15
8.72724536700973e-15
8.696174840856745e-15
8.657287627532642e-15
8.633279035417496e-15
8.603053225328161e-15
8.568585088258892e-15
8.54179424917933e-15
8.515914971185792e-15
8.495836869951613e-15
8.471495408886583e-15
8.447254090093308e-15
8.420511430930794e-15
8.393394600412089e-15
8.367597600784213e-15
8.348591340559654e-15
8.327070577379262e-15
8.307130137176334e-15
8.28556887444792e-15
8.25352262082832e-15
8.230374279599504e-15
8.206820377906575e-15
8.1845455907756e-15
8.162153975699213e-15
8.145576169038639e-15
8.1273403664647e-15
8.10774790225114e-15
8.086457348969011e-15
8.065807179969737e-15
8.041690456282712e-15
8.010927468235768e-15
7.987953504495324e-15
7.969824869891366e-15
7.951781304392003e-15
7.934387760415942e-15
7.912916368805732e-15
7.894609708434442e-15
7.877806192972468e-15
7.853417543561542e-15
7.834449111553354e-15
7.815760765615823e-15
7.793908137740224e-15
7.777618727305061e-15
7.75935120862785e-15
7.740950393274258e-15
7.72508767645218e-15
7.710364835334754e-15
7.689142972823988e-15
7.673788069200013e-15
7.661340587611503e-15
7.643006191515764e-15
7.629853414831615e-15
7.619002274375524e-15
7.606909803215493e-15
7.59613601978117e-15
7.582013349250094e-15
7.56997985659492e-15
7.556692010853734e-15
7.543020916683031e-15
7.525695896528437e-15
7.511464025009843e-15
7.497153759863234e-15
7.479133878035222e-15
7.463791642310172e-15
7.446989478085073e-15
7.428404341561118e-15
7.412900687325407e-15
7.397790449898651e-15
7.38115808626242e-15
7.368582195146384e-15
7.348914772471447e-15
7.335194066058639e-15
7.322422522372456e-15
7.31216790861384e-15
7.301083260611195e-15
7.28866730136897e-15
7.2724706167363e-15
7.260295868262838e-15
7.249706822683925e-15
7.239106444882274e-15
7.222966525577105e-15
7.211429726015482e-15
7.196681765583571e-15
7.186622499339379e-15
7.170795023577686e-15
7.15855286666853e-15
7.144349069608144e-15
7.134337493999607e-15
7.119872374007046e-15
7.10594656982757e-15
7.0955220263086755e-15
7.084459884168469e-15
7.067571290358086e-15
7.0594247352779786e-15
7.047947720439075e-15
7.037214904098788e-15
7.0149115902630985e-15
7.00129838876322e-15
6.9908107758541355e-15
6.979934056363724e-15
6.970507479887742e-15
6.958024517268556e-15
6.9473918810221254e-15
6.935852700880086e-15
6.925324205174054e-15
6.9156204209942685e-15
6.904704142016918e-15
6.894408302689983e-15
6.886657313578191e-15
6.868903042018393e-15
6.8600670177686635e-15
6.8521520208895065e-15
6.838954963731026e-15
6.82798795385722e-15
6.815575991002373e-15
6.796948089975757e-15
6.782329550186902e-15
6.772028960616791e-15
6.761698438005955e-15
6.752718125864606e-15
6.742858770754994e-15
6.7332513514524405e-15
6.726161606118515e-15
6.7162816369151816e-15
6.707608407077354e-15
6.6961881114035666e-15
6.687778605310306e-15
6.678933646113366e-15
6.671134841996362e-15
6.66064512581259e-15
6.651339268663821e-15
6.643741796594547e-15
6.635990515576474e-15
6.62819521128728e-15
6.6208643472301824e-15
6.614647333573409e-15
6.606288449646173e-15
6.597522619044351e-15
6.589390908165716e-15
6.583433063028987e-15
6.575338846852497e-15
6.5636687023873265e-15
6.554926675794455e-15
6.547217785939367e-15
6.539757497446102e-15
6.533764065936367e-15
6.5215470386458676e-15
6.510477525182389e-15
6.4981157633640034e-15
6.489763514178474e-15
6.481358715427473e-15
6.469783242696029e-15
6.463932100333208e-15
6.454534716567868e-15
6.44255700558767e-15
6.431641632441e-15
6.419369478369922e-15
6.411643101104426e-15
6.405131402672874e-15
6.398283388908931e-15
6.389833614253635e-15
6.38385781390893e-15
6.373477925549545e-15
6.3640008791382e-15
6.3556987061540764e-15
6.344855871795185e-15
6.335825237730819e-15
6.327274456705248e-15
6.319653097701581e-15
6.312933542576725e-15
6.304483455048102e-15
6.2981419133593885e-15
6.289381051892536e-15
6.280700921555193e-15
6.271777513924175e-15
6.2647577944217895e-15
6.257666722930373e-15
6.250915195970009e-15
6.244216610234779e-15
6.237291796184179e-15
6.230958660031905e-15
6.223914176544982e-15
6.204400935407198e-15
6.195326829862325e-15
6.188233031263739e-15
6.181739133524596e-15
6.173057789510826e-15
6.1659398349842135e-15
6.154039048714072e-15
6.145003698559217e-15
6.139121433169854e-15
6.132949924477001e-15
6.126586044266541e-15
6.11841224387538e-15
6.1106298655781835e-15
6.092486161893553e-15
6.070769831000985e-15
6.057743299423485e-15
6.044538844657598e-15
6.034146281116997e-15
6.025499503982361e-15
6.016387156251683e-15
6.006384781586712e-15
5.9958081429459555e-15
5.9863117976338485e-15
5.969450917682767e-15
5.96025893920852e-15
5.947528214449049e-15
5.936750414435796e-15
5.9262734326091276e-15
5.916045457916973e-15
5.906672554489953e-15
5.898550622601264e-15
5.889183600149142e-15
5.878069478662154e-15
5.869803386576497e-15
5.860754984044707e-15
5.851240541981576e-15
5.843075035122662e-15
5.835210113039603e-15
5.826100236976143e-15
5.815682121045276e-15
5.807602377412946e-15
5.7980858315786395e-15
5.789156132295169e-15
5.779598800063003e-15
5.7698076319144986e-15
5.759612155245293e-15
5.750386703089781e-15
5.742124945419898e-15
5.732177898973846e-15
5.723865149378115e-15
5.716386341954675e-15
5.707226526886326e-15
5.697527538024304e-15
5.688432578562219e-15
5.679929715518759e-15
5.671602465278226e-15
5.66138959558724e-15
5.647977258657274e-15
5.63986481788218e-15
5.626331639374946e-15
5.608624714672797e-15
5.598687191875721e-15
5.5893113434792646e-15
5.579392817445036e-15
5.56846992365258e-15
5.554567233651172e-15
5.5448731143796926e-15
5.534197474057198e-15
5.5242328332888665e-15
5.515636699273897e-15
5.505353143957338e-15
5.496887342191535e-15
5.488950718766243e-15
5.482338243801802e-15
5.473868733109958e-15
5.466261488402927e-15
5.456997809841292e-15
5.448220478135646e-15
5.4378902273968005e-15
5.425870073680082e-15
5.415139877031443e-15
5.4045754639579905e-15
5.394051169881933e-15
5.380193333363219e-15
5.369580900574687e-15
5.3595679180420985e-15
5.35107223804397e-15
5.342131008510389e-15
5.332914661288461e-15
5.324915613593412e-15
5.317613092366141e-15
5.313849622026309e-15
5.304183045157422e-15
5.295511568294378e-15
5.286132536410043e-15
5.2730588983243726e-15
5.265553590060051e-15
5.258726593559176e-15
5.252229347018725e-15
5.2438570290808845e-15
5.234111781687703e-15
5.22654593967659e-15
5.213683630042914e-15
5.205847057210432e-15
5.1980426681893795e-15
5.1891369954623485e-15
5.182559474615528e-15
5.173348529617961e-15
5.165076154550616e-15
5.156229099721919e-15
5.1481519269118504e-15
5.136989270356365e-15
5.129801120482151e-15
5.121085279691561e-15
5.112245094013693e-15
5.103492195062889e-15
5.0946982691324534e-15
5.085364282415765e-15
5.076916540342076e-15
5.067615122262752e-15
5.0582632849064944e-15
5.048882205088412e-15
5.04268330443746e-15
5.029525509882036e-15
5.021299661756929e-15
5.011647045594188e-15
5.003390000052547e-15
4.992690877212565e-15
4.977962438301644e-15
4.965196189297428e-15
4.955554528387261e-15
4.94609789403079e-15
4.9360592510226865e-15
4.9165478771696524e-15
4.904242749194028e-15
4.893351447325339e-15
4.8821017796863346e-15
4.871419195391127e-15
4.8617506338064594e-15
4.8542522500010215e-15
4.844307788130696e-15
4.836329407395934e-15
4.8278791087463675e-15
4.819758028274813e-15
4.810634982460111e-15
4.802218427061758e-15
4.7940978171953e-15
4.784722706557675e-15
4.774463259337301e-15
4.763673850285055e-15
4.753759567087594e-15
4.7272300103696935e-15
4.708743193913528e-15
4.696645198192019e-15
4.685987433174455e-15
4.674617259232804e-15
4.662131226528381e-15
4.651061183862834e-15
4.639967973095876e-15
4.631837722721503e-15
4.619520085704678e-15
4.60947789474973e-15
4.599706882407397e-15
4.583245134075288e-15
4.571917611905385e-15
4.5609684011423936e-15
4.548587196465648e-15
4.536402389754076e-15
4.524480748772247e-15
4.511461829340361e-15
4.4992647667827235e-15
4.483137675461138e-15
4.466684904470936e-15
4.455980920760339e-15
4.444272167700307e-15
4.434101834516118e-15
4.423589081961398e-15
4.4131828910362034e-15
4.400178671650777e-15
4.3887585146248866e-15
4.374760747663479e-15
4.361227301441196e-15
4.3488469222937245e-15
4.337875066829465e-15
4.328674923775532e-15
4.319928899548845e-15
4.309520291096903e-15
4.298676275597398e-15
4.288863750317315e-15
4.276618679251259e-15
4.265315703696061e-15
4.253341036054543e-15
4.2404824826363276e-15
4.230088249012268e-15
4.219698363819741e-15
4.209628836115508e-15
4.1991446146389e-15
4.188980422898308e-15
4.17902266333591e-15
4.170135965357442e-15
4.160318998502891e-15
4.152141721970648e-15
4.144846500450401e-15
4.129261370445937e-15
4.118957609411621e-15
4.106869809991526e-15
4.095445900740762e-15
4.084142560134449e-15
4.074336279433193e-15
4.0636407470987595e-15
4.054792837258988e-15
4.043579025773808e-15
4.032842216344674e-15
4.019670604511739e-15
4.006920596462562e-15
3.993716991588945e-15
3.983667728986836e-15
3.9718841794453284e-15
3.9623787958765504e-15
3.952110511725353e-15
3.942778035783281e-15
3.9327707758032506e-15
3.922335987684532e-15
3.91186951890051e-15
3.900601245814699e-15
3.889404777918434e-15
3.877860937491359e-15
3.8633207066375014e-15
3.849006231068373e-15
3.837458491044719e-15
3.824423638381683e-15
3.811568433592607e-15
3.7990745124946626e-15
3.7832254944012875e-15
3.7679367933106315e-15
3.753001174310717e-15
3.740528041167995e-15
3.7267367684770875e-15
3.714693932721009e-15
3.703294567297277e-15
3.692514478103907e-15
3.681133082853742e-15
3.668334383816476e-15
3.649348624087177e-15
3.630268546533465e-15
3.613879101105874e-15
3.597960349577395e-15
3.5813533163472394e-15
3.568325768420807e-15
3.5511251368782114e-15
3.5379233428005796e-15
3.5222354481405316e-15
3.507231645266424e-15
3.490246389850612e-15
3.4749589940120043e-15
3.458397382554802e-15
3.4367433329713883e-15
3.417872798515676e-15
3.3940741467688332e-15
3.3765482308218293e-15
3.3582221395086694e-15
3.3414295648537302e-15
3.3249603746490518e-15
3.3079844006708297e-15
3.2907096220265516e-15
3.27206188902265e-15
3.2538418685690407e-15
3.233053618231424e-15
3.211984682438235e-15
3.190134304761086e-15
3.171482546419894e-15
3.1518173601400888e-15
3.1344624353885594e-15
3.115458079973629e-15
3.096506186283377e-15
3.0786635596113854e-15
3.059445391600466e-15
3.039456322881712e-15
3.0127237819479795e-15
2.984511960220719e-15
2.964555632247639e-15
2.9441369911635378e-15
2.9239246623021284e-15
2.9044876691718136e-15
2.87459121420183e-15
2.8531566086253904e-15
2.8313737610885628e-15
2.8080935059367853e-15
2.7834480113758837e-15
2.7608090057876155e-15
2.7388146941456865e-15
2.7177232341850117e-15
2.6953728992358487e-15
2.670268586101107e-15
2.6460498647238384e-15
2.6048223245213562e-15
2.5762518453182045e-15
2.550543816221852e-15
2.5143307308148675e-15
2.4871700301746334e-15
2.4584514321278352e-15
2.4317853382449613e-15
2.4009299876004253e-15
2.369768146727758e-15
2.3413215152497834e-15
2.316394386709736e-15
2.2767583113400714e-15
2.250728671175809e-15
2.222035192021881e-15
2.1931199952111943e-15
2.1636084289940433e-15
2.1336026865931126e-15
2.10213702064225e-15
2.072749936091214e-15
2.0427442514775197e-15
2.0141835359929977e-15
1.9867060245610575e-15
1.954724715443854e-15
1.9216054295251193e-15
1.886591336454979e-15
1.852317550289992e-15
1.814562216284208e-15
1.776944583032204e-15
1.7381617599522367e-15
1.7012517238109583e-15
1.661363429296955e-15
1.620343161069206e-15
1.5821115579946962e-15
1.543597850268667e-15
1.4847388682866126e-15
1.4394045093428071e-15
1.3906294730385691e-15
1.3449063976566286e-15
1.296169315456443e-15
1.2466375152781884e-15
1.1907483622159787e-15
1.136457055606219e-15
1.0801018594329035e-15
1.022315977790643e-15
9.538865675197829e-16
