90.22769925700533
49.47723807826077
26.80057373503405
10.493049927639731
4.955824319431429
3.201022509848883
1.735210584055494
1.1280962229387228
0.6669124959465194
0.4360555685994427
0.2723652482935677
0.1799936170330625
0.1167196489594744
0.07827138264167388
0.05220140561817743
0.035560671105088204
0.024257370271016043
0.01677176541471681
0.012911987405516356
0.008187151497224932
0.005686085620311587
0.004105090799782829
0.002909620878597252
0.002292335357367392
0.0015355952844515741
0.0011939783603907017
0.000807417281691869
0.0006320158442463253
0.0004317854527471354
0.0003393176835970735
0.00023420979908905792
0.00018448163410766938
0.00012865057743738362
0.00010143607499912832
7.146610204245007e-05
5.6347540919432504e-05
4.010505796259167e-05
3.1589226011874416e-05
2.2711467408953467e-05
1.7857332636594947e-05
1.2969298779808014e-05
1.0172829263410677e-05
7.463670215202001e-06
5.836859884311707e-06
4.326622672579106e-06
3.371442574007233e-06
2.5248839961022895e-06
1.9594163518377172e-06
1.4826077290308604e-06
1.2282374086680647e-06
8.821486972010462e-07
7.19405079507851e-07
5.206461537454743e-07
4.237896860104229e-07
3.0902140224498e-07
2.509455612198508e-07
1.843079644459067e-07
1.4929804592611617e-07
1.1041169045711285e-07
8.923115046854946e-08
6.643080041612848e-08
5.355985877031344e-08
4.014287924292148e-08
3.2287914564221865e-08
2.4357348138437374e-08
1.9542596874089213e-08
1.483743972130469e-08
1.1881468253704952e-08
9.069765383173944e-09
7.242533683893271e-09
5.574577244260581e-09
4.433161393535556e-09
3.4356730793660972e-09
2.7220607989875134e-09
2.126796516677132e-09
1.7916477190738078e-09
1.3262138054415118e-09
1.102307578548789e-09
8.211031854443718e-10
6.907043825776782e-10
5.042579687142279e-10
4.292246558179613e-10
3.205968823749572e-10
2.654019226611126e-10
2.0037305148434825e-10
1.6643753042444587e-10
1.2602185961441137e-10
1.0646772352629341e-10
7.87281351222191e-11
6.917844075360335e-11
5.0533799367258325e-11
3.575451046344824e-11
3.529976311256178e-11
2.1884716261411086e-11
1.7337242752546445e-11
1.5518253349000588e-11
1.5916157281026244e-11
7.560174708487466e-12
8.924416761146858e-12
4.718003765447065e-12
6.423306331271306e-12
4.376943252282217e-12
5.343281372915953e-12
5.4001247917767614e-12
2.1032064978498966e-12
5.684341886080801e-13
-5.059064278611913e-12
1.0800249583553523e-12
7.389644451905042e-13
-3.979039320256561e-13
4.945377440890297e-12
-3.353761712787673e-12
-6.0822458181064576e-12
-9.094947017729282e-13
-4.774847184307873e-12
-1.7053025658242404e-13
2.2168933355715126e-12
4.320099833421409e-12
-1.8758328224066645e-12
-7.44648787076585e-12
-4.774847184307873e-12
4.035882739117369e-12
-7.16227077646181e-12
2.8421709430404007e-13
5.684341886080801e-13
-4.604316927725449e-12
3.637978807091713e-12
-7.389644451905042e-13
-1.7053025658242404e-13
-1.7053025658242404e-12
2.1600499167107046e-12
-2.6147972675971687e-12
1.6484591469634324e-12
9.663381206337363e-13
2.7853275241795927e-12
-9.663381206337363e-13
-3.296918293926865e-12
-7.560174708487466e-12
-7.105427357601002e-12
1.1368683772161603e-12
-1.7621459846850485e-12
5.286437954055145e-12
-9.663381206337363e-13
-1.3073986337985843e-12
-3.865352482534945e-12
-1.5347723092418164e-12
3.979039320256561e-12
-1.0800249583553523e-12
-2.2168933355715126e-12
-2.0463630789890885e-12
5.9685589803848416e-12
-4.547473508864641e-13
5.5138116294983774e-12
-2.8990143619012088e-12
-9.265477274311706e-12
1.7053025658242404e-12
-2.7853275241795927e-12
-6.87805368215777e-12
-2.1600499167107046e-12
5.115907697472721e-13
3.353761712787673e-12
-3.979039320256561e-13
-8.526512829121202e-13
-3.126388037344441e-12
1.7053025658242404e-13
-1.3073986337985843e-12
2.5011104298755527e-12
-6.252776074688882e-13
-4.376943252282217e-12
-1.1368683772161603e-13
1.0800249583553523e-12
-1.1937117960769683e-12
-3.581135388230905e-12
8.526512829121202e-13
-1.3642420526593924e-12
3.240074875066057e-12
-1.1368683772161603e-13
6.423306331271306e-12
-7.617018127348274e-12
-2.2737367544323206e-12
-2.9558577807620168e-12
-2.3305801732931286e-12
-2.1600499167107046e-12
-5.059064278611913e-12
-7.44648787076585e-12
-2.2737367544323206e-13
3.637978807091713e-12
1.6484591469634324e-12
-9.663381206337363e-13
3.922195901395753e-12
1.0231815394945443e-12
2.6716406864579767e-12
-4.376943252282217e-12
-3.353761712787673e-12
1.4210854715202004e-12
-4.547473508864641e-13
3.581135388230905e-12
4.433786671143025e-12
2.7853275241795927e-12
5.172751116333529e-12
6.934897101018578e-12
-1.7053025658242404e-12
1.4210854715202004e-12
2.2168933355715126e-12
1.8758328224066645e-12
-3.410605131648481e-13
-3.126388037344441e-12
-2.7853275241795927e-12
-6.252776074688882e-12
-6.195932655828074e-12
5.115907697472721e-13
-2.2168933355715126e-12
1.7053025658242404e-13
-2.4442670110147446e-12
1.7053025658242404e-13
2.8421709430404007e-13
2.5579538487363607e-12
2.4442670110147446e-12
3.0127011996228248e-12
2.8990143619012088e-12
3.808509063674137e-12
3.353761712787673e-12
1.9895196601282805e-12
2.3305801732931286e-12
2.5579538487363607e-12
3.126388037344441e-12
2.5579538487363607e-12
1.6484591469634324e-12
1.8758328224066645e-12
2.7853275241795927e-12
2.6716406864579767e-12
-7.389644451905042e-13
-6.821210263296962e-13
9.663381206337363e-13
2.8421709430404007e-13
3.979039320256561e-13
-2.2737367544323206e-13
-6.252776074688882e-13
-9.663381206337363e-13
1.4210854715202004e-12
1.5347723092418164e-12
1.5916157281026244e-12
6.252776074688882e-13
2.8421709430404007e-13
6.821210263296962e-13
-1.3642420526593924e-12
-1.8758328224066645e-12
-1.6484591469634324e-12
-2.1032064978498966e-12
-1.4779288903810084e-12
-1.6484591469634324e-12
-1.0800249583553523e-12
-1.0800249583553523e-12
-5.115907697472721e-13
-2.2737367544323206e-13
-2.8421709430404007e-13
-5.684341886080802e-14
3.979039320256561e-13
7.389644451905042e-13
6.252776074688882e-13
6.252776074688882e-13
6.252776074688882e-13
2.8421709430404007e-13
5.115907697472721e-13
-6.252776074688882e-13
-9.663381206337363e-13
-6.821210263296962e-13
-1.0800249583553523e-12
-6.821210263296962e-13
-4.547473508864641e-13
-2.8421709430404007e-13
-8.526512829121202e-13
-7.389644451905042e-13
-3.979039320256561e-13
-5.684341886080802e-14
3.410605131648481e-13
1.7053025658242404e-13
2.8421709430404007e-13
3.979039320256561e-13
3.979039320256561e-13
5.115907697472721e-13
6.252776074688882e-13
7.958078640513122e-13
7.389644451905042e-13
8.526512829121202e-13
8.526512829121202e-13
2.2737367544323206e-13
2.8421709430404007e-13
5.115907697472721e-13
6.252776074688882e-13
6.252776074688882e-13
5.115907697472721e-13
9.663381206337363e-13
7.389644451905042e-13
6.252776074688882e-13
7.389644451905042e-13
8.526512829121202e-13
9.663381206337363e-13
1.0800249583553523e-12
9.094947017729282e-13
1.0800249583553523e-12
9.663381206337363e-13
1.3073986337985843e-12
1.3073986337985843e-12
1.4210854715202004e-12
1.4210854715202004e-12
1.5347723092418164e-12
1.5916157281026244e-12
1.5347723092418164e-12
1.6484591469634324e-12
1.4210854715202004e-12
1.4779288903810084e-12
1.6484591469634324e-12
1.6484591469634324e-12
1.5347723092418164e-12
1.5347723092418164e-12
1.5916157281026244e-12
1.6484591469634324e-12
1.6484591469634324e-12
1.7621459846850485e-12
1.8758328224066645e-12
1.6484591469634324e-12
1.4210854715202004e-12
1.0800249583553523e-12
1.1937117960769683e-12
1.3073986337985843e-12
1.4779288903810084e-12
1.3642420526593924e-12
1.7621459846850485e-12
1.7053025658242404e-12
1.7053025658242404e-12
1.7621459846850485e-12
1.7621459846850485e-12
1.7053025658242404e-12
1.7621459846850485e-12
1.7621459846850485e-12
1.7621459846850485e-12
1.7621459846850485e-12
1.7621459846850485e-12
1.6484591469634324e-12
1.6484591469634324e-12
1.7621459846850485e-12
1.7621459846850485e-12
1.9895196601282805e-12
1.6484591469634324e-12
1.7053025658242404e-12
1.7053025658242404e-12
1.6484591469634324e-12
1.6484591469634324e-12
1.6484591469634324e-12
1.6484591469634324e-12
1.6484591469634324e-12
1.6484591469634324e-12
1.6484591469634324e-12
1.7621459846850485e-12
1.7621459846850485e-12
1.8758328224066645e-12
1.6484591469634324e-12
1.6484591469634324e-12
1.7053025658242404e-12
1.6484591469634324e-12
1.7053025658242404e-12
1.8758328224066645e-12
1.7621459846850485e-12
1.8758328224066645e-12
1.7621459846850485e-12
1.7621459846850485e-12
1.7621459846850485e-12
1.6484591469634324e-12
1.7621459846850485e-12
1.7053025658242404e-12
1.6484591469634324e-12
1.7621459846850485e-12
1.6484591469634324e-12
1.7621459846850485e-12
1.6484591469634324e-12
1.6484591469634324e-12
1.7053025658242404e-12
1.7621459846850485e-12
1.7621459846850485e-12
1.7053025658242404e-12
1.7053025658242404e-12
1.7621459846850485e-12
1.5347723092418164e-12
1.6484591469634324e-12
1.7053025658242404e-12
1.5347723092418164e-12
1.5347723092418164e-12
1.6484591469634324e-12
1.6484591469634324e-12
1.6484591469634324e-12
1.8189894035458565e-12
1.5347723092418164e-12
1.7621459846850485e-12
1.7053025658242404e-12
1.5347723092418164e-12
1.5347723092418164e-12
1.7621459846850485e-12
1.7053025658242404e-12
1.8189894035458565e-12
1.4779288903810084e-12
1.8189894035458565e-12
1.9326762412674725e-12
1.9326762412674725e-12
1.7621459846850485e-12
1.7621459846850485e-12
1.8189894035458565e-12
1.8758328224066645e-12
1.9326762412674725e-12
1.8758328224066645e-12
1.8189894035458565e-12
1.8758328224066645e-12
1.7621459846850485e-12
1.5916157281026244e-12
1.5916157281026244e-12
1.7621459846850485e-12
1.7621459846850485e-12
1.7621459846850485e-12
1.7621459846850485e-12
1.7621459846850485e-12
1.8758328224066645e-12
1.8758328224066645e-12
1.8758328224066645e-12
1.8758328224066645e-12
1.8758328224066645e-12
1.8758328224066645e-12
1.8189894035458565e-12
1.7621459846850485e-12
1.7621459846850485e-12
1.8758328224066645e-12
1.9895196601282805e-12
1.9895196601282805e-12
1.8758328224066645e-12
1.8758328224066645e-12
1.8758328224066645e-12
1.9895196601282805e-12
1.9895196601282805e-12
1.9895196601282805e-12
1.8758328224066645e-12
1.9895196601282805e-12
1.9895196601282805e-12
1.8189894035458565e-12
1.9895196601282805e-12
1.8189894035458565e-12
1.9895196601282805e-12
1.8758328224066645e-12
2.1032064978498966e-12
1.9895196601282805e-12
1.9895196601282805e-12
1.9326762412674725e-12
1.8189894035458565e-12
1.8189894035458565e-12
1.8758328224066645e-12
1.9326762412674725e-12
1.9895196601282805e-12
1.9895196601282805e-12
1.9326762412674725e-12
1.9895196601282805e-12
1.8758328224066645e-12
1.9895196601282805e-12
1.9895196601282805e-12
1.9895196601282805e-12
2.1032064978498966e-12
1.9326762412674725e-12
1.8758328224066645e-12
1.8758328224066645e-12
1.9895196601282805e-12
1.9326762412674725e-12
2.0463630789890885e-12
1.9895196601282805e-12
1.8758328224066645e-12
1.8758328224066645e-12
1.8758328224066645e-12
1.9326762412674725e-12
1.9895196601282805e-12
1.8758328224066645e-12
1.8758328224066645e-12
1.7621459846850485e-12
1.9326762412674725e-12
1.8758328224066645e-12
1.7621459846850485e-12
1.8758328224066645e-12
1.7621459846850485e-12
1.8758328224066645e-12
1.8189894035458565e-12
1.9895196601282805e-12
1.7621459846850485e-12
1.7053025658242404e-12
1.7621459846850485e-12
1.8758328224066645e-12
1.8758328224066645e-12
1.8758328224066645e-12
1.8758328224066645e-12
1.9326762412674725e-12
1.9895196601282805e-12
1.7621459846850485e-12
1.8758328224066645e-12
1.9326762412674725e-12
1.9326762412674725e-12
1.8189894035458565e-12
1.9326762412674725e-12
1.9326762412674725e-12
1.9326762412674725e-12
1.8758328224066645e-12
1.9895196601282805e-12
2.0463630789890885e-12
1.8758328224066645e-12
1.8758328224066645e-12
1.7621459846850485e-12
1.7621459846850485e-12
1.8758328224066645e-12
1.8758328224066645e-12
1.7621459846850485e-12
1.7621459846850485e-12
1.7621459846850485e-12
1.7621459846850485e-12
1.7621459846850485e-12
1.7621459846850485e-12
1.7621459846850485e-12
1.8189894035458565e-12
1.8189894035458565e-12
1.8189894035458565e-12
1.8189894035458565e-12
1.8189894035458565e-12
1.8189894035458565e-12
1.7621459846850485e-12
1.7621459846850485e-12
1.7621459846850485e-12
1.7621459846850485e-12
1.8758328224066645e-12
1.8758328224066645e-12
1.8758328224066645e-12
1.8758328224066645e-12
1.8758328224066645e-12
1.9326762412674725e-12
1.8758328224066645e-12
1.9895196601282805e-12
1.9895196601282805e-12
1.9895196601282805e-12
1.9895196601282805e-12
1.9895196601282805e-12
1.9326762412674725e-12
1.8758328224066645e-12
1.8758328224066645e-12
1.8758328224066645e-12
1.9895196601282805e-12
1.9895196601282805e-12
1.9895196601282805e-12
1.9895196601282805e-12
1.9895196601282805e-12
1.9326762412674725e-12
1.9895196601282805e-12
1.8758328224066645e-12
1.9326762412674725e-12
1.8758328224066645e-12
1.6484591469634324e-12
1.7621459846850485e-12
1.7621459846850485e-12
1.7621459846850485e-12
1.7053025658242404e-12
1.7053025658242404e-12
1.7621459846850485e-12
1.8758328224066645e-12
1.8758328224066645e-12
1.8189894035458565e-12
1.8758328224066645e-12
1.8758328224066645e-12
1.9895196601282805e-12
1.8758328224066645e-12
1.9895196601282805e-12
1.8758328224066645e-12
1.7621459846850485e-12
1.8758328224066645e-12
1.9895196601282805e-12
1.9326762412674725e-12
1.8189894035458565e-12
1.8758328224066645e-12
1.8758328224066645e-12
1.8758328224066645e-12
1.7621459846850485e-12
1.7621459846850485e-12
1.7621459846850485e-12
1.8758328224066645e-12
1.9326762412674725e-12
1.9326762412674725e-12
1.9895196601282805e-12
1.9895196601282805e-12
1.8758328224066645e-12
1.9895196601282805e-12
1.9895196601282805e-12
1.9895196601282805e-12
2.1032064978498966e-12
2.1032064978498966e-12
1.9895196601282805e-12
1.9895196601282805e-12
1.9895196601282805e-12
1.9895196601282805e-12
1.9895196601282805e-12
1.9895196601282805e-12
1.7621459846850485e-12
1.9895196601282805e-12
1.9895196601282805e-12
1.9895196601282805e-12
1.9895196601282805e-12
1.9895196601282805e-12
1.8189894035458565e-12
1.8189894035458565e-12
1.8758328224066645e-12
1.8758328224066645e-12
1.8758328224066645e-12
1.9895196601282805e-12
1.8758328224066645e-12
1.8758328224066645e-12
1.8758328224066645e-12
1.8758328224066645e-12
1.9326762412674725e-12
2.0463630789890885e-12
2.0463630789890885e-12
2.0463630789890885e-12
2.0463630789890885e-12
2.0463630789890885e-12
2.0463630789890885e-12
2.0463630789890885e-12
2.0463630789890885e-12
2.0463630789890885e-12
2.0463630789890885e-12
2.0463630789890885e-12
2.0463630789890885e-12
2.0463630789890885e-12
2.0463630789890885e-12
2.0463630789890885e-12
2.0463630789890885e-12
2.0463630789890885e-12
2.0463630789890885e-12
2.1032064978498966e-12
2.1032064978498966e-12
1.9895196601282805e-12
1.9895196601282805e-12
1.9895196601282805e-12
1.9326762412674725e-12
1.9326762412674725e-12
1.9326762412674725e-12
1.9326762412674725e-12
1.9326762412674725e-12
1.8758328224066645e-12
1.9895196601282805e-12
1.8189894035458565e-12
1.8758328224066645e-12
1.8758328224066645e-12
1.8758328224066645e-12
1.9326762412674725e-12
1.8758328224066645e-12
1.9326762412674725e-12
1.9326762412674725e-12
1.7621459846850485e-12
1.9895196601282805e-12
1.8189894035458565e-12
1.9326762412674725e-12
1.8758328224066645e-12
1.8758328224066645e-12
1.8758328224066645e-12
1.8758328224066645e-12
1.8758328224066645e-12
1.7621459846850485e-12
1.7053025658242404e-12
1.7621459846850485e-12
1.8758328224066645e-12
1.8758328224066645e-12
1.7621459846850485e-12
1.9895196601282805e-12
1.7053025658242404e-12
1.7621459846850485e-12
1.7621459846850485e-12
1.7053025658242404e-12
1.7621459846850485e-12
1.8189894035458565e-12
1.8758328224066645e-12
1.8758328224066645e-12
1.7053025658242404e-12
1.7621459846850485e-12
1.7621459846850485e-12
1.8189894035458565e-12
1.8189894035458565e-12
1.8758328224066645e-12
1.7621459846850485e-12
1.7621459846850485e-12
1.7621459846850485e-12
1.7621459846850485e-12
1.6484591469634324e-12
1.7621459846850485e-12
1.7621459846850485e-12
1.8758328224066645e-12
1.7621459846850485e-12
1.8758328224066645e-12
1.7053025658242404e-12
1.7621459846850485e-12
1.7053025658242404e-12
1.7053025658242404e-12
1.7621459846850485e-12
1.8758328224066645e-12
1.8758328224066645e-12
1.9326762412674725e-12
1.8758328224066645e-12
1.7621459846850485e-12
1.8758328224066645e-12
1.8758328224066645e-12
1.8758328224066645e-12
1.8189894035458565e-12
1.8758328224066645e-12
1.8758328224066645e-12
1.8189894035458565e-12
1.9326762412674725e-12
1.7621459846850485e-12
1.7621459846850485e-12
1.7621459846850485e-12
1.7621459846850485e-12
1.8189894035458565e-12
1.8758328224066645e-12
1.7621459846850485e-12
1.8758328224066645e-12
1.9895196601282805e-12
1.9326762412674725e-12
1.9326762412674725e-12
1.9326762412674725e-12
1.9326762412674725e-12
1.9326762412674725e-12
1.9326762412674725e-12
2.0463630789890885e-12
2.0463630789890885e-12
2.0463630789890885e-12
2.0463630789890885e-12
2.0463630789890885e-12
2.0463630789890885e-12
1.9895196601282805e-12
1.8758328224066645e-12
1.8758328224066645e-12
1.9326762412674725e-12
1.7621459846850485e-12
1.7621459846850485e-12
1.8189894035458565e-12
1.8189894035458565e-12
1.8758328224066645e-12
1.8758328224066645e-12
1.8758328224066645e-12
1.8758328224066645e-12
1.9895196601282805e-12
1.9326762412674725e-12
1.9326762412674725e-12
1.9326762412674725e-12
1.9895196601282805e-12
1.9895196601282805e-12
1.9326762412674725e-12
1.9326762412674725e-12
1.9326762412674725e-12
1.8758328224066645e-12
1.9326762412674725e-12
1.9326762412674725e-12
1.9326762412674725e-12
1.9895196601282805e-12
1.8758328224066645e-12
1.8758328224066645e-12
1.9895196601282805e-12
1.8758328224066645e-12
1.7621459846850485e-12
1.9326762412674725e-12
1.8758328224066645e-12
1.7621459846850485e-12
1.8758328224066645e-12
1.8758328224066645e-12
1.8758328224066645e-12
1.8189894035458565e-12
1.7621459846850485e-12
1.9895196601282805e-12
1.8758328224066645e-12
1.9895196601282805e-12
1.9895196601282805e-12
1.8758328224066645e-12
1.9326762412674725e-12
1.8189894035458565e-12
1.8189894035458565e-12
1.8189894035458565e-12
1.9326762412674725e-12
1.9895196601282805e-12
1.8758328224066645e-12
1.7621459846850485e-12
1.9326762412674725e-12
1.8758328224066645e-12
1.7621459846850485e-12
1.8758328224066645e-12
1.9895196601282805e-12
1.7621459846850485e-12
1.8189894035458565e-12
1.7621459846850485e-12
1.8758328224066645e-12
1.9326762412674725e-12
1.7621459846850485e-12
1.9326762412674725e-12
1.7621459846850485e-12
1.8189894035458565e-12
1.8758328224066645e-12
1.8758328224066645e-12
1.8189894035458565e-12
1.8189894035458565e-12
1.8189894035458565e-12
1.8189894035458565e-12
1.9326762412674725e-12
1.8758328224066645e-12
1.9895196601282805e-12
1.9326762412674725e-12
1.9326762412674725e-12
1.8758328224066645e-12
1.6484591469634324e-12
1.7621459846850485e-12
1.7621459846850485e-12
1.8758328224066645e-12
1.9895196601282805e-12
1.7621459846850485e-12
1.6484591469634324e-12
1.6484591469634324e-12
1.6484591469634324e-12
1.7621459846850485e-12
1.7621459846850485e-12
1.7621459846850485e-12
1.7621459846850485e-12
1.7621459846850485e-12
1.7621459846850485e-12
1.9326762412674725e-12
1.8189894035458565e-12
1.8189894035458565e-12
1.9326762412674725e-12
1.8758328224066645e-12
1.9326762412674725e-12
1.9326762412674725e-12
1.9326762412674725e-12
1.8758328224066645e-12
1.8758328224066645e-12
1.9326762412674725e-12
1.8758328224066645e-12
1.8758328224066645e-12
1.9326762412674725e-12
1.8189894035458565e-12
1.9895196601282805e-12
1.8189894035458565e-12
1.8758328224066645e-12
1.8758328224066645e-12
1.9895196601282805e-12
1.9895196601282805e-12
1.9895196601282805e-12
1.9895196601282805e-12
1.9326762412674725e-12
1.9895196601282805e-12
1.8758328224066645e-12
1.8758328224066645e-12
1.8758328224066645e-12
1.9895196601282805e-12
1.9895196601282805e-12
1.8758328224066645e-12
1.8758328224066645e-12
1.9895196601282805e-12
1.8758328224066645e-12
1.9895196601282805e-12
1.9326762412674725e-12
1.9326762412674725e-12
1.9895196601282805e-12
1.8758328224066645e-12
1.9895196601282805e-12
1.7621459846850485e-12
1.7621459846850485e-12
1.8189894035458565e-12
1.8758328224066645e-12
1.8758328224066645e-12
1.9895196601282805e-12
1.9326762412674725e-12
1.8189894035458565e-12
1.8758328224066645e-12
1.9326762412674725e-12
1.9326762412674725e-12
1.9326762412674725e-12
1.8758328224066645e-12
1.9326762412674725e-12
1.8758328224066645e-12
1.9326762412674725e-12
1.7621459846850485e-12
1.8758328224066645e-12
1.8189894035458565e-12
1.8189894035458565e-12
1.8189894035458565e-12
1.7621459846850485e-12
1.7621459846850485e-12
1.7621459846850485e-12
1.7621459846850485e-12
1.7621459846850485e-12
1.7621459846850485e-12
1.7621459846850485e-12
1.7621459846850485e-12
1.7621459846850485e-12
1.8189894035458565e-12
1.7621459846850485e-12
1.7621459846850485e-12
1.7621459846850485e-12
1.8758328224066645e-12
1.8758328224066645e-12
1.8758328224066645e-12
1.8758328224066645e-12
1.8758328224066645e-12
1.8758328224066645e-12
1.8189894035458565e-12
1.9895196601282805e-12
1.8758328224066645e-12
1.8758328224066645e-12
1.8758328224066645e-12
1.7621459846850485e-12
1.8189894035458565e-12
1.8758328224066645e-12
1.8758328224066645e-12
1.8758328224066645e-12
1.8758328224066645e-12
1.8758328224066645e-12
1.8758328224066645e-12
1.8189894035458565e-12
1.8189894035458565e-12
1.8189894035458565e-12
1.9326762412674725e-12
1.8758328224066645e-12
1.9326762412674725e-12
1.8758328224066645e-12
2.0463630789890885e-12
1.9895196601282805e-12
1.7621459846850485e-12
1.8758328224066645e-12
1.8758328224066645e-12
1.8758328224066645e-12
1.8189894035458565e-12
1.8758328224066645e-12
1.8758328224066645e-12
1.7621459846850485e-12
1.7621459846850485e-12
1.8189894035458565e-12
1.9895196601282805e-12
1.8758328224066645e-12
1.7621459846850485e-12
1.6484591469634324e-12
1.7621459846850485e-12
1.8758328224066645e-12
1.7621459846850485e-12
1.8758328224066645e-12
1.1937117960769683e-12
1.6484591469634324e-12
1.8758328224066645e-12
1.6484591469634324e-12
1.7053025658242404e-12
1.7053025658242404e-12
1.6484591469634324e-12
1.5347723092418164e-12
1.5347723092418164e-12
1.6484591469634324e-12
1.7621459846850485e-12
1.5347723092418164e-12
1.6484591469634324e-12
1.9326762412674725e-12
1.7621459846850485e-12
1.5347723092418164e-12
1.6484591469634324e-12
1.7621459846850485e-12
1.5916157281026244e-12
1.5347723092418164e-12
1.7621459846850485e-12
1.5347723092418164e-12
1.5916157281026244e-12
1.7053025658242404e-12
1.8189894035458565e-12
1.8758328224066645e-12
1.7621459846850485e-12
1.8758328224066645e-12
1.8758328224066645e-12
1.7621459846850485e-12
1.7621459846850485e-12
1.7621459846850485e-12
1.7621459846850485e-12
1.7621459846850485e-12
1.8758328224066645e-12
1.7621459846850485e-12
1.6484591469634324e-12
1.5916157281026244e-12
1.7621459846850485e-12
1.7621459846850485e-12
1.8189894035458565e-12
1.7621459846850485e-12
1.7621459846850485e-12
1.8758328224066645e-12
1.8758328224066645e-12
1.8189894035458565e-12
1.8189894035458565e-12
1.9326762412674725e-12
1.9326762412674725e-12
1.9895196601282805e-12
1.8758328224066645e-12
1.8758328224066645e-12
1.8758328224066645e-12
1.8758328224066645e-12
1.8758328224066645e-12
