15.888107683393855
6.608148650205976
1.9146448000223018
0.6395688471013727
0.05856210467652545
0.017730469543266736
0.007032005512314754
0.0010359279331169091
0.00035622720611172554
0.00015356387768861168
2.3598344796482706e-05
9.349810511594114e-06
2.0320762814662885e-06
9.889422472042497e-07
4.2848364500969183e-07
8.012716534722131e-08
3.0759338187635876e-08
7.912603905424476e-09
3.6194478525430895e-09
1.564217200211715e-09
3.2014213502407074e-10
1.198259269585833e-10
3.342393029015511e-11
1.5802470443304628e-11
5.4569682106375694e-12
9.094947017729282e-13
1.9326762412674725e-12
7.958078640513122e-13
6.821210263296962e-13
-1.4779288903810084e-12
-2.2737367544323206e-13
-9.094947017729282e-13
-9.094947017729282e-13
-1.0231815394945443e-12
-1.0231815394945443e-12
-1.0231815394945443e-12
-9.094947017729282e-13
-9.094947017729282e-13
-9.094947017729282e-13
-7.958078640513122e-13
-7.958078640513122e-13
-7.958078640513122e-13
-7.958078640513122e-13
-7.958078640513122e-13
-7.958078640513122e-13
7.958078640513122e-13
-1.8189894035458565e-12
-1.8189894035458565e-12
-1.8189894035458565e-12
-1.1368683772161603e-12
-1.1368683772161603e-12
-2.2737367544323206e-13
-1.5916157281026244e-12
-1.5916157281026244e-12
-1.5916157281026244e-12
-1.5916157281026244e-12
-1.5916157281026244e-12
-1.4779288903810084e-12
-1.4779288903810084e-12
-1.4779288903810084e-12
-1.4779288903810084e-12
-1.4779288903810084e-12
-1.4779288903810084e-12
1.1368683772161603e-13
-2.2737367544323206e-13
-2.2737367544323206e-13
-2.2737367544323206e-13
-2.2737367544323206e-13
-1.1368683772161603e-13
-1.1368683772161603e-13
-1.1368683772161603e-13
0.0
0.0
0.0
0.0
0.0
0.0
0.0
0.0
0.0
-3.410605131648481e-13
-4.547473508864641e-13
-3.410605131648481e-13
-3.410605131648481e-13
-3.410605131648481e-13
-1.1368683772161603e-13
-1.1368683772161603e-13
-1.1368683772161603e-13
0.0
-1.5916157281026244e-12
-1.5916157281026244e-12
-1.5916157281026244e-12
-1.4779288903810084e-12
-1.5916157281026244e-12
-1.5916157281026244e-12
-1.5916157281026244e-12
-1.5916157281026244e-12
-1.7053025658242404e-12
-1.7053025658242404e-12
-1.7053025658242404e-12
-1.7053025658242404e-12
-1.7053025658242404e-12
-1.5916157281026244e-12
-1.7053025658242404e-12
-1.7053025658242404e-12
-1.7053025658242404e-12
-1.7053025658242404e-12
-1.7053025658242404e-12
-1.7053025658242404e-12
-1.5916157281026244e-12
-1.5916157281026244e-12
-1.7053025658242404e-12
-1.7053025658242404e-12
-1.7053025658242404e-12
-1.7053025658242404e-12
-1.7053025658242404e-12
-1.7053025658242404e-12
-1.7053025658242404e-12
-1.7053025658242404e-12
-1.7053025658242404e-12
-1.7053025658242404e-12
-1.7053025658242404e-12
-1.7053025658242404e-12
-1.7053025658242404e-12
-1.7053025658242404e-12
-1.7053025658242404e-12
-1.7053025658242404e-12
-1.7053025658242404e-12
-1.7053025658242404e-12
-1.7053025658242404e-12
-1.7053025658242404e-12
-1.7053025658242404e-12
-1.7053025658242404e-12
-1.7053025658242404e-12
-1.7053025658242404e-12
-1.5916157281026244e-12
-1.5916157281026244e-12
-1.7053025658242404e-12
-1.7053025658242404e-12
-1.7053025658242404e-12
-1.7053025658242404e-12
-1.7053025658242404e-12
-1.7053025658242404e-12
-1.7053025658242404e-12
-1.7053025658242404e-12
-1.7053025658242404e-12
-1.7053025658242404e-12
-1.7053025658242404e-12
-1.7053025658242404e-12
-1.5916157281026244e-12
-1.5916157281026244e-12
-1.5916157281026244e-12
-1.5916157281026244e-12
-1.5916157281026244e-12
-1.5916157281026244e-12
-1.5916157281026244e-12
-1.5916157281026244e-12
-2.1600499167107046e-12
-1.2505552149377763e-12
-4.547473508864641e-13
6.821210263296962e-13
4.547473508864641e-13
5.684341886080801e-13
4.547473508864641e-13
4.547473508864641e-13
5.684341886080801e-13
5.684341886080801e-13
6.821210263296962e-13
6.821210263296962e-13
6.821210263296962e-13
6.821210263296962e-13
6.821210263296962e-13
6.821210263296962e-13
6.821210263296962e-13
7.958078640513122e-13
7.958078640513122e-13
6.821210263296962e-13
6.821210263296962e-13
6.821210263296962e-13
6.821210263296962e-13
6.821210263296962e-13
6.821210263296962e-13
6.821210263296962e-13
6.821210263296962e-13
6.821210263296962e-13
7.958078640513122e-13
7.958078640513122e-13
7.958078640513122e-13
7.958078640513122e-13
7.958078640513122e-13
7.958078640513122e-13
7.958078640513122e-13
7.958078640513122e-13
7.958078640513122e-13
7.958078640513122e-13
7.958078640513122e-13
7.958078640513122e-13
7.958078640513122e-13
7.958078640513122e-13
7.958078640513122e-13
9.094947017729282e-13
9.094947017729282e-13
9.094947017729282e-13
9.094947017729282e-13
9.094947017729282e-13
9.094947017729282e-13
9.094947017729282e-13
9.094947017729282e-13
9.094947017729282e-13
9.094947017729282e-13
9.094947017729282e-13
9.094947017729282e-13
9.094947017729282e-13
1.1368683772161603e-13
1.5916157281026244e-12
-9.094947017729282e-13
-1.3642420526593924e-12
-1.3642420526593924e-12
-1.3642420526593924e-12
-1.2505552149377763e-12
-1.2505552149377763e-12
-1.2505552149377763e-12
-1.2505552149377763e-12
-1.2505552149377763e-12
-1.2505552149377763e-12
-1.2505552149377763e-12
-1.2505552149377763e-12
-1.2505552149377763e-12
-1.2505552149377763e-12
-1.2505552149377763e-12
-1.2505552149377763e-12
-1.2505552149377763e-12
-1.1368683772161603e-12
-1.1368683772161603e-12
-1.1368683772161603e-12
-1.1368683772161603e-12
-1.1368683772161603e-12
-1.1368683772161603e-12
-1.1368683772161603e-12
-1.1368683772161603e-12
-1.1368683772161603e-12
-1.1368683772161603e-12
-1.1368683772161603e-12
-1.1368683772161603e-12
-1.1368683772161603e-12
-1.1368683772161603e-12
-1.1368683772161603e-12
-1.1368683772161603e-12
-1.1368683772161603e-12
-9.094947017729282e-13
-9.094947017729282e-13
-1.0231815394945443e-12
-1.0231815394945443e-12
-1.0231815394945443e-12
-1.0231815394945443e-12
-1.0231815394945443e-12
-1.0231815394945443e-12
-1.0231815394945443e-12
-1.0231815394945443e-12
-1.0231815394945443e-12
-9.094947017729282e-13
-9.094947017729282e-13
-9.094947017729282e-13
-9.094947017729282e-13
-9.094947017729282e-13
-9.094947017729282e-13
-9.094947017729282e-13
-9.094947017729282e-13
-9.094947017729282e-13
-9.094947017729282e-13
-9.094947017729282e-13
-9.094947017729282e-13
-9.094947017729282e-13
-9.094947017729282e-13
-9.094947017729282e-13
-7.958078640513122e-13
-7.958078640513122e-13
-7.958078640513122e-13
-7.958078640513122e-13
-7.958078640513122e-13
-7.958078640513122e-13
-7.958078640513122e-13
-7.958078640513122e-13
-1.4779288903810084e-12
-1.3642420526593924e-12
-1.3642420526593924e-12
-1.3642420526593924e-12
-1.2505552149377763e-12
-1.2505552149377763e-12
-1.2505552149377763e-12
-1.2505552149377763e-12
-1.2505552149377763e-12
-1.2505552149377763e-12
-1.2505552149377763e-12
-1.2505552149377763e-12
-1.2505552149377763e-12
-1.2505552149377763e-12
-1.1368683772161603e-12
-1.1368683772161603e-12
-1.1368683772161603e-12
-1.1368683772161603e-12
-6.821210263296962e-13
-3.410605131648481e-13
-1.7053025658242404e-12
-1.5916157281026244e-12
-1.8189894035458565e-12
-1.8189894035458565e-12
-1.8189894035458565e-12
-1.8189894035458565e-12
-1.8189894035458565e-12
-1.8189894035458565e-12
-1.8189894035458565e-12
-1.8189894035458565e-12
-1.8189894035458565e-12
-1.7053025658242404e-12
-1.7053025658242404e-12
-1.8189894035458565e-12
-1.8189894035458565e-12
-1.8189894035458565e-12
-1.7053025658242404e-12
-1.7053025658242404e-12
-1.7053025658242404e-12
-1.7053025658242404e-12
-1.7053025658242404e-12
-1.7053025658242404e-12
-1.5916157281026244e-12
-1.5916157281026244e-12
-1.5916157281026244e-12
-1.7053025658242404e-12
-1.5916157281026244e-12
-1.5916157281026244e-12
-1.4779288903810084e-12
-1.5916157281026244e-12
-1.5916157281026244e-12
-1.4779288903810084e-12
-1.4779288903810084e-12
-1.3642420526593924e-12
-1.3642420526593924e-12
-1.4779288903810084e-12
-1.3642420526593924e-12
-1.3642420526593924e-12
-1.2505552149377763e-12
-1.3642420526593924e-12
-1.3642420526593924e-12
-1.1368683772161603e-12
-1.1368683772161603e-12
-1.1368683772161603e-12
-1.1368683772161603e-12
-1.1368683772161603e-12
-1.1368683772161603e-12
-1.1368683772161603e-12
-3.410605131648481e-13
-4.547473508864641e-13
-4.547473508864641e-13
-4.547473508864641e-13
-4.547473508864641e-13
-4.547473508864641e-13
-4.547473508864641e-13
-4.547473508864641e-13
-4.547473508864641e-13
-4.547473508864641e-13
-4.547473508864641e-13
-4.547473508864641e-13
-3.410605131648481e-13
-3.410605131648481e-13
-3.410605131648481e-13
-3.410605131648481e-13
-3.410605131648481e-13
0.0
-2.0463630789890885e-12
-2.3874235921539366e-12
-2.2737367544323206e-12
-2.2737367544323206e-12
-2.2737367544323206e-12
-2.2737367544323206e-12
-2.2737367544323206e-12
-2.2737367544323206e-12
-2.2737367544323206e-12
-2.2737367544323206e-12
-2.2737367544323206e-12
-2.2737367544323206e-12
-2.2737367544323206e-12
-2.0463630789890885e-12
-2.0463630789890885e-12
-1.9326762412674725e-12
-1.8189894035458565e-12
-1.8189894035458565e-12
-1.8189894035458565e-12
-1.8189894035458565e-12
-1.8189894035458565e-12
-1.8189894035458565e-12
-1.8189894035458565e-12
-1.8189894035458565e-12
-1.8189894035458565e-12
-1.8189894035458565e-12
-1.8189894035458565e-12
-1.8189894035458565e-12
-1.8189894035458565e-12
-1.8189894035458565e-12
-1.8189894035458565e-12
-1.8189894035458565e-12
