16.272973108112637
3.501309267227043
0.564688898438817
0.15297376162834553
0.04910833235044265
0.012041800797192082
0.0036446769812528146
0.0015134408716903636
0.000396799958707561
0.00011699670767484349
5.631091039504099e-05
1.5905806435512204e-05
5.180111088520789e-06
2.4451385343127185e-06
7.238804755616002e-07
2.467099875502754e-07
1.1740462468878832e-07
3.635375378507888e-08
1.3181875146983657e-08
6.1737637224723585e-09
1.974285623873584e-09
7.395328793791123e-10
3.468585418886505e-10
1.1573320080060512e-10
4.433786671143025e-11
2.0804691303055733e-11
8.185452315956354e-12
3.865352482534945e-12
2.9558577807620168e-12
9.094947017729282e-13
-2.2737367544323206e-13
1.0231815394945443e-12
5.684341886080801e-13
-1.1368683772161603e-12
-1.2505552149377763e-12
1.3642420526593924e-12
0.0
-2.2737367544323206e-13
-5.684341886080801e-13
-6.821210263296962e-13
-1.5916157281026244e-12
1.0231815394945443e-12
-4.547473508864641e-13
4.547473508864641e-13
-3.410605131648481e-13
6.821210263296962e-13
-1.4779288903810084e-12
3.410605131648481e-13
-7.958078640513122e-13
-2.2737367544323206e-13
-1.0231815394945443e-12
-2.2737367544323206e-13
-7.958078640513122e-13
-4.547473508864641e-13
-1.4779288903810084e-12
-3.410605131648481e-13
9.094947017729282e-13
-9.094947017729282e-13
-2.2737367544323206e-12
3.410605131648481e-13
-4.547473508864641e-13
2.3874235921539366e-12
6.821210263296962e-13
-3.410605131648481e-13
1.7053025658242404e-12
9.094947017729282e-13
4.547473508864641e-13
1.0231815394945443e-12
7.958078640513122e-13
-6.821210263296962e-13
-5.684341886080801e-13
2.2737367544323206e-13
-7.958078640513122e-13
-1.0231815394945443e-12
-1.0231815394945443e-12
-5.684341886080801e-13
0.0
2.2737367544323206e-13
-4.547473508864641e-13
2.2737367544323206e-13
5.684341886080801e-13
4.547473508864641e-13
0.0
-1.1368683772161603e-13
3.410605131648481e-13
-1.1368683772161603e-13
-1.1368683772161603e-13
-2.2737367544323206e-13
-1.1368683772161603e-13
1.1368683772161603e-13
2.2737367544323206e-13
-3.410605131648481e-13
0.0
-2.2737367544323206e-13
-1.1368683772161603e-13
-1.1368683772161603e-13
-2.2737367544323206e-13
-2.2737367544323206e-13
-1.1368683772161603e-13
-2.2737367544323206e-13
-2.2737367544323206e-13
-2.2737367544323206e-13
-2.2737367544323206e-13
-2.2737367544323206e-13
-2.2737367544323206e-13
-2.2737367544323206e-13
-2.2737367544323206e-13
-2.2737367544323206e-13
-2.2737367544323206e-13
-2.2737367544323206e-13
-2.2737367544323206e-13
-2.2737367544323206e-13
-2.2737367544323206e-13
-2.2737367544323206e-13
-2.2737367544323206e-13
-2.2737367544323206e-13
-2.2737367544323206e-13
-2.2737367544323206e-13
-2.2737367544323206e-13
-2.2737367544323206e-13
-2.2737367544323206e-13
-1.1368683772161603e-13
-2.2737367544323206e-13
-2.2737367544323206e-13
-2.2737367544323206e-13
-2.2737367544323206e-13
-2.2737367544323206e-13
-2.2737367544323206e-13
-2.2737367544323206e-13
-2.2737367544323206e-13
-2.2737367544323206e-13
-2.2737367544323206e-13
-2.2737367544323206e-13
-2.2737367544323206e-13
-2.2737367544323206e-13
-2.2737367544323206e-13
-2.2737367544323206e-13
-2.2737367544323206e-13
-2.2737367544323206e-13
-2.2737367544323206e-13
-2.2737367544323206e-13
-2.2737367544323206e-13
-2.2737367544323206e-13
-2.2737367544323206e-13
-2.2737367544323206e-13
-2.2737367544323206e-13
-2.2737367544323206e-13
-2.2737367544323206e-13
-2.2737367544323206e-13
-2.2737367544323206e-13
-2.2737367544323206e-13
-2.2737367544323206e-13
-2.2737367544323206e-13
-2.2737367544323206e-13
-2.2737367544323206e-13
-2.2737367544323206e-13
-2.2737367544323206e-13
-2.2737367544323206e-13
-2.2737367544323206e-13
-2.2737367544323206e-13
-2.2737367544323206e-13
-2.2737367544323206e-13
-2.2737367544323206e-13
-2.2737367544323206e-13
-2.2737367544323206e-13
-2.2737367544323206e-13
-2.2737367544323206e-13
-2.2737367544323206e-13
-2.2737367544323206e-13
-2.2737367544323206e-13
-2.2737367544323206e-13
-2.2737367544323206e-13
-2.2737367544323206e-13
-2.2737367544323206e-13
-2.2737367544323206e-13
-1.1368683772161603e-13
-2.2737367544323206e-13
-2.2737367544323206e-13
-2.2737367544323206e-13
-2.2737367544323206e-13
-1.1368683772161603e-13
-2.2737367544323206e-13
-2.2737367544323206e-13
-2.2737367544323206e-13
-2.2737367544323206e-13
-2.2737367544323206e-13
-2.2737367544323206e-13
-2.2737367544323206e-13
-2.2737367544323206e-13
-2.2737367544323206e-13
-2.2737367544323206e-13
-2.2737367544323206e-13
-2.2737367544323206e-13
-2.2737367544323206e-13
-2.2737367544323206e-13
-2.2737367544323206e-13
-2.2737367544323206e-13
-2.2737367544323206e-13
-2.2737367544323206e-13
-2.2737367544323206e-13
-2.2737367544323206e-13
-2.2737367544323206e-13
-2.2737367544323206e-13
-2.2737367544323206e-13
-2.2737367544323206e-13
-2.2737367544323206e-13
-2.2737367544323206e-13
-2.2737367544323206e-13
-2.2737367544323206e-13
-2.2737367544323206e-13
-2.2737367544323206e-13
-2.2737367544323206e-13
-2.2737367544323206e-13
-2.2737367544323206e-13
-2.2737367544323206e-13
-2.2737367544323206e-13
-2.2737367544323206e-13
-2.2737367544323206e-13
-2.2737367544323206e-13
-2.2737367544323206e-13
-2.2737367544323206e-13
-2.2737367544323206e-13
-2.2737367544323206e-13
-2.2737367544323206e-13
-2.2737367544323206e-13
-2.2737367544323206e-13
-2.2737367544323206e-13
-2.2737367544323206e-13
-2.2737367544323206e-13
-2.2737367544323206e-13
-2.2737367544323206e-13
-2.2737367544323206e-13
-2.2737367544323206e-13
-2.2737367544323206e-13
-2.2737367544323206e-13
-2.2737367544323206e-13
-2.2737367544323206e-13
-2.2737367544323206e-13
-2.2737367544323206e-13
-2.2737367544323206e-13
-2.2737367544323206e-13
-2.2737367544323206e-13
-2.2737367544323206e-13
-2.2737367544323206e-13
-2.2737367544323206e-13
-2.2737367544323206e-13
-2.2737367544323206e-13
-2.2737367544323206e-13
-2.2737367544323206e-13
-2.2737367544323206e-13
-2.2737367544323206e-13
-2.2737367544323206e-13
-2.2737367544323206e-13
-2.2737367544323206e-13
-2.2737367544323206e-13
-2.2737367544323206e-13
-2.2737367544323206e-13
-2.2737367544323206e-13
-2.2737367544323206e-13
-2.2737367544323206e-13
-2.2737367544323206e-13
-2.2737367544323206e-13
-2.2737367544323206e-13
-2.2737367544323206e-13
-2.2737367544323206e-13
-2.2737367544323206e-13
-2.2737367544323206e-13
-2.2737367544323206e-13
-2.2737367544323206e-13
-2.2737367544323206e-13
-2.2737367544323206e-13
-2.2737367544323206e-13
-2.2737367544323206e-13
-2.2737367544323206e-13
-2.2737367544323206e-13
-2.2737367544323206e-13
-2.2737367544323206e-13
-2.2737367544323206e-13
-2.2737367544323206e-13
-2.2737367544323206e-13
-2.2737367544323206e-13
-2.2737367544323206e-13
-2.2737367544323206e-13
-2.2737367544323206e-13
-2.2737367544323206e-13
-2.2737367544323206e-13
-2.2737367544323206e-13
-2.2737367544323206e-13
-2.2737367544323206e-13
-2.2737367544323206e-13
-2.2737367544323206e-13
-2.2737367544323206e-13
-2.2737367544323206e-13
-1.1368683772161603e-13
-2.2737367544323206e-13
-2.2737367544323206e-13
-2.2737367544323206e-13
-2.2737367544323206e-13
-2.2737367544323206e-13
-1.1368683772161603e-13
-2.2737367544323206e-13
-2.2737367544323206e-13
-2.2737367544323206e-13
-2.2737367544323206e-13
-2.2737367544323206e-13
-2.2737367544323206e-13
-2.2737367544323206e-13
-2.2737367544323206e-13
-2.2737367544323206e-13
-2.2737367544323206e-13
-2.2737367544323206e-13
-1.1368683772161603e-13
-2.2737367544323206e-13
-2.2737367544323206e-13
-2.2737367544323206e-13
-2.2737367544323206e-13
-2.2737367544323206e-13
-2.2737367544323206e-13
-2.2737367544323206e-13
-2.2737367544323206e-13
-2.2737367544323206e-13
-2.2737367544323206e-13
-2.2737367544323206e-13
-1.1368683772161603e-13
-2.2737367544323206e-13
-2.2737367544323206e-13
-2.2737367544323206e-13
-2.2737367544323206e-13
-2.2737367544323206e-13
-2.2737367544323206e-13
-2.2737367544323206e-13
-2.2737367544323206e-13
-2.2737367544323206e-13
-2.2737367544323206e-13
-2.2737367544323206e-13
-2.2737367544323206e-13
-2.2737367544323206e-13
-2.2737367544323206e-13
-2.2737367544323206e-13
-2.2737367544323206e-13
-2.2737367544323206e-13
-2.2737367544323206e-13
-2.2737367544323206e-13
-2.2737367544323206e-13
-1.1368683772161603e-13
-2.2737367544323206e-13
-2.2737367544323206e-13
-2.2737367544323206e-13
-2.2737367544323206e-13
-2.2737367544323206e-13
-2.2737367544323206e-13
-2.2737367544323206e-13
-2.2737367544323206e-13
-2.2737367544323206e-13
-2.2737367544323206e-13
-2.2737367544323206e-13
-2.2737367544323206e-13
-2.2737367544323206e-13
-2.2737367544323206e-13
-2.2737367544323206e-13
-2.2737367544323206e-13
-2.2737367544323206e-13
-2.2737367544323206e-13
-2.2737367544323206e-13
-2.2737367544323206e-13
-2.2737367544323206e-13
-2.2737367544323206e-13
-2.2737367544323206e-13
-2.2737367544323206e-13
-2.2737367544323206e-13
-2.2737367544323206e-13
-2.2737367544323206e-13
-2.2737367544323206e-13
-2.2737367544323206e-13
-2.2737367544323206e-13
-2.2737367544323206e-13
-2.2737367544323206e-13
-2.2737367544323206e-13
-2.2737367544323206e-13
-2.2737367544323206e-13
-2.2737367544323206e-13
-2.2737367544323206e-13
-2.2737367544323206e-13
-2.2737367544323206e-13
-2.2737367544323206e-13
-2.2737367544323206e-13
-2.2737367544323206e-13
-2.2737367544323206e-13
-2.2737367544323206e-13
-2.2737367544323206e-13
-2.2737367544323206e-13
-2.2737367544323206e-13
-2.2737367544323206e-13
-2.2737367544323206e-13
-2.2737367544323206e-13
-2.2737367544323206e-13
-2.2737367544323206e-13
-2.2737367544323206e-13
-2.2737367544323206e-13
-2.2737367544323206e-13
-2.2737367544323206e-13
-2.2737367544323206e-13
-1.1368683772161603e-13
-1.1368683772161603e-13
-1.1368683772161603e-13
-1.1368683772161603e-13
-2.2737367544323206e-13
-2.2737367544323206e-13
-2.2737367544323206e-13
-2.2737367544323206e-13
-2.2737367544323206e-13
-2.2737367544323206e-13
-2.2737367544323206e-13
-2.2737367544323206e-13
-2.2737367544323206e-13
-2.2737367544323206e-13
-2.2737367544323206e-13
-2.2737367544323206e-13
-2.2737367544323206e-13
-2.2737367544323206e-13
-2.2737367544323206e-13
-2.2737367544323206e-13
-2.2737367544323206e-13
-2.2737367544323206e-13
-2.2737367544323206e-13
-2.2737367544323206e-13
-2.2737367544323206e-13
-2.2737367544323206e-13
-2.2737367544323206e-13
-2.2737367544323206e-13
-2.2737367544323206e-13
-2.2737367544323206e-13
-2.2737367544323206e-13
-2.2737367544323206e-13
-2.2737367544323206e-13
-2.2737367544323206e-13
-2.2737367544323206e-13
-2.2737367544323206e-13
-2.2737367544323206e-13
-2.2737367544323206e-13
-2.2737367544323206e-13
-2.2737367544323206e-13
-2.2737367544323206e-13
-2.2737367544323206e-13
-2.2737367544323206e-13
-2.2737367544323206e-13
-2.2737367544323206e-13
-2.2737367544323206e-13
-2.2737367544323206e-13
-2.2737367544323206e-13
-2.2737367544323206e-13
-2.2737367544323206e-13
-2.2737367544323206e-13
-2.2737367544323206e-13
-2.2737367544323206e-13
-2.2737367544323206e-13
-2.2737367544323206e-13
-2.2737367544323206e-13
-2.2737367544323206e-13
-2.2737367544323206e-13
-2.2737367544323206e-13
-2.2737367544323206e-13
-2.2737367544323206e-13
-2.2737367544323206e-13
-2.2737367544323206e-13
-2.2737367544323206e-13
-2.2737367544323206e-13
-2.2737367544323206e-13
-2.2737367544323206e-13
-2.2737367544323206e-13
-2.2737367544323206e-13
-2.2737367544323206e-13
-2.2737367544323206e-13
-2.2737367544323206e-13
-2.2737367544323206e-13
-2.2737367544323206e-13
-2.2737367544323206e-13
-2.2737367544323206e-13
-2.2737367544323206e-13
-2.2737367544323206e-13
-2.2737367544323206e-13
-2.2737367544323206e-13
-2.2737367544323206e-13
-2.2737367544323206e-13
-2.2737367544323206e-13
-2.2737367544323206e-13
-2.2737367544323206e-13
-2.2737367544323206e-13
-2.2737367544323206e-13
-2.2737367544323206e-13
-2.2737367544323206e-13
-2.2737367544323206e-13
-2.2737367544323206e-13
-2.2737367544323206e-13
-2.2737367544323206e-13
-2.2737367544323206e-13
-2.2737367544323206e-13
-2.2737367544323206e-13
-2.2737367544323206e-13
-2.2737367544323206e-13
-2.2737367544323206e-13
-2.2737367544323206e-13
-2.2737367544323206e-13
-2.2737367544323206e-13
-2.2737367544323206e-13
-2.2737367544323206e-13
-2.2737367544323206e-13
-2.2737367544323206e-13
-2.2737367544323206e-13
-2.2737367544323206e-13
-2.2737367544323206e-13
-2.2737367544323206e-13
-2.2737367544323206e-13
-2.2737367544323206e-13
-2.2737367544323206e-13
-2.2737367544323206e-13
-2.2737367544323206e-13
-2.2737367544323206e-13
-2.2737367544323206e-13
-2.2737367544323206e-13
-2.2737367544323206e-13
-2.2737367544323206e-13
-2.2737367544323206e-13
-2.2737367544323206e-13
-2.2737367544323206e-13
-2.2737367544323206e-13
-2.2737367544323206e-13
-2.2737367544323206e-13
-2.2737367544323206e-13
-2.2737367544323206e-13
-2.2737367544323206e-13
-2.2737367544323206e-13
-2.2737367544323206e-13
-2.2737367544323206e-13
-2.2737367544323206e-13
-2.2737367544323206e-13
-2.2737367544323206e-13
-2.2737367544323206e-13
-2.2737367544323206e-13
-2.2737367544323206e-13
-2.2737367544323206e-13
-1.1368683772161603e-13
-2.2737367544323206e-13
-2.2737367544323206e-13
-2.2737367544323206e-13
-2.2737367544323206e-13
-2.2737367544323206e-13
-2.2737367544323206e-13
-2.2737367544323206e-13
-1.1368683772161603e-13
-2.2737367544323206e-13
-2.2737367544323206e-13
-2.2737367544323206e-13
-2.2737367544323206e-13
-2.2737367544323206e-13
-2.2737367544323206e-13
-2.2737367544323206e-13
-1.1368683772161603e-13
-2.2737367544323206e-13
-2.2737367544323206e-13
-2.2737367544323206e-13
-2.2737367544323206e-13
-2.2737367544323206e-13
-2.2737367544323206e-13
-2.2737367544323206e-13
-2.2737367544323206e-13
-2.2737367544323206e-13
-2.2737367544323206e-13
-2.2737367544323206e-13
-2.2737367544323206e-13
-2.2737367544323206e-13
-2.2737367544323206e-13
-2.2737367544323206e-13
-2.2737367544323206e-13
-2.2737367544323206e-13
-2.2737367544323206e-13
-2.2737367544323206e-13
-2.2737367544323206e-13
-2.2737367544323206e-13
-2.2737367544323206e-13
-2.2737367544323206e-13
-2.2737367544323206e-13
-2.2737367544323206e-13
-2.2737367544323206e-13
-2.2737367544323206e-13
-2.2737367544323206e-13
-2.2737367544323206e-13
-2.2737367544323206e-13
-2.2737367544323206e-13
-2.2737367544323206e-13
-2.2737367544323206e-13
-2.2737367544323206e-13
-2.2737367544323206e-13
-2.2737367544323206e-13
-2.2737367544323206e-13
-2.2737367544323206e-13
-2.2737367544323206e-13
-2.2737367544323206e-13
-2.2737367544323206e-13
-2.2737367544323206e-13
-2.2737367544323206e-13
-2.2737367544323206e-13
-2.2737367544323206e-13
-2.2737367544323206e-13
-2.2737367544323206e-13
-2.2737367544323206e-13
-2.2737367544323206e-13
-2.2737367544323206e-13
-2.2737367544323206e-13
-2.2737367544323206e-13
-2.2737367544323206e-13
-2.2737367544323206e-13
-2.2737367544323206e-13
-2.2737367544323206e-13
-2.2737367544323206e-13
-2.2737367544323206e-13
-2.2737367544323206e-13
-2.2737367544323206e-13
-2.2737367544323206e-13
-2.2737367544323206e-13
-2.2737367544323206e-13
-2.2737367544323206e-13
-2.2737367544323206e-13
-1.1368683772161603e-13
-2.2737367544323206e-13
-1.1368683772161603e-13
-2.2737367544323206e-13
-2.2737367544323206e-13
-2.2737367544323206e-13
-2.2737367544323206e-13
-2.2737367544323206e-13
-2.2737367544323206e-13
-2.2737367544323206e-13
-2.2737367544323206e-13
-2.2737367544323206e-13
-2.2737367544323206e-13
-2.2737367544323206e-13
-2.2737367544323206e-13
-2.2737367544323206e-13
-2.2737367544323206e-13
-2.2737367544323206e-13
-2.2737367544323206e-13
-2.2737367544323206e-13
-2.2737367544323206e-13
-2.2737367544323206e-13
-1.1368683772161603e-13
-2.2737367544323206e-13
-2.2737367544323206e-13
-2.2737367544323206e-13
-2.2737367544323206e-13
-2.2737367544323206e-13
-2.2737367544323206e-13
-2.2737367544323206e-13
-2.2737367544323206e-13
-2.2737367544323206e-13
-2.2737367544323206e-13
-2.2737367544323206e-13
-2.2737367544323206e-13
-2.2737367544323206e-13
-2.2737367544323206e-13
-2.2737367544323206e-13
-2.2737367544323206e-13
-2.2737367544323206e-13
-2.2737367544323206e-13
-2.2737367544323206e-13
-2.2737367544323206e-13
-2.2737367544323206e-13
-2.2737367544323206e-13
-2.2737367544323206e-13
-2.2737367544323206e-13
-2.2737367544323206e-13
-2.2737367544323206e-13
-2.2737367544323206e-13
-2.2737367544323206e-13
-2.2737367544323206e-13
-2.2737367544323206e-13
-2.2737367544323206e-13
-2.2737367544323206e-13
-2.2737367544323206e-13
-2.2737367544323206e-13
-2.2737367544323206e-13
-2.2737367544323206e-13
-2.2737367544323206e-13
-2.2737367544323206e-13
-2.2737367544323206e-13
-2.2737367544323206e-13
-2.2737367544323206e-13
-2.2737367544323206e-13
-2.2737367544323206e-13
-2.2737367544323206e-13
-2.2737367544323206e-13
-2.2737367544323206e-13
-2.2737367544323206e-13
-2.2737367544323206e-13
-2.2737367544323206e-13
-2.2737367544323206e-13
-2.2737367544323206e-13
-2.2737367544323206e-13
-2.2737367544323206e-13
-2.2737367544323206e-13
-2.2737367544323206e-13
-2.2737367544323206e-13
-2.2737367544323206e-13
-2.2737367544323206e-13
-2.2737367544323206e-13
-2.2737367544323206e-13
-2.2737367544323206e-13
-2.2737367544323206e-13
-2.2737367544323206e-13
-2.2737367544323206e-13
-2.2737367544323206e-13
-2.2737367544323206e-13
-2.2737367544323206e-13
-2.2737367544323206e-13
-2.2737367544323206e-13
-2.2737367544323206e-13
-2.2737367544323206e-13
-2.2737367544323206e-13
-2.2737367544323206e-13
-2.2737367544323206e-13
-2.2737367544323206e-13
-2.2737367544323206e-13
-2.2737367544323206e-13
-2.2737367544323206e-13
-2.2737367544323206e-13
-2.2737367544323206e-13
-2.2737367544323206e-13
-2.2737367544323206e-13
-2.2737367544323206e-13
-2.2737367544323206e-13
-2.2737367544323206e-13
-2.2737367544323206e-13
-2.2737367544323206e-13
-2.2737367544323206e-13
-2.2737367544323206e-13
-2.2737367544323206e-13
-2.2737367544323206e-13
-2.2737367544323206e-13
-2.2737367544323206e-13
-1.1368683772161603e-13
-2.2737367544323206e-13
-2.2737367544323206e-13
-2.2737367544323206e-13
-2.2737367544323206e-13
-2.2737367544323206e-13
-2.2737367544323206e-13
-1.1368683772161603e-13
-2.2737367544323206e-13
-1.1368683772161603e-13
-2.2737367544323206e-13
-2.2737367544323206e-13
-2.2737367544323206e-13
-2.2737367544323206e-13
-2.2737367544323206e-13
-2.2737367544323206e-13
-1.1368683772161603e-13
-1.1368683772161603e-13
-2.2737367544323206e-13
-2.2737367544323206e-13
-2.2737367544323206e-13
-2.2737367544323206e-13
-1.1368683772161603e-13
-2.2737367544323206e-13
-2.2737367544323206e-13
-2.2737367544323206e-13
-2.2737367544323206e-13
-2.2737367544323206e-13
-2.2737367544323206e-13
-2.2737367544323206e-13
-2.2737367544323206e-13
-2.2737367544323206e-13
-2.2737367544323206e-13
-2.2737367544323206e-13
-2.2737367544323206e-13
-2.2737367544323206e-13
-2.2737367544323206e-13
-2.2737367544323206e-13
-2.2737367544323206e-13
-2.2737367544323206e-13
-2.2737367544323206e-13
-2.2737367544323206e-13
-2.2737367544323206e-13
-2.2737367544323206e-13
-2.2737367544323206e-13
-2.2737367544323206e-13
-2.2737367544323206e-13
-2.2737367544323206e-13
-1.1368683772161603e-13
-2.2737367544323206e-13
-2.2737367544323206e-13
-2.2737367544323206e-13
-2.2737367544323206e-13
-2.2737367544323206e-13
-2.2737367544323206e-13
-2.2737367544323206e-13
-2.2737367544323206e-13
-2.2737367544323206e-13
-2.2737367544323206e-13
-2.2737367544323206e-13
-2.2737367544323206e-13
-2.2737367544323206e-13
-2.2737367544323206e-13
-2.2737367544323206e-13
-2.2737367544323206e-13
-2.2737367544323206e-13
-2.2737367544323206e-13
-2.2737367544323206e-13
-2.2737367544323206e-13
-2.2737367544323206e-13
-2.2737367544323206e-13
-2.2737367544323206e-13
-2.2737367544323206e-13
-2.2737367544323206e-13
-2.2737367544323206e-13
-2.2737367544323206e-13
-2.2737367544323206e-13
-2.2737367544323206e-13
-2.2737367544323206e-13
-2.2737367544323206e-13
-2.2737367544323206e-13
-2.2737367544323206e-13
-2.2737367544323206e-13
-2.2737367544323206e-13
-2.2737367544323206e-13
-2.2737367544323206e-13
-2.2737367544323206e-13
-2.2737367544323206e-13
-2.2737367544323206e-13
-2.2737367544323206e-13
-2.2737367544323206e-13
-2.2737367544323206e-13
-2.2737367544323206e-13
-2.2737367544323206e-13
-2.2737367544323206e-13
-2.2737367544323206e-13
-2.2737367544323206e-13
-2.2737367544323206e-13
-2.2737367544323206e-13
-2.2737367544323206e-13
-2.2737367544323206e-13
-2.2737367544323206e-13
-2.2737367544323206e-13
-2.2737367544323206e-13
-2.2737367544323206e-13
-2.2737367544323206e-13
-2.2737367544323206e-13
-2.2737367544323206e-13
-2.2737367544323206e-13
-2.2737367544323206e-13
-2.2737367544323206e-13
-2.2737367544323206e-13
-2.2737367544323206e-13
-2.2737367544323206e-13
-2.2737367544323206e-13
-2.2737367544323206e-13
-2.2737367544323206e-13
-2.2737367544323206e-13
-2.2737367544323206e-13
-2.2737367544323206e-13
-2.2737367544323206e-13
-2.2737367544323206e-13
-2.2737367544323206e-13
-2.2737367544323206e-13
-2.2737367544323206e-13
-2.2737367544323206e-13
-2.2737367544323206e-13
-2.2737367544323206e-13
-2.2737367544323206e-13
-2.2737367544323206e-13
-2.2737367544323206e-13
-2.2737367544323206e-13
-2.2737367544323206e-13
-2.2737367544323206e-13
-2.2737367544323206e-13
-2.2737367544323206e-13
-2.2737367544323206e-13
-2.2737367544323206e-13
-2.2737367544323206e-13
-2.2737367544323206e-13
-2.2737367544323206e-13
-2.2737367544323206e-13
-2.2737367544323206e-13
-2.2737367544323206e-13
-2.2737367544323206e-13
-2.2737367544323206e-13
-2.2737367544323206e-13
-2.2737367544323206e-13
-2.2737367544323206e-13
-2.2737367544323206e-13
-2.2737367544323206e-13
-2.2737367544323206e-13
-2.2737367544323206e-13
-2.2737367544323206e-13
-2.2737367544323206e-13
-2.2737367544323206e-13
-2.2737367544323206e-13
-2.2737367544323206e-13
-2.2737367544323206e-13
-2.2737367544323206e-13
-2.2737367544323206e-13
-2.2737367544323206e-13
-2.2737367544323206e-13
-2.2737367544323206e-13
-2.2737367544323206e-13
-2.2737367544323206e-13
-2.2737367544323206e-13
-2.2737367544323206e-13
-2.2737367544323206e-13
-2.2737367544323206e-13
-2.2737367544323206e-13
-2.2737367544323206e-13
-2.2737367544323206e-13
-2.2737367544323206e-13
-2.2737367544323206e-13
-2.2737367544323206e-13
-2.2737367544323206e-13
-2.2737367544323206e-13
-2.2737367544323206e-13
-2.2737367544323206e-13
-2.2737367544323206e-13
-2.2737367544323206e-13
-2.2737367544323206e-13
-2.2737367544323206e-13
-2.2737367544323206e-13
-2.2737367544323206e-13
-2.2737367544323206e-13
-2.2737367544323206e-13
-2.2737367544323206e-13
-2.2737367544323206e-13
-2.2737367544323206e-13
-2.2737367544323206e-13
-2.2737367544323206e-13
-2.2737367544323206e-13
-2.2737367544323206e-13
-2.2737367544323206e-13
-2.2737367544323206e-13
-2.2737367544323206e-13
-2.2737367544323206e-13
-2.2737367544323206e-13
-2.2737367544323206e-13
-2.2737367544323206e-13
-2.2737367544323206e-13
-2.2737367544323206e-13
-2.2737367544323206e-13
-2.2737367544323206e-13
-2.2737367544323206e-13
-2.2737367544323206e-13
-2.2737367544323206e-13
-2.2737367544323206e-13
-2.2737367544323206e-13
-2.2737367544323206e-13
-2.2737367544323206e-13
-2.2737367544323206e-13
-2.2737367544323206e-13
-2.2737367544323206e-13
-2.2737367544323206e-13
-2.2737367544323206e-13
-2.2737367544323206e-13
-2.2737367544323206e-13
-2.2737367544323206e-13
-2.2737367544323206e-13
-2.2737367544323206e-13
-2.2737367544323206e-13
-2.2737367544323206e-13
-2.2737367544323206e-13
-2.2737367544323206e-13
-2.2737367544323206e-13
-2.2737367544323206e-13
-2.2737367544323206e-13
-2.2737367544323206e-13
-2.2737367544323206e-13
-2.2737367544323206e-13
-2.2737367544323206e-13
-2.2737367544323206e-13
-2.2737367544323206e-13
-2.2737367544323206e-13
-2.2737367544323206e-13
-2.2737367544323206e-13
-2.2737367544323206e-13
-2.2737367544323206e-13
-2.2737367544323206e-13
-2.2737367544323206e-13
-2.2737367544323206e-13
-2.2737367544323206e-13
-2.2737367544323206e-13
-2.2737367544323206e-13
-2.2737367544323206e-13
-2.2737367544323206e-13
-2.2737367544323206e-13
-2.2737367544323206e-13
-2.2737367544323206e-13
-2.2737367544323206e-13
-2.2737367544323206e-13
-2.2737367544323206e-13
-2.2737367544323206e-13
-2.2737367544323206e-13
-2.2737367544323206e-13
-2.2737367544323206e-13
-2.2737367544323206e-13
-2.2737367544323206e-13
-2.2737367544323206e-13
