83.39081420928471
42.60468213602269
9.223486813495697
5.265566666022892
1.8028036439332027
1.1616707324977824
0.45746249433113917
0.2527919190602006
0.15419119258990577
0.07377175650321988
0.04641411906129633
0.022161388623771927
0.014744901737572036
0.006970396272720336
0.004193995722403088
0.0027125433792889453
0.0013744356227789467
0.0009418847980668943
0.0004632454443935785
0.00028846860124076557
0.00019150665877987194
9.757645966601558e-05
6.075518552961512e-05
4.053746118870549e-05
2.1179738268983783e-05
1.5159034887801681e-05
7.62500201290095e-06
4.938233189477614e-06
3.366974510754517e-06
1.715609869279433e-06
1.1157334256495233e-06
7.640837225153518e-07
3.9268786622415064e-07
2.566085868238588e-07
1.7646550531935645e-07
9.116649835050339e-08
5.989062401567935e-08
4.1346879697812255e-08
2.1415644368971698e-08
1.4147076399240177e-08
9.806512935028877e-09
5.080778464616742e-09
3.379170721018454e-09
2.3567281459691003e-09
1.2205418897792697e-09
8.189999789465219e-10
4.831690603168681e-10
3.2230218494078144e-10
1.7973889043787494e-10
1.2676082405960187e-10
7.02584657119587e-11
4.013145371573046e-11
3.171862772433087e-11
1.6711965145077556e-11
1.1652900866465643e-11
4.149569576838985e-12
-4.092726157978177e-12
-2.1600499167107046e-12
-2.2737367544323206e-13
-1.0231815394945443e-12
2.6147972675971687e-12
-3.183231456205249e-12
7.73070496506989e-12
-5.4569682106375694e-12
-4.092726157978177e-12
4.661160346586257e-12
1.4779288903810084e-12
-2.9558577807620168e-12
-5.684341886080801e-13
-5.115907697472721e-12
-4.092726157978177e-12
-5.5706550483591855e-12
-6.0254023992456496e-12
-5.9117155615240335e-12
-5.7980287238024175e-12
-6.366462912410498e-12
-6.366462912410498e-12
-6.366462912410498e-12
-6.480149750132114e-12
-6.480149750132114e-12
-6.480149750132114e-12
-6.366462912410498e-12
-6.366462912410498e-12
-6.366462912410498e-12
-6.366462912410498e-12
-6.366462912410498e-12
-6.366462912410498e-12
-6.366462912410498e-12
-6.366462912410498e-12
-6.366462912410498e-12
-6.366462912410498e-12
-6.252776074688882e-12
-6.139089236967266e-12
-6.139089236967266e-12
-6.139089236967266e-12
-6.139089236967266e-12
-6.139089236967266e-12
-6.0254023992456496e-12
-6.0254023992456496e-12
-6.0254023992456496e-12
-6.0254023992456496e-12
-6.0254023992456496e-12
-6.0254023992456496e-12
-6.0254023992456496e-12
-6.139089236967266e-12
-6.139089236967266e-12
-6.139089236967266e-12
-6.139089236967266e-12
-6.139089236967266e-12
-6.139089236967266e-12
-6.139089236967266e-12
-6.139089236967266e-12
-6.139089236967266e-12
-6.139089236967266e-12
-6.139089236967266e-12
-6.139089236967266e-12
-6.139089236967266e-12
-6.139089236967266e-12
-6.139089236967266e-12
-6.139089236967266e-12
-6.139089236967266e-12
-6.139089236967266e-12
-6.139089236967266e-12
-6.139089236967266e-12
-6.139089236967266e-12
-6.139089236967266e-12
-6.139089236967266e-12
-6.139089236967266e-12
-6.139089236967266e-12
-6.139089236967266e-12
-6.139089236967266e-12
-6.139089236967266e-12
-6.139089236967266e-12
-6.139089236967266e-12
-6.139089236967266e-12
-6.139089236967266e-12
-6.139089236967266e-12
-6.139089236967266e-12
-6.139089236967266e-12
-6.139089236967266e-12
-6.139089236967266e-12
-6.139089236967266e-12
-6.139089236967266e-12
-6.139089236967266e-12
-6.139089236967266e-12
-6.139089236967266e-12
-6.139089236967266e-12
-6.139089236967266e-12
-6.139089236967266e-12
-6.139089236967266e-12
-6.139089236967266e-12
-6.139089236967266e-12
-6.139089236967266e-12
-6.139089236967266e-12
-6.139089236967266e-12
-6.139089236967266e-12
-6.139089236967266e-12
-6.139089236967266e-12
-6.139089236967266e-12
-6.139089236967266e-12
-6.139089236967266e-12
-6.139089236967266e-12
-6.139089236967266e-12
-6.139089236967266e-12
-6.139089236967266e-12
-6.139089236967266e-12
-6.139089236967266e-12
-6.139089236967266e-12
-6.139089236967266e-12
-6.139089236967266e-12
-6.139089236967266e-12
-6.139089236967266e-12
-6.139089236967266e-12
-6.139089236967266e-12
-6.139089236967266e-12
-6.139089236967266e-12
-6.139089236967266e-12
-6.139089236967266e-12
-6.139089236967266e-12
-6.139089236967266e-12
-6.139089236967266e-12
-6.139089236967266e-12
-6.139089236967266e-12
-6.139089236967266e-12
-6.139089236967266e-12
-6.139089236967266e-12
-6.139089236967266e-12
-6.139089236967266e-12
-6.139089236967266e-12
-6.139089236967266e-12
-6.139089236967266e-12
-6.139089236967266e-12
-6.139089236967266e-12
-6.139089236967266e-12
-6.139089236967266e-12
-6.139089236967266e-12
-6.139089236967266e-12
-6.139089236967266e-12
-6.139089236967266e-12
-6.139089236967266e-12
-6.139089236967266e-12
-6.139089236967266e-12
-6.139089236967266e-12
-6.139089236967266e-12
-6.139089236967266e-12
-6.139089236967266e-12
-6.139089236967266e-12
-6.139089236967266e-12
-6.139089236967266e-12
-6.139089236967266e-12
-6.139089236967266e-12
-6.139089236967266e-12
-6.139089236967266e-12
-6.139089236967266e-12
-6.139089236967266e-12
-6.139089236967266e-12
-6.139089236967266e-12
-6.139089236967266e-12
-6.139089236967266e-12
-6.139089236967266e-12
-6.139089236967266e-12
-6.139089236967266e-12
-6.139089236967266e-12
-6.139089236967266e-12
-6.139089236967266e-12
-6.139089236967266e-12
-6.139089236967266e-12
-6.139089236967266e-12
-6.139089236967266e-12
-6.139089236967266e-12
-6.139089236967266e-12
-6.139089236967266e-12
-6.139089236967266e-12
-6.139089236967266e-12
-6.139089236967266e-12
-6.139089236967266e-12
-6.139089236967266e-12
-6.139089236967266e-12
-6.139089236967266e-12
-6.139089236967266e-12
-6.139089236967266e-12
-6.139089236967266e-12
-6.139089236967266e-12
-6.139089236967266e-12
-6.139089236967266e-12
-6.139089236967266e-12
-6.139089236967266e-12
-6.139089236967266e-12
-6.139089236967266e-12
-6.139089236967266e-12
-6.139089236967266e-12
-6.139089236967266e-12
-6.139089236967266e-12
-6.139089236967266e-12
-6.139089236967266e-12
-6.139089236967266e-12
-6.139089236967266e-12
-6.139089236967266e-12
-6.139089236967266e-12
-6.139089236967266e-12
-6.139089236967266e-12
-6.139089236967266e-12
-6.139089236967266e-12
-6.139089236967266e-12
-6.139089236967266e-12
-6.139089236967266e-12
-6.139089236967266e-12
-6.139089236967266e-12
-6.139089236967266e-12
-6.139089236967266e-12
-6.139089236967266e-12
-6.139089236967266e-12
-6.139089236967266e-12
-6.139089236967266e-12
-6.139089236967266e-12
-6.139089236967266e-12
-6.139089236967266e-12
-6.139089236967266e-12
-6.139089236967266e-12
-6.139089236967266e-12
-6.139089236967266e-12
-6.139089236967266e-12
-6.139089236967266e-12
-6.139089236967266e-12
-6.139089236967266e-12
-6.139089236967266e-12
-6.139089236967266e-12
-6.139089236967266e-12
-6.139089236967266e-12
-6.139089236967266e-12
-6.139089236967266e-12
-6.139089236967266e-12
-6.139089236967266e-12
-6.139089236967266e-12
-6.139089236967266e-12
-6.139089236967266e-12
-6.139089236967266e-12
-6.139089236967266e-12
-6.139089236967266e-12
-6.139089236967266e-12
-6.139089236967266e-12
-6.139089236967266e-12
-6.139089236967266e-12
-6.139089236967266e-12
-6.139089236967266e-12
-6.139089236967266e-12
-6.139089236967266e-12
-6.139089236967266e-12
-6.139089236967266e-12
-6.139089236967266e-12
-6.139089236967266e-12
-6.139089236967266e-12
-6.139089236967266e-12
-6.139089236967266e-12
-6.139089236967266e-12
-6.139089236967266e-12
-6.139089236967266e-12
-6.139089236967266e-12
-6.139089236967266e-12
-6.139089236967266e-12
-6.139089236967266e-12
-6.139089236967266e-12
-6.139089236967266e-12
-6.139089236967266e-12
-6.139089236967266e-12
-6.139089236967266e-12
-6.139089236967266e-12
-6.139089236967266e-12
-6.139089236967266e-12
-6.139089236967266e-12
-6.139089236967266e-12
-6.139089236967266e-12
-6.139089236967266e-12
-6.139089236967266e-12
-6.139089236967266e-12
-6.139089236967266e-12
-6.139089236967266e-12
-6.139089236967266e-12
-6.139089236967266e-12
-6.139089236967266e-12
-6.139089236967266e-12
-6.139089236967266e-12
-6.139089236967266e-12
-6.139089236967266e-12
-6.139089236967266e-12
-6.139089236967266e-12
-6.139089236967266e-12
-6.139089236967266e-12
-6.139089236967266e-12
-6.139089236967266e-12
-6.139089236967266e-12
-6.139089236967266e-12
-6.139089236967266e-12
-6.139089236967266e-12
-6.139089236967266e-12
-6.139089236967266e-12
-6.139089236967266e-12
-6.139089236967266e-12
-6.139089236967266e-12
-6.139089236967266e-12
-6.139089236967266e-12
-6.139089236967266e-12
-6.139089236967266e-12
-6.139089236967266e-12
-6.139089236967266e-12
-6.139089236967266e-12
-6.139089236967266e-12
-6.139089236967266e-12
-6.139089236967266e-12
-6.139089236967266e-12
-6.139089236967266e-12
-6.139089236967266e-12
-6.139089236967266e-12
-6.139089236967266e-12
-6.139089236967266e-12
-6.139089236967266e-12
-6.139089236967266e-12
-6.139089236967266e-12
-6.139089236967266e-12
-6.139089236967266e-12
-6.139089236967266e-12
-6.139089236967266e-12
-6.139089236967266e-12
-6.139089236967266e-12
-6.139089236967266e-12
-6.139089236967266e-12
-6.139089236967266e-12
-6.139089236967266e-12
-6.139089236967266e-12
-6.139089236967266e-12
-6.139089236967266e-12
-6.139089236967266e-12
-6.139089236967266e-12
-6.139089236967266e-12
-6.139089236967266e-12
-6.139089236967266e-12
-6.139089236967266e-12
-6.139089236967266e-12
-6.139089236967266e-12
-6.139089236967266e-12
-6.139089236967266e-12
-6.139089236967266e-12
-6.139089236967266e-12
-6.139089236967266e-12
-6.139089236967266e-12
-6.139089236967266e-12
-6.139089236967266e-12
-6.139089236967266e-12
-6.139089236967266e-12
-6.139089236967266e-12
-6.139089236967266e-12
-6.139089236967266e-12
-6.139089236967266e-12
-6.139089236967266e-12
-6.139089236967266e-12
-6.139089236967266e-12
-6.139089236967266e-12
-6.139089236967266e-12
-6.139089236967266e-12
-6.139089236967266e-12
-6.139089236967266e-12
-6.139089236967266e-12
-6.139089236967266e-12
-6.139089236967266e-12
-6.139089236967266e-12
-6.139089236967266e-12
-6.139089236967266e-12
-6.139089236967266e-12
-6.139089236967266e-12
-6.139089236967266e-12
-6.139089236967266e-12
-6.139089236967266e-12
-6.139089236967266e-12
-6.139089236967266e-12
-6.139089236967266e-12
-6.139089236967266e-12
-6.139089236967266e-12
-6.139089236967266e-12
-6.139089236967266e-12
-6.139089236967266e-12
-6.139089236967266e-12
-6.139089236967266e-12
-6.139089236967266e-12
-6.139089236967266e-12
-6.139089236967266e-12
-6.139089236967266e-12
-6.139089236967266e-12
-6.139089236967266e-12
-6.139089236967266e-12
-6.139089236967266e-12
-6.139089236967266e-12
-6.139089236967266e-12
-6.139089236967266e-12
-6.139089236967266e-12
-6.139089236967266e-12
-6.139089236967266e-12
-6.139089236967266e-12
-6.139089236967266e-12
-6.139089236967266e-12
-6.139089236967266e-12
-6.139089236967266e-12
-6.139089236967266e-12
-6.139089236967266e-12
-6.139089236967266e-12
-6.139089236967266e-12
-6.139089236967266e-12
-6.139089236967266e-12
-6.139089236967266e-12
-6.139089236967266e-12
-6.139089236967266e-12
-6.139089236967266e-12
-6.139089236967266e-12
-6.139089236967266e-12
-6.139089236967266e-12
-6.139089236967266e-12
-6.139089236967266e-12
-6.139089236967266e-12
-6.139089236967266e-12
-6.139089236967266e-12
-6.139089236967266e-12
-6.139089236967266e-12
-6.139089236967266e-12
-6.139089236967266e-12
-6.139089236967266e-12
-6.139089236967266e-12
-6.139089236967266e-12
-6.139089236967266e-12
-6.139089236967266e-12
-6.139089236967266e-12
-6.139089236967266e-12
-6.139089236967266e-12
-6.139089236967266e-12
-6.139089236967266e-12
-6.139089236967266e-12
-6.139089236967266e-12
-6.139089236967266e-12
-6.139089236967266e-12
-6.139089236967266e-12
-6.139089236967266e-12
-6.139089236967266e-12
-6.139089236967266e-12
-6.139089236967266e-12
-6.139089236967266e-12
-6.139089236967266e-12
-6.139089236967266e-12
-6.139089236967266e-12
-6.139089236967266e-12
-6.139089236967266e-12
-6.139089236967266e-12
-6.139089236967266e-12
-6.139089236967266e-12
-6.139089236967266e-12
-6.139089236967266e-12
-6.139089236967266e-12
-6.139089236967266e-12
-6.139089236967266e-12
-6.139089236967266e-12
-6.139089236967266e-12
-6.139089236967266e-12
-6.139089236967266e-12
-6.139089236967266e-12
-6.139089236967266e-12
-6.139089236967266e-12
-6.139089236967266e-12
-6.139089236967266e-12
-6.139089236967266e-12
-6.139089236967266e-12
-6.139089236967266e-12
-6.139089236967266e-12
-6.139089236967266e-12
-6.139089236967266e-12
-6.139089236967266e-12
-6.139089236967266e-12
-6.139089236967266e-12
-6.139089236967266e-12
-6.139089236967266e-12
-6.139089236967266e-12
-6.139089236967266e-12
-6.139089236967266e-12
-6.139089236967266e-12
-6.139089236967266e-12
-6.139089236967266e-12
-6.139089236967266e-12
-6.139089236967266e-12
-6.139089236967266e-12
-6.139089236967266e-12
-6.139089236967266e-12
-6.139089236967266e-12
-6.139089236967266e-12
-6.139089236967266e-12
-6.139089236967266e-12
-6.139089236967266e-12
-6.139089236967266e-12
-6.139089236967266e-12
-6.139089236967266e-12
-6.139089236967266e-12
-6.139089236967266e-12
-6.139089236967266e-12
-6.139089236967266e-12
-6.139089236967266e-12
-6.139089236967266e-12
-6.139089236967266e-12
-6.139089236967266e-12
-6.139089236967266e-12
-6.139089236967266e-12
-6.139089236967266e-12
-6.139089236967266e-12
-6.139089236967266e-12
-6.139089236967266e-12
-6.139089236967266e-12
-6.139089236967266e-12
-6.139089236967266e-12
-6.139089236967266e-12
-6.139089236967266e-12
-6.139089236967266e-12
-6.139089236967266e-12
-6.139089236967266e-12
-6.139089236967266e-12
-6.139089236967266e-12
-6.139089236967266e-12
-6.139089236967266e-12
-6.139089236967266e-12
-6.139089236967266e-12
-6.139089236967266e-12
-6.139089236967266e-12
-6.139089236967266e-12
-6.139089236967266e-12
-6.139089236967266e-12
-6.139089236967266e-12
-6.139089236967266e-12
-6.139089236967266e-12
-6.139089236967266e-12
-6.139089236967266e-12
-6.139089236967266e-12
-6.139089236967266e-12
-6.139089236967266e-12
-6.139089236967266e-12
-6.139089236967266e-12
-6.139089236967266e-12
-6.139089236967266e-12
-6.139089236967266e-12
-6.139089236967266e-12
-6.139089236967266e-12
-6.139089236967266e-12
-6.139089236967266e-12
-6.139089236967266e-12
-6.139089236967266e-12
-6.139089236967266e-12
-6.139089236967266e-12
-6.139089236967266e-12
-6.139089236967266e-12
-6.139089236967266e-12
-6.139089236967266e-12
-6.139089236967266e-12
-6.139089236967266e-12
-6.139089236967266e-12
-6.139089236967266e-12
-6.139089236967266e-12
-6.139089236967266e-12
-6.139089236967266e-12
-6.139089236967266e-12
-6.139089236967266e-12
-6.139089236967266e-12
-6.139089236967266e-12
-6.139089236967266e-12
-6.139089236967266e-12
-6.139089236967266e-12
-6.139089236967266e-12
-6.139089236967266e-12
-6.139089236967266e-12
-6.139089236967266e-12
-6.139089236967266e-12
-6.139089236967266e-12
-6.139089236967266e-12
-6.139089236967266e-12
-6.139089236967266e-12
-6.139089236967266e-12
-6.139089236967266e-12
-6.139089236967266e-12
-6.139089236967266e-12
-6.139089236967266e-12
-6.139089236967266e-12
-6.139089236967266e-12
-6.139089236967266e-12
-6.139089236967266e-12
-6.139089236967266e-12
-6.139089236967266e-12
-6.139089236967266e-12
-6.139089236967266e-12
-6.139089236967266e-12
-6.139089236967266e-12
-6.139089236967266e-12
-6.139089236967266e-12
-6.139089236967266e-12
-6.139089236967266e-12
-6.139089236967266e-12
-6.139089236967266e-12
-6.139089236967266e-12
-6.139089236967266e-12
-6.139089236967266e-12
-6.139089236967266e-12
-6.139089236967266e-12
-6.139089236967266e-12
-6.139089236967266e-12
-6.139089236967266e-12
-6.139089236967266e-12
-6.139089236967266e-12
-6.139089236967266e-12
-6.139089236967266e-12
-6.139089236967266e-12
-6.139089236967266e-12
-6.139089236967266e-12
-6.139089236967266e-12
-6.139089236967266e-12
-6.139089236967266e-12
-6.139089236967266e-12
-6.139089236967266e-12
-6.139089236967266e-12
-6.139089236967266e-12
-6.139089236967266e-12
-6.139089236967266e-12
-6.139089236967266e-12
-6.139089236967266e-12
-6.139089236967266e-12
-6.139089236967266e-12
-6.139089236967266e-12
-6.139089236967266e-12
-6.139089236967266e-12
-6.139089236967266e-12
-6.139089236967266e-12
-6.139089236967266e-12
-6.139089236967266e-12
-6.139089236967266e-12
-6.139089236967266e-12
-6.139089236967266e-12
-6.139089236967266e-12
-6.139089236967266e-12
-6.139089236967266e-12
-6.139089236967266e-12
-6.139089236967266e-12
-6.139089236967266e-12
-6.139089236967266e-12
-6.139089236967266e-12
-6.139089236967266e-12
-6.139089236967266e-12
-6.139089236967266e-12
-6.139089236967266e-12
-6.139089236967266e-12
-6.139089236967266e-12
-6.139089236967266e-12
-6.139089236967266e-12
-6.139089236967266e-12
-6.139089236967266e-12
-6.139089236967266e-12
-6.139089236967266e-12
-6.139089236967266e-12
-6.139089236967266e-12
-6.139089236967266e-12
-6.139089236967266e-12
-6.139089236967266e-12
-6.139089236967266e-12
-6.139089236967266e-12
-6.139089236967266e-12
-6.139089236967266e-12
-6.139089236967266e-12
-6.139089236967266e-12
-6.139089236967266e-12
-6.139089236967266e-12
-6.139089236967266e-12
-6.139089236967266e-12
-6.139089236967266e-12
-6.139089236967266e-12
-6.139089236967266e-12
-6.139089236967266e-12
-6.139089236967266e-12
-6.139089236967266e-12
-6.139089236967266e-12
-6.139089236967266e-12
-6.139089236967266e-12
-6.139089236967266e-12
-6.139089236967266e-12
-6.139089236967266e-12
-6.139089236967266e-12
-6.139089236967266e-12
-6.139089236967266e-12
-6.139089236967266e-12
-6.139089236967266e-12
-6.139089236967266e-12
-6.139089236967266e-12
-6.139089236967266e-12
-6.139089236967266e-12
-6.139089236967266e-12
-6.139089236967266e-12
-6.139089236967266e-12
-6.139089236967266e-12
-6.139089236967266e-12
-6.139089236967266e-12
-6.139089236967266e-12
-6.139089236967266e-12
-6.139089236967266e-12
-6.139089236967266e-12
-6.139089236967266e-12
-6.139089236967266e-12
-6.139089236967266e-12
-6.139089236967266e-12
-6.139089236967266e-12
-6.139089236967266e-12
-6.139089236967266e-12
-6.139089236967266e-12
-6.139089236967266e-12
-6.139089236967266e-12
-6.139089236967266e-12
-6.139089236967266e-12
-6.139089236967266e-12
-6.139089236967266e-12
-6.139089236967266e-12
-6.139089236967266e-12
-6.139089236967266e-12
-6.139089236967266e-12
-6.139089236967266e-12
-6.139089236967266e-12
-6.139089236967266e-12
-6.139089236967266e-12
-6.139089236967266e-12
-6.139089236967266e-12
-6.139089236967266e-12
-6.139089236967266e-12
-6.139089236967266e-12
-6.139089236967266e-12
-6.139089236967266e-12
-6.139089236967266e-12
-6.139089236967266e-12
-6.139089236967266e-12
-6.139089236967266e-12
-6.139089236967266e-12
-6.139089236967266e-12
-6.139089236967266e-12
-6.139089236967266e-12
-6.139089236967266e-12
-6.139089236967266e-12
-6.139089236967266e-12
-6.139089236967266e-12
-6.139089236967266e-12
-6.139089236967266e-12
-6.139089236967266e-12
-6.139089236967266e-12
-6.139089236967266e-12
-6.139089236967266e-12
-6.139089236967266e-12
-6.139089236967266e-12
-6.139089236967266e-12
-6.139089236967266e-12
-6.139089236967266e-12
-6.139089236967266e-12
-6.139089236967266e-12
-6.139089236967266e-12
-6.139089236967266e-12
-6.139089236967266e-12
-6.139089236967266e-12
-6.139089236967266e-12
-6.139089236967266e-12
-6.139089236967266e-12
-6.139089236967266e-12
-6.139089236967266e-12
-6.139089236967266e-12
-6.139089236967266e-12
-6.139089236967266e-12
-6.139089236967266e-12
-6.139089236967266e-12
-6.139089236967266e-12
-6.139089236967266e-12
-6.139089236967266e-12
-6.139089236967266e-12
-6.139089236967266e-12
-6.139089236967266e-12
-6.139089236967266e-12
-6.139089236967266e-12
-6.139089236967266e-12
-6.139089236967266e-12
-6.139089236967266e-12
-6.139089236967266e-12
-6.139089236967266e-12
-6.139089236967266e-12
-6.139089236967266e-12
-6.139089236967266e-12
-6.139089236967266e-12
-6.139089236967266e-12
-6.139089236967266e-12
-6.139089236967266e-12
-6.139089236967266e-12
-6.139089236967266e-12
-6.139089236967266e-12
-6.139089236967266e-12
-6.139089236967266e-12
-6.139089236967266e-12
-6.139089236967266e-12
-6.139089236967266e-12
-6.139089236967266e-12
-6.139089236967266e-12
-6.139089236967266e-12
-6.139089236967266e-12
-6.139089236967266e-12
-6.139089236967266e-12
-6.139089236967266e-12
-6.139089236967266e-12
-6.139089236967266e-12
-6.139089236967266e-12
-6.139089236967266e-12
-6.139089236967266e-12
-6.139089236967266e-12
-6.139089236967266e-12
-6.139089236967266e-12
-6.139089236967266e-12
-6.139089236967266e-12
-6.139089236967266e-12
-6.139089236967266e-12
-6.139089236967266e-12
-6.139089236967266e-12
-6.139089236967266e-12
-6.139089236967266e-12
-6.139089236967266e-12
-6.139089236967266e-12
-6.139089236967266e-12
-6.139089236967266e-12
-6.139089236967266e-12
-6.139089236967266e-12
-6.139089236967266e-12
-6.139089236967266e-12
-6.139089236967266e-12
-6.139089236967266e-12
-6.139089236967266e-12
-6.139089236967266e-12
-6.139089236967266e-12
-6.139089236967266e-12
-6.139089236967266e-12
-6.139089236967266e-12
-6.139089236967266e-12
-6.139089236967266e-12
-6.139089236967266e-12
-6.139089236967266e-12
-6.139089236967266e-12
-6.139089236967266e-12
-6.139089236967266e-12
-6.139089236967266e-12
-6.139089236967266e-12
-6.139089236967266e-12
-6.139089236967266e-12
-6.139089236967266e-12
-6.139089236967266e-12
-6.139089236967266e-12
-6.139089236967266e-12
-6.139089236967266e-12
-6.139089236967266e-12
-6.139089236967266e-12
-6.139089236967266e-12
-6.139089236967266e-12
-6.139089236967266e-12
-6.139089236967266e-12
-6.139089236967266e-12
-6.139089236967266e-12
-6.139089236967266e-12
-6.139089236967266e-12
-6.139089236967266e-12
-6.139089236967266e-12
-6.139089236967266e-12
-6.139089236967266e-12
-6.139089236967266e-12
-6.139089236967266e-12
-6.139089236967266e-12
-6.139089236967266e-12
-6.139089236967266e-12
-6.139089236967266e-12
-6.139089236967266e-12
-6.139089236967266e-12
-6.139089236967266e-12
-6.139089236967266e-12
-6.139089236967266e-12
-6.139089236967266e-12
-6.139089236967266e-12
-6.139089236967266e-12
-6.139089236967266e-12
-6.139089236967266e-12
-6.139089236967266e-12
-6.139089236967266e-12
-6.139089236967266e-12
-6.139089236967266e-12
-6.139089236967266e-12
-6.139089236967266e-12
-6.139089236967266e-12
-6.139089236967266e-12
-6.139089236967266e-12
-6.139089236967266e-12
-6.139089236967266e-12
-6.139089236967266e-12
-6.139089236967266e-12
-6.139089236967266e-12
-6.139089236967266e-12
-6.139089236967266e-12
-6.139089236967266e-12
-6.139089236967266e-12
-6.139089236967266e-12
-6.139089236967266e-12
-6.139089236967266e-12
-6.139089236967266e-12
-6.139089236967266e-12
-6.139089236967266e-12
-6.139089236967266e-12
-6.139089236967266e-12
-6.139089236967266e-12
-6.139089236967266e-12
-6.139089236967266e-12
-6.139089236967266e-12
-6.139089236967266e-12
-6.139089236967266e-12
-6.139089236967266e-12
-6.139089236967266e-12
-6.139089236967266e-12
-6.139089236967266e-12
-6.139089236967266e-12
-6.139089236967266e-12
-6.139089236967266e-12
-6.139089236967266e-12
-6.139089236967266e-12
-6.139089236967266e-12
-6.139089236967266e-12
-6.139089236967266e-12
-6.139089236967266e-12
-6.139089236967266e-12
-6.139089236967266e-12
-6.139089236967266e-12
-6.139089236967266e-12
-6.139089236967266e-12
-6.139089236967266e-12
-6.139089236967266e-12
-6.139089236967266e-12
-6.139089236967266e-12
-6.139089236967266e-12
-6.139089236967266e-12
-6.139089236967266e-12
-6.139089236967266e-12
-6.139089236967266e-12
