108.97995317810478
32.301562968106964
13.092925758265551
6.068847791953232
3.019408462360616
1.5828043046775235
0.8572528868422182
0.4782586084454863
0.2721196990787291
0.15792273893475794
0.09289813335669805
0.05545725676088864
0.0334426196938864
0.02039679563230834
0.012537187541937556
0.007778033831357334
0.0048576880861617155
0.003058341919540908
0.0019356002888741841
0.0012332731344599779
0.000789452537702573
0.000508039125435289
0.0003284685777771301
0.00021337653672048873
0.0001392212872701748
9.121255439481502e-05
5.999311690629838e-05
3.960555017101797e-05
2.623843914761892e-05
1.7440421231640357e-05
1.1629777986854606e-05
7.77852272904056e-06
5.82925679282198e-06
3.895276535104131e-06
2.610075057418726e-06
1.7531639571188862e-06
1.1802892743162374e-06
7.963563461999001e-07
5.384643770867115e-07
3.648429185432178e-07
2.4768644379946636e-07
1.6847471329128894e-07
1.1480835837573977e-07
7.837792281861766e-08
5.359848387342936e-08
3.6713572626467794e-08
2.518854103072954e-08
1.730748522277281e-08
1.1907729913218645e-08
8.20631385067827e-09
5.659416046910337e-09
3.913413593181758e-09
2.7089299692306668e-09
1.8774528598441975e-09
1.3018279787502252e-09
9.04975649973494e-10
6.282618869590806e-10
4.3738168642448727e-10
3.056470632145647e-10
2.142428456863854e-10
1.5066348169057164e-10
1.007265382213518e-10
7.062794793455396e-11
5.050537765782792e-11
3.282707439211663e-11
2.3874235921539366e-11
1.3557155398302712e-11
1.014655026665423e-11
6.224354365258478e-12
5.258016244624741e-12
5.087485988042317e-12
2.0463630789890885e-12
6.508571459562518e-12
-2.2737367544323206e-13
6.139089236967266e-12
2.7284841053187847e-12
-3.694822225952521e-13
1.8189894035458565e-12
-3.126388037344441e-12
-1.9326762412674725e-12
1.7621459846850485e-12
6.821210263296962e-13
1.1368683772161603e-13
1.4210854715202004e-13
-1.9895196601282805e-12
0.0
-3.410605131648481e-13
-1.1084466677857563e-12
3.609557097661309e-12
2.0179413695586845e-12
-2.8421709430404007e-13
-2.2737367544323206e-13
-8.526512829121202e-13
-7.673861546209082e-13
-1.1368683772161603e-13
1.5063505998114124e-12
0.0
-1.1368683772161603e-12
-1.3358203432289883e-12
-1.1652900866465643e-12
6.252776074688882e-13
-2.4158453015843406e-12
1.1084466677857563e-12
-3.979039320256561e-13
-5.684341886080802e-14
-2.5579538487363607e-12
-2.2737367544323206e-12
3.097966327914037e-12
-1.9326762412674725e-12
-3.382183422218077e-12
-3.723243935382925e-12
-2.5011104298755527e-12
-2.7853275241795927e-12
-4.263256414560601e-13
2.6147972675971687e-12
1.6200374375330284e-12
1.7053025658242404e-13
1.1937117960769683e-12
-1.4210854715202004e-12
2.5579538487363607e-13
2.4726887204451486e-12
-3.694822225952521e-13
8.810729923425242e-13
-7.673861546209082e-13
3.097966327914037e-12
2.2453150450019166e-12
8.242295734817162e-13
-2.1316282072803006e-12
-1.5631940186722204e-12
1.9610979506978765e-12
3.581135388230905e-12
2.2737367544323206e-12
2.6432189770275727e-12
-3.410605131648481e-13
2.5863755581667647e-12
-1.7621459846850485e-12
-7.673861546209082e-13
-8.810729923425242e-13
-1.9895196601282805e-12
-9.379164112033322e-13
-6.536993168992922e-13
1.1368683772161603e-13
1.7053025658242404e-12
1.8758328224066645e-12
1.7905676941154525e-12
1.7905676941154525e-12
-1.7053025658242404e-13
-1.9895196601282805e-12
2.1032064978498966e-12
7.673861546209082e-13
-3.126388037344441e-13
-8.526512829121202e-14
-3.979039320256561e-13
1.3926637620897964e-12
3.922195901395753e-12
1.4779288903810084e-12
2.4158453015843406e-12
3.836930773104541e-12
3.126388037344441e-12
2.7853275241795927e-12
2.6147972675971687e-12
2.7000623958883807e-12
2.6716406864579767e-12
1.3358203432289883e-12
2.0463630789890885e-12
2.6147972675971687e-12
2.7284841053187847e-12
3.325340003357269e-12
2.1884716261411086e-12
2.3874235921539366e-12
2.7284841053187847e-12
2.3874235921539366e-12
2.1316282072803006e-12
3.0127011996228248e-12
1.2221335055073723e-12
1.3642420526593924e-12
1.7621459846850485e-12
2.3590018827235326e-12
1.7337242752546445e-12
1.9042545318370685e-12
2.0179413695586845e-12
1.9326762412674725e-12
2.0747847884194925e-12
1.9610979506978765e-12
1.4210854715202004e-12
1.4495071809506044e-12
9.379164112033322e-13
1.6768808563938364e-12
1.9042545318370685e-12
1.8189894035458565e-12
1.6768808563938364e-12
1.6484591469634324e-12
1.8189894035458565e-12
1.7905676941154525e-12
1.7905676941154525e-12
1.8474111129762605e-12
1.8758328224066645e-12
2.1032064978498966e-12
1.6768808563938364e-12
1.7053025658242404e-12
1.4779288903810084e-12
1.5631940186722204e-12
1.6484591469634324e-12
1.7621459846850485e-12
1.7905676941154525e-12
1.7053025658242404e-12
1.8474111129762605e-12
1.7337242752546445e-12
1.9042545318370685e-12
