16.42761059641498
9.504725873504754
6.173694074414016
4.304391346330817
3.127914897399478
2.3292414309360083
1.7610096489860325
1.3452013588278078
1.0354205052211682
0.8017660959978912
0.6239730381596473
0.4876921503284848
0.3826062105076744
0.3011854472332516
0.23784345190961176
0.18835241523902368
0.14954958151906794
0.11903339046307337
0.09496234907305734
0.07592476432830608
0.06082988276921242
0.048828142474121705
0.03926716101841521
0.03163436876832293
0.02552763496123589
0.020632954951906868
0.01670189284322987
0.01353969522619991
0.010991896386826738
0.008936048685313835
0.007274608918692138
0.00592956916887033
0.004839206259021012
0.003953771166266051
0.0032338928882609252
0.0026479212041294886
0.0021703530965169193
0.0017806841312903998
0.0014624025731109214
0.001202173530032269
0.0009891887389130716
0.0008147003914018569
0.0006715786224731346
0.0005540541895925344
0.0004574631816467445
0.0003780141802280923
0.0003126133766500061
0.0002587198177934624
0.00021426944408631243
0.00017757880357294198
0.00014727601615049934
0.00012222614043366775
0.00010150251705454139
8.434849416971701e-05
7.013648996689881e-05
5.8354099678581406e-05
4.857992166762415e-05
4.04662653181731e-05
3.372670346379891e-05
2.8124911182203505e-05
2.3465967842639657e-05
1.958890288733528e-05
1.6360624840672244e-05
1.3670937846654851e-05
1.1428905509092147e-05
9.55946620706527e-06
7.999620038390276e-06
6.697348794659774e-06
5.609739105238987e-06
4.700837507698452e-06
3.940925921597227e-06
3.3052534718081006e-06
2.773259780042281e-06
2.3278612388821784e-06
1.9547835563571425e-06
1.6421406598965405e-06
1.3800264468954992e-06
1.1601987353060395e-06
9.757508223628975e-07
8.209251518564997e-07
6.909093599460903e-07
5.816880275233416e-07
4.899022769677686e-07
4.127374495510594e-07
3.4784488889272325e-07
2.932496272478602e-07
2.473033191563445e-07
2.0862239580310415e-07
1.760433860908961e-07
1.4859961083857343e-07
1.254682047147071e-07
1.0597148047963856e-07
8.952906682679895e-08
7.565859050373547e-08
6.395760010491358e-08
5.4078668654256035e-08
4.5739398046862334e-08
3.869422471325379e-08
3.27432871927158e-08
2.7717419470718596e-08
2.346655492146965e-08
1.9871890799549874e-08
1.683542905084323e-08
1.4262468539527617e-08
1.2088548828614876e-08
1.0245230441796593e-08
8.688630259712227e-09
7.368271326413378e-09
6.250047590583563e-09
5.303036232362501e-09
4.4988155423197895e-09
3.821128302661236e-09
3.243030732846819e-09
2.753608896455262e-09
2.337856130907312e-09
1.9856543076457456e-09
1.6880221664905548e-09
1.4355236999108456e-09
1.220769263454713e-09
1.0378471415606327e-09
8.798224371275865e-10
7.497646947740577e-10
6.363052307278849e-10
5.441052053356543e-10
4.623643690138124e-10
3.9483438740717247e-10
3.3446667657699436e-10
2.844444679794833e-10
2.438582669128664e-10
2.041815605480224e-10
1.7564616427989677e-10
1.5074874681886286e-10
1.2789769243681803e-10
1.0982148523908108e-10
9.322320693172514e-11
7.810285751475021e-11
6.650680006714538e-11
5.707079253625125e-11
5.0249582272954285e-11
4.263256414560601e-11
3.717559593496844e-11
3.069544618483633e-11
2.6261659513693303e-11
2.2509993868879974e-11
1.9099388737231493e-11
1.6370904631912708e-11
1.2732925824820995e-11
1.3415046851150692e-11
9.890754881780595e-12
9.322320693172514e-12
7.958078640513122e-12
6.934897101018578e-12
5.229594535194337e-12
3.637978807091713e-12
3.296918293926865e-12
5.002220859751105e-12
3.410605131648481e-12
1.9326762412674725e-12
2.0463630789890885e-12
2.1600499167107046e-12
1.0231815394945443e-12
2.0463630789890885e-12
-9.094947017729282e-13
0.0
3.410605131648481e-13
1.9326762412674725e-12
1.2505552149377763e-12
4.547473508864641e-13
-1.1368683772161603e-12
-9.094947017729282e-13
1.8189894035458565e-12
9.094947017729282e-13
1.1368683772161603e-13
1.8189894035458565e-12
-1.1368683772161603e-12
-3.410605131648481e-13
-1.1368683772161603e-13
2.2737367544323206e-13
4.547473508864641e-13
1.1368683772161603e-12
-9.094947017729282e-13
-2.2737367544323206e-13
-5.684341886080801e-13
9.094947017729282e-13
-1.4779288903810084e-12
2.2737367544323206e-13
1.0231815394945443e-12
-9.094947017729282e-13
-2.1600499167107046e-12
1.2505552149377763e-12
-2.5011104298755527e-12
-1.1368683772161603e-12
-4.547473508864641e-13
-3.410605131648481e-13
-2.2737367544323206e-13
0.0
2.7284841053187847e-12
0.0
-1.1368683772161603e-13
-9.094947017729282e-13
-1.4779288903810084e-12
1.3642420526593924e-12
-1.9326762412674725e-12
1.8189894035458565e-12
1.9326762412674725e-12
-4.547473508864641e-13
6.821210263296962e-13
6.821210263296962e-13
-1.1368683772161603e-12
1.4779288903810084e-12
1.5916157281026244e-12
-3.410605131648481e-13
-7.958078640513122e-13
1.8189894035458565e-12
1.8189894035458565e-12
1.1368683772161603e-12
-1.0231815394945443e-12
0.0
1.5916157281026244e-12
1.1368683772161603e-12
2.2737367544323206e-13
-5.684341886080801e-13
0.0
-6.821210263296962e-13
1.5916157281026244e-12
6.821210263296962e-13
-4.547473508864641e-13
-9.094947017729282e-13
3.410605131648481e-13
-3.410605131648481e-13
9.094947017729282e-13
-5.684341886080801e-13
-2.2737367544323206e-13
-1.8189894035458565e-12
-7.958078640513122e-13
-2.2737367544323206e-13
-2.2737367544323206e-13
1.5916157281026244e-12
-1.1368683772161603e-13
-2.3874235921539366e-12
-1.2505552149377763e-12
-1.8189894035458565e-12
2.2737367544323206e-13
7.958078640513122e-13
7.958078640513122e-13
4.547473508864641e-13
-6.821210263296962e-13
-3.410605131648481e-13
0.0
1.1368683772161603e-12
2.2737367544323206e-13
1.9326762412674725e-12
9.094947017729282e-13
1.3642420526593924e-12
1.0231815394945443e-12
0.0
1.1368683772161603e-12
2.7284841053187847e-12
7.958078640513122e-13
7.958078640513122e-13
9.094947017729282e-13
7.958078640513122e-13
-3.410605131648481e-13
-1.1368683772161603e-13
-9.094947017729282e-13
-4.547473508864641e-13
-6.821210263296962e-13
-1.9326762412674725e-12
-2.2737367544323206e-13
0.0
7.958078640513122e-13
-1.3642420526593924e-12
-1.3642420526593924e-12
-1.7053025658242404e-12
-1.2505552149377763e-12
-1.7053025658242404e-12
-1.8189894035458565e-12
2.2737367544323206e-13
2.2737367544323206e-13
-2.5011104298755527e-12
-2.8421709430404007e-12
-5.684341886080801e-13
3.410605131648481e-13
-4.547473508864641e-13
-9.094947017729282e-13
-1.8189894035458565e-12
-1.4779288903810084e-12
-6.821210263296962e-13
-1.3642420526593924e-12
-4.547473508864641e-13
-2.2737367544323206e-13
-6.821210263296962e-13
-1.0231815394945443e-12
-2.2737367544323206e-13
-4.547473508864641e-13
-1.0231815394945443e-12
-1.3642420526593924e-12
-7.958078640513122e-13
0.0
-6.821210263296962e-13
-9.094947017729282e-13
-1.3642420526593924e-12
-6.821210263296962e-13
-4.547473508864641e-13
-4.547473508864641e-13
-4.547473508864641e-13
1.1368683772161603e-13
5.684341886080801e-13
4.547473508864641e-13
5.684341886080801e-13
-1.1368683772161603e-13
-1.1368683772161603e-13
3.410605131648481e-13
4.547473508864641e-13
3.410605131648481e-13
0.0
-2.2737367544323206e-13
0.0
3.410605131648481e-13
4.547473508864641e-13
2.2737367544323206e-13
0.0
2.2737367544323206e-13
3.410605131648481e-13
3.410605131648481e-13
6.821210263296962e-13
7.958078640513122e-13
6.821210263296962e-13
9.094947017729282e-13
1.1368683772161603e-12
1.2505552149377763e-12
1.2505552149377763e-12
1.2505552149377763e-12
1.4779288903810084e-12
1.3642420526593924e-12
1.3642420526593924e-12
1.4779288903810084e-12
1.3642420526593924e-12
1.1368683772161603e-12
1.3642420526593924e-12
1.2505552149377763e-12
1.3642420526593924e-12
1.3642420526593924e-12
1.0231815394945443e-12
1.2505552149377763e-12
1.3642420526593924e-12
1.3642420526593924e-12
1.2505552149377763e-12
1.3642420526593924e-12
9.094947017729282e-13
1.0231815394945443e-12
1.0231815394945443e-12
1.2505552149377763e-12
1.1368683772161603e-12
1.2505552149377763e-12
1.1368683772161603e-12
1.1368683772161603e-12
1.1368683772161603e-12
1.2505552149377763e-12
1.2505552149377763e-12
1.3642420526593924e-12
1.3642420526593924e-12
1.1368683772161603e-12
1.2505552149377763e-12
1.2505552149377763e-12
1.3642420526593924e-12
1.3642420526593924e-12
1.1368683772161603e-12
1.2505552149377763e-12
1.2505552149377763e-12
1.1368683772161603e-12
1.1368683772161603e-12
1.0231815394945443e-12
1.1368683772161603e-12
1.0231815394945443e-12
1.0231815394945443e-12
1.1368683772161603e-12
1.0231815394945443e-12
1.1368683772161603e-12
1.1368683772161603e-12
9.094947017729282e-13
1.0231815394945443e-12
1.0231815394945443e-12
9.094947017729282e-13
9.094947017729282e-13
1.0231815394945443e-12
1.0231815394945443e-12
9.094947017729282e-13
1.0231815394945443e-12
9.094947017729282e-13
9.094947017729282e-13
9.094947017729282e-13
9.094947017729282e-13
9.094947017729282e-13
9.094947017729282e-13
9.094947017729282e-13
9.094947017729282e-13
9.094947017729282e-13
1.0231815394945443e-12
1.0231815394945443e-12
1.0231815394945443e-12
1.0231815394945443e-12
1.0231815394945443e-12
1.0231815394945443e-12
1.0231815394945443e-12
1.0231815394945443e-12
1.0231815394945443e-12
1.0231815394945443e-12
1.0231815394945443e-12
1.0231815394945443e-12
1.0231815394945443e-12
1.0231815394945443e-12
1.0231815394945443e-12
1.0231815394945443e-12
1.0231815394945443e-12
1.0231815394945443e-12
1.0231815394945443e-12
1.0231815394945443e-12
1.0231815394945443e-12
1.0231815394945443e-12
1.0231815394945443e-12
1.0231815394945443e-12
1.0231815394945443e-12
1.0231815394945443e-12
1.0231815394945443e-12
1.0231815394945443e-12
9.094947017729282e-13
9.094947017729282e-13
9.094947017729282e-13
9.094947017729282e-13
9.094947017729282e-13
9.094947017729282e-13
9.094947017729282e-13
9.094947017729282e-13
9.094947017729282e-13
9.094947017729282e-13
9.094947017729282e-13
9.094947017729282e-13
9.094947017729282e-13
9.094947017729282e-13
9.094947017729282e-13
9.094947017729282e-13
9.094947017729282e-13
9.094947017729282e-13
9.094947017729282e-13
9.094947017729282e-13
9.094947017729282e-13
9.094947017729282e-13
9.094947017729282e-13
9.094947017729282e-13
9.094947017729282e-13
9.094947017729282e-13
9.094947017729282e-13
9.094947017729282e-13
9.094947017729282e-13
9.094947017729282e-13
9.094947017729282e-13
9.094947017729282e-13
9.094947017729282e-13
9.094947017729282e-13
9.094947017729282e-13
9.094947017729282e-13
9.094947017729282e-13
9.094947017729282e-13
9.094947017729282e-13
9.094947017729282e-13
9.094947017729282e-13
9.094947017729282e-13
9.094947017729282e-13
9.094947017729282e-13
9.094947017729282e-13
9.094947017729282e-13
9.094947017729282e-13
9.094947017729282e-13
9.094947017729282e-13
9.094947017729282e-13
9.094947017729282e-13
9.094947017729282e-13
9.094947017729282e-13
9.094947017729282e-13
9.094947017729282e-13
9.094947017729282e-13
9.094947017729282e-13
9.094947017729282e-13
9.094947017729282e-13
9.094947017729282e-13
9.094947017729282e-13
9.094947017729282e-13
9.094947017729282e-13
9.094947017729282e-13
9.094947017729282e-13
9.094947017729282e-13
9.094947017729282e-13
9.094947017729282e-13
9.094947017729282e-13
9.094947017729282e-13
9.094947017729282e-13
9.094947017729282e-13
9.094947017729282e-13
9.094947017729282e-13
9.094947017729282e-13
9.094947017729282e-13
9.094947017729282e-13
9.094947017729282e-13
9.094947017729282e-13
9.094947017729282e-13
9.094947017729282e-13
9.094947017729282e-13
9.094947017729282e-13
9.094947017729282e-13
9.094947017729282e-13
9.094947017729282e-13
9.094947017729282e-13
9.094947017729282e-13
9.094947017729282e-13
9.094947017729282e-13
9.094947017729282e-13
9.094947017729282e-13
9.094947017729282e-13
9.094947017729282e-13
9.094947017729282e-13
9.094947017729282e-13
9.094947017729282e-13
9.094947017729282e-13
9.094947017729282e-13
9.094947017729282e-13
9.094947017729282e-13
9.094947017729282e-13
9.094947017729282e-13
9.094947017729282e-13
9.094947017729282e-13
9.094947017729282e-13
9.094947017729282e-13
9.094947017729282e-13
9.094947017729282e-13
9.094947017729282e-13
9.094947017729282e-13
9.094947017729282e-13
9.094947017729282e-13
9.094947017729282e-13
9.094947017729282e-13
9.094947017729282e-13
9.094947017729282e-13
9.094947017729282e-13
9.094947017729282e-13
9.094947017729282e-13
9.094947017729282e-13
9.094947017729282e-13
9.094947017729282e-13
9.094947017729282e-13
9.094947017729282e-13
9.094947017729282e-13
9.094947017729282e-13
9.094947017729282e-13
9.094947017729282e-13
9.094947017729282e-13
9.094947017729282e-13
9.094947017729282e-13
9.094947017729282e-13
9.094947017729282e-13
9.094947017729282e-13
9.094947017729282e-13
9.094947017729282e-13
9.094947017729282e-13
9.094947017729282e-13
9.094947017729282e-13
9.094947017729282e-13
9.094947017729282e-13
9.094947017729282e-13
9.094947017729282e-13
9.094947017729282e-13
9.094947017729282e-13
9.094947017729282e-13
9.094947017729282e-13
9.094947017729282e-13
9.094947017729282e-13
9.094947017729282e-13
9.094947017729282e-13
9.094947017729282e-13
9.094947017729282e-13
9.094947017729282e-13
9.094947017729282e-13
9.094947017729282e-13
9.094947017729282e-13
9.094947017729282e-13
9.094947017729282e-13
9.094947017729282e-13
9.094947017729282e-13
9.094947017729282e-13
9.094947017729282e-13
9.094947017729282e-13
9.094947017729282e-13
9.094947017729282e-13
9.094947017729282e-13
9.094947017729282e-13
9.094947017729282e-13
9.094947017729282e-13
9.094947017729282e-13
9.094947017729282e-13
9.094947017729282e-13
9.094947017729282e-13
9.094947017729282e-13
9.094947017729282e-13
9.094947017729282e-13
9.094947017729282e-13
9.094947017729282e-13
9.094947017729282e-13
9.094947017729282e-13
9.094947017729282e-13
9.094947017729282e-13
9.094947017729282e-13
9.094947017729282e-13
9.094947017729282e-13
9.094947017729282e-13
9.094947017729282e-13
9.094947017729282e-13
9.094947017729282e-13
9.094947017729282e-13
9.094947017729282e-13
9.094947017729282e-13
9.094947017729282e-13
9.094947017729282e-13
9.094947017729282e-13
9.094947017729282e-13
9.094947017729282e-13
9.094947017729282e-13
9.094947017729282e-13
9.094947017729282e-13
9.094947017729282e-13
9.094947017729282e-13
9.094947017729282e-13
9.094947017729282e-13
9.094947017729282e-13
9.094947017729282e-13
9.094947017729282e-13
9.094947017729282e-13
9.094947017729282e-13
9.094947017729282e-13
9.094947017729282e-13
9.094947017729282e-13
9.094947017729282e-13
9.094947017729282e-13
9.094947017729282e-13
9.094947017729282e-13
9.094947017729282e-13
9.094947017729282e-13
9.094947017729282e-13
9.094947017729282e-13
9.094947017729282e-13
9.094947017729282e-13
9.094947017729282e-13
9.094947017729282e-13
9.094947017729282e-13
9.094947017729282e-13
9.094947017729282e-13
9.094947017729282e-13
9.094947017729282e-13
9.094947017729282e-13
9.094947017729282e-13
9.094947017729282e-13
9.094947017729282e-13
9.094947017729282e-13
9.094947017729282e-13
9.094947017729282e-13
9.094947017729282e-13
9.094947017729282e-13
9.094947017729282e-13
9.094947017729282e-13
9.094947017729282e-13
9.094947017729282e-13
9.094947017729282e-13
9.094947017729282e-13
9.094947017729282e-13
9.094947017729282e-13
9.094947017729282e-13
9.094947017729282e-13
9.094947017729282e-13
9.094947017729282e-13
9.094947017729282e-13
9.094947017729282e-13
9.094947017729282e-13
9.094947017729282e-13
9.094947017729282e-13
9.094947017729282e-13
9.094947017729282e-13
9.094947017729282e-13
9.094947017729282e-13
9.094947017729282e-13
9.094947017729282e-13
9.094947017729282e-13
9.094947017729282e-13
9.094947017729282e-13
9.094947017729282e-13
9.094947017729282e-13
9.094947017729282e-13
9.094947017729282e-13
9.094947017729282e-13
9.094947017729282e-13
9.094947017729282e-13
9.094947017729282e-13
9.094947017729282e-13
9.094947017729282e-13
9.094947017729282e-13
9.094947017729282e-13
9.094947017729282e-13
9.094947017729282e-13
9.094947017729282e-13
9.094947017729282e-13
9.094947017729282e-13
9.094947017729282e-13
9.094947017729282e-13
9.094947017729282e-13
9.094947017729282e-13
9.094947017729282e-13
9.094947017729282e-13
9.094947017729282e-13
9.094947017729282e-13
9.094947017729282e-13
9.094947017729282e-13
9.094947017729282e-13
9.094947017729282e-13
9.094947017729282e-13
9.094947017729282e-13
9.094947017729282e-13
9.094947017729282e-13
9.094947017729282e-13
9.094947017729282e-13
9.094947017729282e-13
9.094947017729282e-13
9.094947017729282e-13
9.094947017729282e-13
9.094947017729282e-13
9.094947017729282e-13
9.094947017729282e-13
9.094947017729282e-13
9.094947017729282e-13
9.094947017729282e-13
9.094947017729282e-13
9.094947017729282e-13
9.094947017729282e-13
9.094947017729282e-13
9.094947017729282e-13
9.094947017729282e-13
9.094947017729282e-13
9.094947017729282e-13
9.094947017729282e-13
9.094947017729282e-13
9.094947017729282e-13
9.094947017729282e-13
9.094947017729282e-13
9.094947017729282e-13
9.094947017729282e-13
9.094947017729282e-13
9.094947017729282e-13
9.094947017729282e-13
9.094947017729282e-13
9.094947017729282e-13
9.094947017729282e-13
9.094947017729282e-13
9.094947017729282e-13
9.094947017729282e-13
9.094947017729282e-13
9.094947017729282e-13
9.094947017729282e-13
9.094947017729282e-13
9.094947017729282e-13
9.094947017729282e-13
9.094947017729282e-13
9.094947017729282e-13
9.094947017729282e-13
9.094947017729282e-13
9.094947017729282e-13
9.094947017729282e-13
9.094947017729282e-13
9.094947017729282e-13
9.094947017729282e-13
9.094947017729282e-13
9.094947017729282e-13
9.094947017729282e-13
9.094947017729282e-13
9.094947017729282e-13
9.094947017729282e-13
9.094947017729282e-13
9.094947017729282e-13
9.094947017729282e-13
9.094947017729282e-13
9.094947017729282e-13
9.094947017729282e-13
9.094947017729282e-13
9.094947017729282e-13
9.094947017729282e-13
9.094947017729282e-13
9.094947017729282e-13
9.094947017729282e-13
9.094947017729282e-13
9.094947017729282e-13
9.094947017729282e-13
9.094947017729282e-13
9.094947017729282e-13
9.094947017729282e-13
9.094947017729282e-13
9.094947017729282e-13
9.094947017729282e-13
9.094947017729282e-13
9.094947017729282e-13
9.094947017729282e-13
9.094947017729282e-13
9.094947017729282e-13
9.094947017729282e-13
9.094947017729282e-13
9.094947017729282e-13
9.094947017729282e-13
9.094947017729282e-13
9.094947017729282e-13
9.094947017729282e-13
9.094947017729282e-13
9.094947017729282e-13
9.094947017729282e-13
9.094947017729282e-13
9.094947017729282e-13
9.094947017729282e-13
9.094947017729282e-13
9.094947017729282e-13
9.094947017729282e-13
9.094947017729282e-13
9.094947017729282e-13
9.094947017729282e-13
9.094947017729282e-13
9.094947017729282e-13
9.094947017729282e-13
9.094947017729282e-13
9.094947017729282e-13
9.094947017729282e-13
9.094947017729282e-13
9.094947017729282e-13
9.094947017729282e-13
9.094947017729282e-13
9.094947017729282e-13
9.094947017729282e-13
9.094947017729282e-13
9.094947017729282e-13
9.094947017729282e-13
9.094947017729282e-13
9.094947017729282e-13
9.094947017729282e-13
9.094947017729282e-13
9.094947017729282e-13
9.094947017729282e-13
9.094947017729282e-13
9.094947017729282e-13
9.094947017729282e-13
9.094947017729282e-13
9.094947017729282e-13
9.094947017729282e-13
9.094947017729282e-13
9.094947017729282e-13
9.094947017729282e-13
9.094947017729282e-13
9.094947017729282e-13
9.094947017729282e-13
9.094947017729282e-13
9.094947017729282e-13
9.094947017729282e-13
9.094947017729282e-13
9.094947017729282e-13
9.094947017729282e-13
9.094947017729282e-13
9.094947017729282e-13
9.094947017729282e-13
9.094947017729282e-13
9.094947017729282e-13
9.094947017729282e-13
9.094947017729282e-13
9.094947017729282e-13
9.094947017729282e-13
9.094947017729282e-13
9.094947017729282e-13
9.094947017729282e-13
9.094947017729282e-13
9.094947017729282e-13
9.094947017729282e-13
9.094947017729282e-13
9.094947017729282e-13
9.094947017729282e-13
9.094947017729282e-13
9.094947017729282e-13
9.094947017729282e-13
9.094947017729282e-13
9.094947017729282e-13
9.094947017729282e-13
9.094947017729282e-13
9.094947017729282e-13
9.094947017729282e-13
9.094947017729282e-13
9.094947017729282e-13
9.094947017729282e-13
9.094947017729282e-13
9.094947017729282e-13
9.094947017729282e-13
9.094947017729282e-13
9.094947017729282e-13
9.094947017729282e-13
9.094947017729282e-13
9.094947017729282e-13
9.094947017729282e-13
9.094947017729282e-13
9.094947017729282e-13
9.094947017729282e-13
9.094947017729282e-13
9.094947017729282e-13
9.094947017729282e-13
9.094947017729282e-13
9.094947017729282e-13
9.094947017729282e-13
9.094947017729282e-13
9.094947017729282e-13
9.094947017729282e-13
9.094947017729282e-13
9.094947017729282e-13
9.094947017729282e-13
9.094947017729282e-13
9.094947017729282e-13
9.094947017729282e-13
9.094947017729282e-13
9.094947017729282e-13
9.094947017729282e-13
9.094947017729282e-13
9.094947017729282e-13
9.094947017729282e-13
9.094947017729282e-13
9.094947017729282e-13
9.094947017729282e-13
9.094947017729282e-13
9.094947017729282e-13
9.094947017729282e-13
9.094947017729282e-13
9.094947017729282e-13
9.094947017729282e-13
9.094947017729282e-13
9.094947017729282e-13
9.094947017729282e-13
9.094947017729282e-13
9.094947017729282e-13
9.094947017729282e-13
9.094947017729282e-13
9.094947017729282e-13
9.094947017729282e-13
9.094947017729282e-13
9.094947017729282e-13
9.094947017729282e-13
9.094947017729282e-13
9.094947017729282e-13
9.094947017729282e-13
9.094947017729282e-13
9.094947017729282e-13
9.094947017729282e-13
9.094947017729282e-13
9.094947017729282e-13
9.094947017729282e-13
9.094947017729282e-13
9.094947017729282e-13
9.094947017729282e-13
9.094947017729282e-13
9.094947017729282e-13
9.094947017729282e-13
9.094947017729282e-13
9.094947017729282e-13
9.094947017729282e-13
9.094947017729282e-13
9.094947017729282e-13
9.094947017729282e-13
9.094947017729282e-13
9.094947017729282e-13
9.094947017729282e-13
9.094947017729282e-13
9.094947017729282e-13
9.094947017729282e-13
9.094947017729282e-13
9.094947017729282e-13
9.094947017729282e-13
9.094947017729282e-13
9.094947017729282e-13
9.094947017729282e-13
9.094947017729282e-13
9.094947017729282e-13
9.094947017729282e-13
9.094947017729282e-13
9.094947017729282e-13
9.094947017729282e-13
9.094947017729282e-13
9.094947017729282e-13
9.094947017729282e-13
9.094947017729282e-13
9.094947017729282e-13
9.094947017729282e-13
9.094947017729282e-13
9.094947017729282e-13
9.094947017729282e-13
9.094947017729282e-13
9.094947017729282e-13
9.094947017729282e-13
