108.97995317810478
50.12274546865723
27.383329955732506
16.283573614452905
10.199845879449754
6.622567900423888
4.415776759943725
3.0056398224929524
2.079939389781032
1.4591275028065809
1.0354733341282554
0.7421588601056612
0.5365264922381243
0.3908108327202342
0.2865961437989313
0.2114461740412139
0.15685613069985038
0.11693995886906805
0.08758008453801835
0.06587148623114558
0.04973972951728456
0.0376965391496924
0.02866682820294386
0.02186915664296407
0.01673261687906802
0.01283840798103597
0.009876653008490166
0.007617498279159918
0.005889523093799198
0.004564000967661741
0.0035446015033073763
0.0027586270512074407
0.0021510932172077446
0.0016804873255296116
0.001315181682855382
0.0010310390221945909
0.0008096123026746227
0.0006367321757920763
0.0005015252047542162
0.0003956134856366589
0.0003124964632661431
0.0002471817920763897
0.00019578196193492658
0.00015527024928019273
0.00012328746535672508
9.800828914308113e-05
7.800004703995e-05
6.214374738533479e-05
4.956372993092373e-05
3.9571473337218777e-05
3.1625015367353626e-05
2.5298122153571967e-05
2.0255662832369126e-05
1.6233177916546992e-05
1.3021030667914602e-05
1.0453431400492263e-05
8.39885382220018e-06
6.75393087590237e-06
5.43545164077841e-06
4.377760092211247e-06
3.5284868715734774e-06
2.846029047987031e-06
2.297172329690511e-06
1.8554169116669073e-06
1.4996394668287394e-06
1.2128765831675992e-06
9.815751695896324e-07
7.948787867917417e-07
6.440934612328419e-07
5.222259176207444e-07
4.236713380123547e-07
3.439115516812308e-07
2.793249507249129e-07
2.2699012447446876e-07
1.845645840603538e-07
1.501486508459493e-07
1.2221440215398616e-07
9.952404411706084e-08
8.109577720460948e-08
6.6104291818192e-08
5.391254376263532e-08
4.3991320808345336e-08
3.5907447681893245e-08
2.932807774413959e-08
2.3958051542649628e-08
1.958599682438944e-08
1.6019129134292598e-08
1.3105761809129035e-08
1.0721521448431304e-08
8.780830285104457e-09
7.193676765382406e-09
5.8938383062923094e-09
4.830468469663174e-09
3.960536787417368e-09
3.2495677260158118e-09
2.6634552341420203e-09
2.1888126866542734e-09
1.7971899524127366e-09
1.4789236502110725e-09
1.2142891137045808e-09
9.97772531263763e-10
8.224958492064616e-10
6.772324923076667e-10
5.591118679149076e-10
4.582716428558342e-10
3.7823610909981653e-10
3.090860900556436e-10
2.5701751837914344e-10
2.1313439901859965e-10
1.7200818547280505e-10
1.4668444237031508e-10
1.1650058695522603e-10
9.922018762154039e-11
7.958078640513122e-11
6.335199032037053e-11
5.701394911739044e-11
4.644107320928015e-11
3.8767211663071066e-11
3.007016857736744e-11
2.6147972675971687e-11
2.5636381906224415e-11
2.043520908046048e-11
1.6342482922482304e-11
1.4551915228366852e-11
1.0118128557223827e-11
9.947598300641403e-12
7.190692485892214e-12
2.7853275241795927e-12
4.888534022029489e-12
3.439026841078885e-12
6.0822458181064576e-12
2.9274360713316128e-12
2.5295321393059567e-12
-3.126388037344441e-13
-1.3642420526593924e-12
5.400124791776761e-13
1.7621459846850485e-12
2.8990143619012088e-12
4.263256414560601e-13
-3.126388037344441e-12
6.821210263296962e-13
1.5063505998114124e-12
-1.3642420526593924e-12
-4.547473508864641e-13
2.2168933355715126e-12
2.8137492336099967e-12
1.7053025658242404e-12
1.5631940186722204e-12
-1.7905676941154525e-12
-5.684341886080802e-14
-1.8758328224066645e-12
-1.8189894035458565e-12
-2.8421709430404007e-13
-7.673861546209082e-13
8.242295734817162e-13
-4.689582056016661e-12
3.325340003357269e-12
2.0463630789890885e-12
2.5011104298755527e-12
-1.9895196601282805e-13
1.2505552149377763e-12
-1.3358203432289883e-12
-5.684341886080802e-14
1.7053025658242404e-12
1.0516032489249483e-12
-1.1937117960769683e-12
3.694822225952521e-13
-8.242295734817162e-13
1.1368683772161603e-12
1.5631940186722204e-12
-1.1084466677857563e-12
1.8189894035458565e-12
2.7569058147491887e-12
1.0231815394945443e-12
1.0516032489249483e-12
-1.5631940186722204e-12
9.947598300641403e-13
-6.252776074688882e-13
3.126388037344441e-12
-2.4726887204451486e-12
2.5579538487363607e-12
1.7053025658242404e-13
-1.1368683772161603e-12
-1.9042545318370685e-12
-3.126388037344441e-12
4.547473508864641e-13
-2.6716406864579767e-12
-9.094947017729282e-13
-2.9274360713316128e-12
-2.5579538487363607e-12
-9.379164112033322e-13
-3.126388037344441e-12
-9.094947017729282e-13
3.694822225952521e-13
-3.495870259939693e-12
1.0516032489249483e-12
-1.9895196601282805e-13
2.0179413695586845e-12
1.3642420526593924e-12
1.6200374375330284e-12
-8.526512829121202e-13
-1.1368683772161603e-13
-4.263256414560601e-13
3.836930773104541e-12
9.947598300641403e-13
6.536993168992922e-13
4.547473508864641e-13
3.552713678800501e-12
5.968558980384842e-13
9.379164112033322e-13
1.1084466677857563e-12
1.1652900866465643e-12
-1.4495071809506044e-12
1.3642420526593924e-12
-5.968558980384842e-13
-2.2737367544323206e-13
-3.126388037344441e-12
-3.865352482534945e-12
-4.348521542851813e-12
-8.810729923425242e-13
1.4495071809506044e-12
-1.9895196601282805e-13
2.2737367544323206e-13
2.8705926524708048e-12
8.526512829121202e-14
-1.1368683772161603e-13
1.2789769243681803e-12
8.810729923425242e-13
-1.1937117960769683e-12
4.547473508864641e-13
1.0231815394945443e-12
1.0516032489249483e-12
1.3642420526593924e-12
6.252776074688882e-13
1.0800249583553523e-12
1.3642420526593924e-12
7.105427357601002e-13
1.8758328224066645e-12
2.3590018827235326e-12
2.0463630789890885e-12
1.7905676941154525e-12
3.581135388230905e-12
2.8705926524708048e-12
1.5347723092418164e-12
1.7621459846850485e-12
1.5063505998114124e-12
2.0463630789890885e-12
2.8990143619012088e-12
1.6768808563938364e-12
1.9042545318370685e-12
2.0179413695586845e-12
2.9842794901924208e-12
2.9842794901924208e-12
2.7853275241795927e-12
1.9326762412674725e-12
2.2453150450019166e-12
2.9842794901924208e-12
2.4158453015843406e-12
2.2737367544323206e-12
2.3874235921539366e-12
2.6716406864579767e-12
1.9895196601282805e-12
8.242295734817162e-13
8.810729923425242e-13
1.9326762412674725e-12
1.1084466677857563e-12
2.7569058147491887e-12
2.6716406864579767e-12
2.5579538487363607e-12
2.0179413695586845e-12
1.2505552149377763e-12
1.5063505998114124e-12
1.8189894035458565e-12
1.8189894035458565e-12
1.8189894035458565e-12
2.3305801732931286e-12
2.3021584638627246e-12
1.4495071809506044e-12
1.3926637620897964e-12
1.3358203432289883e-12
1.2221335055073723e-12
1.0516032489249483e-12
1.5347723092418164e-12
1.8189894035458565e-12
1.8758328224066645e-12
1.5347723092418164e-12
1.7053025658242404e-12
1.6484591469634324e-12
1.4779288903810084e-12
1.5631940186722204e-12
1.5916157281026244e-12
1.9042545318370685e-12
1.8474111129762605e-12
1.9326762412674725e-12
1.7053025658242404e-12
2.0179413695586845e-12
1.8474111129762605e-12
1.7621459846850485e-12
1.7053025658242404e-12
1.5347723092418164e-12
1.4210854715202004e-12
1.2505552149377763e-12
1.4779288903810084e-12
1.4779288903810084e-12
1.5347723092418164e-12
1.6484591469634324e-12
1.5916157281026244e-12
1.5916157281026244e-12
1.5916157281026244e-12
1.5347723092418164e-12
1.5347723092418164e-12
1.7337242752546445e-12
