16.272973108112637
7.13801909418612
2.34466952395519
0.35457709472245824
0.11491210971723831
0.05168201142453199
0.011361367623749175
0.004935382775443031
0.0014804249318558504
0.0005903696195446173
0.0003057962671846326
8.188222909666365e-05
4.17314895457821e-05
1.2833714208682068e-05
6.238384230528027e-06
2.27147938858252e-06
1.0078956620418467e-06
5.537997367355274e-07
1.7632783055887558e-07
9.305222192779183e-08
3.399225079192547e-08
1.648845682211686e-08
9.360064723296091e-09
3.11365511151962e-09
1.6948433767538518e-09
6.391474016709253e-10
3.196873876731843e-10
1.8667378753889352e-10
6.252776074688882e-11
3.444711182964966e-11
1.2278178473934531e-11
9.890754881780595e-12
1.1368683772161603e-12
2.6147972675971687e-12
2.7284841053187847e-12
2.7284841053187847e-12
2.7284841053187847e-12
2.7284841053187847e-12
2.7284841053187847e-12
2.7284841053187847e-12
2.7284841053187847e-12
2.7284841053187847e-12
2.8421709430404007e-12
5.684341886080801e-13
-9.094947017729282e-13
-2.5011104298755527e-12
-2.3874235921539366e-12
-2.5011104298755527e-12
-2.5011104298755527e-12
-2.5011104298755527e-12
-2.5011104298755527e-12
-2.5011104298755527e-12
-2.5011104298755527e-12
-2.5011104298755527e-12
-2.5011104298755527e-12
-2.5011104298755527e-12
-2.5011104298755527e-12
-2.5011104298755527e-12
-2.5011104298755527e-12
-2.5011104298755527e-12
-2.5011104298755527e-12
-2.5011104298755527e-12
-2.5011104298755527e-12
-2.5011104298755527e-12
-2.5011104298755527e-12
-2.5011104298755527e-12
-2.5011104298755527e-12
-2.5011104298755527e-12
-2.5011104298755527e-12
-2.5011104298755527e-12
-2.5011104298755527e-12
-2.5011104298755527e-12
-2.5011104298755527e-12
-2.5011104298755527e-12
-2.5011104298755527e-12
-2.3874235921539366e-12
-2.3874235921539366e-12
-2.3874235921539366e-12
-2.5011104298755527e-12
-2.5011104298755527e-12
-2.5011104298755527e-12
-2.5011104298755527e-12
-2.5011104298755527e-12
-2.5011104298755527e-12
-2.5011104298755527e-12
-2.5011104298755527e-12
-2.5011104298755527e-12
-2.5011104298755527e-12
-2.5011104298755527e-12
-2.5011104298755527e-12
-2.5011104298755527e-12
-2.5011104298755527e-12
-2.5011104298755527e-12
-2.5011104298755527e-12
-2.5011104298755527e-12
-2.5011104298755527e-12
-2.5011104298755527e-12
-2.5011104298755527e-12
-2.5011104298755527e-12
-2.5011104298755527e-12
-2.5011104298755527e-12
-2.5011104298755527e-12
-2.5011104298755527e-12
-2.5011104298755527e-12
-2.5011104298755527e-12
-2.5011104298755527e-12
-2.5011104298755527e-12
-2.5011104298755527e-12
-2.5011104298755527e-12
-2.5011104298755527e-12
-2.5011104298755527e-12
-2.5011104298755527e-12
-2.5011104298755527e-12
-2.5011104298755527e-12
-2.5011104298755527e-12
-2.5011104298755527e-12
-2.5011104298755527e-12
-2.5011104298755527e-12
-2.5011104298755527e-12
-2.5011104298755527e-12
-2.5011104298755527e-12
-2.5011104298755527e-12
-2.5011104298755527e-12
-2.5011104298755527e-12
-2.5011104298755527e-12
-2.5011104298755527e-12
-2.5011104298755527e-12
-2.5011104298755527e-12
-2.5011104298755527e-12
-2.5011104298755527e-12
-2.5011104298755527e-12
-2.5011104298755527e-12
-2.5011104298755527e-12
-2.5011104298755527e-12
-2.5011104298755527e-12
-2.5011104298755527e-12
-2.5011104298755527e-12
-2.5011104298755527e-12
-2.5011104298755527e-12
-2.5011104298755527e-12
-2.5011104298755527e-12
-2.5011104298755527e-12
-2.5011104298755527e-12
-2.5011104298755527e-12
-2.5011104298755527e-12
-2.5011104298755527e-12
-2.5011104298755527e-12
-2.5011104298755527e-12
-2.5011104298755527e-12
-2.5011104298755527e-12
-2.5011104298755527e-12
-2.5011104298755527e-12
-2.5011104298755527e-12
-2.5011104298755527e-12
-2.5011104298755527e-12
-2.5011104298755527e-12
-2.5011104298755527e-12
-2.5011104298755527e-12
-2.5011104298755527e-12
-2.5011104298755527e-12
-2.5011104298755527e-12
-2.5011104298755527e-12
-2.5011104298755527e-12
-2.5011104298755527e-12
-2.5011104298755527e-12
-2.5011104298755527e-12
-2.5011104298755527e-12
-2.5011104298755527e-12
-2.5011104298755527e-12
-2.5011104298755527e-12
-2.5011104298755527e-12
-2.5011104298755527e-12
-2.5011104298755527e-12
-2.5011104298755527e-12
-2.5011104298755527e-12
-2.5011104298755527e-12
-2.5011104298755527e-12
-2.5011104298755527e-12
-2.5011104298755527e-12
-2.5011104298755527e-12
-2.5011104298755527e-12
-2.5011104298755527e-12
-2.5011104298755527e-12
-2.5011104298755527e-12
-2.5011104298755527e-12
-2.5011104298755527e-12
-2.5011104298755527e-12
-2.5011104298755527e-12
-2.5011104298755527e-12
-2.5011104298755527e-12
-2.5011104298755527e-12
-2.5011104298755527e-12
-2.5011104298755527e-12
-2.5011104298755527e-12
-2.5011104298755527e-12
-2.5011104298755527e-12
-2.5011104298755527e-12
-2.5011104298755527e-12
-2.5011104298755527e-12
-2.5011104298755527e-12
-2.5011104298755527e-12
-2.5011104298755527e-12
-2.5011104298755527e-12
-2.5011104298755527e-12
-2.5011104298755527e-12
-2.5011104298755527e-12
-2.5011104298755527e-12
-2.5011104298755527e-12
-2.5011104298755527e-12
-2.5011104298755527e-12
-2.5011104298755527e-12
-2.5011104298755527e-12
-2.5011104298755527e-12
-2.5011104298755527e-12
-2.5011104298755527e-12
-2.5011104298755527e-12
-2.5011104298755527e-12
-2.5011104298755527e-12
-2.5011104298755527e-12
-2.5011104298755527e-12
-2.5011104298755527e-12
-2.5011104298755527e-12
-2.5011104298755527e-12
-2.5011104298755527e-12
-2.5011104298755527e-12
-2.5011104298755527e-12
-2.5011104298755527e-12
-2.5011104298755527e-12
-2.5011104298755527e-12
-2.5011104298755527e-12
-2.5011104298755527e-12
-2.5011104298755527e-12
-2.5011104298755527e-12
-2.5011104298755527e-12
-2.5011104298755527e-12
-2.5011104298755527e-12
-2.5011104298755527e-12
-2.5011104298755527e-12
-2.5011104298755527e-12
-2.5011104298755527e-12
-2.5011104298755527e-12
-2.5011104298755527e-12
-2.5011104298755527e-12
-2.5011104298755527e-12
-2.5011104298755527e-12
-2.5011104298755527e-12
-2.5011104298755527e-12
-2.5011104298755527e-12
-2.5011104298755527e-12
-2.5011104298755527e-12
-2.5011104298755527e-12
-2.5011104298755527e-12
-2.5011104298755527e-12
-2.5011104298755527e-12
-2.5011104298755527e-12
-2.5011104298755527e-12
-2.5011104298755527e-12
-2.5011104298755527e-12
-2.5011104298755527e-12
-2.5011104298755527e-12
-2.5011104298755527e-12
-2.5011104298755527e-12
-2.5011104298755527e-12
-2.5011104298755527e-12
-2.5011104298755527e-12
-2.5011104298755527e-12
-2.5011104298755527e-12
-2.5011104298755527e-12
-2.5011104298755527e-12
-2.5011104298755527e-12
-2.5011104298755527e-12
-2.5011104298755527e-12
-2.5011104298755527e-12
-2.5011104298755527e-12
-2.5011104298755527e-12
-2.5011104298755527e-12
-2.5011104298755527e-12
-2.5011104298755527e-12
-2.5011104298755527e-12
-2.5011104298755527e-12
-2.5011104298755527e-12
-2.5011104298755527e-12
-2.5011104298755527e-12
-2.5011104298755527e-12
-2.5011104298755527e-12
-2.5011104298755527e-12
-2.5011104298755527e-12
-2.5011104298755527e-12
-2.5011104298755527e-12
-2.5011104298755527e-12
-2.5011104298755527e-12
-2.5011104298755527e-12
-2.5011104298755527e-12
-2.5011104298755527e-12
-2.5011104298755527e-12
-2.5011104298755527e-12
-2.5011104298755527e-12
-2.5011104298755527e-12
-2.5011104298755527e-12
-2.5011104298755527e-12
-2.5011104298755527e-12
