64.6432911197885
13.540101493149393
1.0605511623455186
0.20614632965066448
0.09967883759026108
0.02657012069880693
0.009176275207892104
0.004713994172504954
0.0016701253035193986
0.0009889245490057874
0.0003665743747092165
0.0001571275880110079
8.973265158829236e-05
3.744865477983694e-05
2.358752669806563e-05
9.870675796719297e-06
4.5636938921234105e-06
2.7667026643030113e-06
1.2307510246500897e-06
6.348910801534657e-07
3.56915961674531e-07
1.6848582617967622e-07
1.078403784049442e-07
4.940943654219154e-08
2.493317197149736e-08
1.5249952411977574e-08
7.2408283813274466e-09
3.9593714973307215e-09
2.2583890313399024e-09
1.1155520951433573e-09
7.285052561201155e-10
3.482227839413099e-10
1.8053469830192626e-10
1.1294787327642553e-10
5.5422333389287814e-11
3.126388037344441e-11
1.836042429204099e-11
