90.2276992570051
58.490128130100004
44.54572956079488
35.75274038132994
29.346438143189687
24.399910544550323
20.47276116552007
17.302159901601556
14.711913922884548
12.575449141761453
10.799352481058293
9.31276027492089
8.06091782446498
7.001118150790148
6.099597079039029
5.32918431021659
4.668357516381377
4.099488913480116
3.6081222445207572
3.1824021312228865
2.812524116075622
2.490313138796921
2.208964499937508
1.9626868893631695
1.746622081904377
1.5567068585986021
1.389457127370008
1.241887869538857
1.1114524303196731
0.9959620608389628
0.8935725006518851
0.8026426142186551
0.721765428355809
0.6497294289591764
0.5854767281370528
0.5280965414836487
0.4767950440002551
0.4308699051236431
0.3897092786504004
0.3527793337294156
0.31960858528316294
0.2897915080439475
0.26296561710586275
0.2388030585726142
0.2170206808360149
0.19736369956461886
0.17961120491742122
0.16356274015646477
0.1490456634156203
0.13590364227991358
0.12399840662538963
0.11320660965617435
0.10341846904640306
0.0945333241572257
0.0864610555266836
0.0791211517395709
0.07244351778678038
0.06636512123594684
0.06082841729909205
0.05578331556063176
0.05118313709562017
0.04698592427752146
0.04315424517773181
0.03965398043720825
0.03645472002489214
0.03352923399353358
0.03085266196825387
0.028402177973646303
0.026157600527483282
0.024100552481911564
0.022214535036880534
0.020484510275252887
0.01889663546654674
0.017438414329660645
0.016098878914249326
0.014867883952717875
0.013736044635322742
0.012694921978038565
0.011736789549615878
0.010854750013209014
0.010042377300635508
0.009293831753211634
0.008603845757988893
0.007967539066555673
0.007380587446220943
0.006839009144243846
0.006339114700210757
0.005877507073250854
0.005451069921207363
0.005057009200584162
0.004692700312091347
0.004355768514642477
0.004044099476686824
0.00375570120655766
0.003488746558218736
0.003241574725564078
0.003012647408979774
0.002800569094063121
0.0026040440221208883
0.00242186848674919
0.0022529573394081126
0.00209631106957886
0.0019509911031150295
0.00181613213936771
0.001690967703439128
0.0015747604215334832
0.0014668485584365953
0.0013666103278069386
0.0012734742983866454
0.0011869175532410736
0.0011064619321246028
0.0010316590402226211
0.0009620905513543221
0.0008973821751965261
0.000837181879091986
0.0007811607416101651
0.0007290195734412919
0.0006804747338833295
0.0006352731998617855
0.0005931764271167594
0.0005539620701142667
0.000517427490819955
0.0004833846086853555
0.00045165764868215774
0.00042208218161476907
0.00039450502521276576
0.00036878535053119776
0.00034479309709922745
0.000322408182057643
0.0003015200831555376
0.00028202697467349935
0.0002638328790567357
0.0002468465978608947
0.0002309855773887648
0.00021617310000010548
0.00020233788967516375
0.0001894134155691063
0.00017733752503090727
0.0001660530253957404
0.00015550818199017158
0.00014565136649480337
0.00013643617143088704
0.00012782008883505114
0.00011976261413337852
0.00011222646463693309
0.00010517737973714247
9.858287188535542e-05
9.241262040404763e-05
8.663864332447702e-05
8.123461833520196e-05
7.617681768579132e-05
7.144231676647905e-05
6.700950120830385e-05
6.285849480036632e-05
5.897088846040788e-05
5.5329535996406776e-05
5.191839085227912e-05
4.872246262266344e-05
4.572779454292686e-05
4.2921415172259e-05
4.0291103061917966e-05
3.782562509968557e-05
3.5514689955107315e-05
3.3348267834298895e-05
3.1317046421008854e-05
2.941237158893273e-05
2.7626067151231837e-05
2.5950579185973766e-05
2.437886729467209e-05
2.2904476168150723e-05
2.1521178666716878e-05
2.0223244462158618e-05
1.900528314990879e-05
1.786224800071068e-05
1.678941413274515e-05
1.5782336731717805e-05
1.4836998559530912e-05
1.3949493506970612e-05
1.3116200307194958e-05
1.2333690278865106e-05
1.1598812136526249e-05
1.0908584215485462e-05
1.0260238639148156e-05
9.651198354276858e-06
9.07899521962463e-06
8.541385739135876e-06
8.036227768570825e-06
7.561545146472781e-06
7.1154581746668555e-06
6.696244213344471e-06
6.302200006302883e-06
5.931805787895428e-06
5.583592781022162e-06
5.256213910342922e-06
4.9483883799439354e-06
4.658927878153918e-06
4.386718444493454e-06
4.130707679905754e-06
3.889902643550158e-06
3.6633909417105315e-06
3.450304177476937e-06
3.2498321047569334e-06
3.061238146528922e-06
2.8837908416790015e-06
2.7168114229425555e-06
2.559671031576727e-06
2.4117820771607512e-06
2.272584481488593e-06
2.141568813840422e-06
2.0182308730909426e-06
1.9021181856260228e-06
1.7927955582308641e-06
1.689867588083871e-06
1.5929400660752435e-06
1.5016639167697576e-06
1.415702342910663e-06
1.334745206804655e-06
1.2585040281010151e-06
1.186681231502007e-06
1.1190462032573123e-06
1.0553162042015174e-06
9.952584036909684e-07
9.386807846567535e-07
8.853711506162654e-07
8.351414635399124e-07
7.877969778746774e-07
7.431845006067306e-07
7.01132080394018e-07
6.615086363126466e-07
6.241619416869071e-07
5.889506269340927e-07
5.557614599638327e-07
5.244679641691619e-07
4.949665139974968e-07
4.671542797041184e-07
4.4092735151934903e-07
4.161968831795093e-07
3.9288147490879055e-07
3.7088119597683544e-07
3.5013675869777217e-07
3.3057460768759483e-07
3.1211919804263744e-07
2.9471397056113346e-07
2.7829406690216274e-07
2.6279730036549154e-07
2.481824026290269e-07
2.3438354901372804e-07
2.2136515553938807e-07
2.0909379827571684e-07
1.9750285673580947e-07
1.86574766303238e-07
1.762430770213541e-07
1.6649022427372984e-07
1.573052941239439e-07
1.4862035868645762e-07
1.404267209181853e-07
1.3269783494251897e-07
1.253833374903479e-07
1.1848942449432798e-07
1.1198579841220635e-07
1.0583465837044059e-07
1.0002509043260943e-07
9.454487326365779e-08
8.936382300817058e-08
8.447671007161262e-08
7.985778438523994e-08
7.549675729023875e-08
7.137231250453624e-08
6.748024361513671e-08
6.380975037245662e-08
6.032888677509618e-08
5.705328476324212e-08
5.394980462369858e-08
5.1018389513046714e-08
4.8243293804262066e-08
4.563349875752465e-08
4.315802470955532e-08
4.082028226548573e-08
3.8608789054705994e-08
3.652178293123143e-08
3.454584884821088e-08
3.268519321864005e-08
3.092299039053614e-08
2.9258501399453962e-08
2.7679220693244133e-08
2.6193049507128308e-08
2.4783105345704826e-08
2.3448308184015332e-08
2.2186952719494002e-08
2.0999038952140836e-08
1.9879905721609248e-08
1.881215894172783e-08
1.780125558070722e-08
1.6851629425218562e-08
1.5944578990456648e-08
1.5102102679520613e-08
1.4296858807938406e-08
1.353595280306763e-08
1.2814666661142837e-08
1.212828237839858e-08
1.1486235962365754e-08
1.0872895472857635e-08
1.0297185326635372e-08
9.750294793775538e-09
9.234838671545731e-09
8.740414614294423e-09
8.2758901953639e-09
7.840242233214667e-09
7.425114745274186e-09
7.0323835643648636e-09
6.660343387920875e-09
6.318202849797672e-09
5.976687589281937e-09
5.665526714437874e-09
5.361641797207994e-09
5.077311016066233e-09
4.815660759049933e-09
4.5671981752093416e-09
4.332662228989648e-09
4.0957388591778e-09
3.883485533151543e-09
3.6793039726035204e-09
3.4894469536084216e-09
3.303682660771301e-09
3.1332660910265986e-09
2.96944335786975e-09
2.815454536175821e-09
2.663284703885438e-09
2.5310669116151985e-09
2.396461695752805e-09
2.269814558530925e-09
2.1515234038815834e-09
2.0410766410350334e-09
1.935461568791652e-09
1.8377477317699231e-09
1.737987531669205e-09
1.6478338693559635e-09
1.5641035133739933e-09
1.4754846233699936e-09
1.4090915101405699e-09
1.3411067811830435e-09
1.261923898709938e-09
1.1978613656538073e-09
1.139312644227175e-09
1.083662937162444e-09
1.0205098988080863e-09
9.648033483244944e-10
9.17850684345467e-10
8.757865543884691e-10
8.309939403261524e-10
7.903508958406746e-10
7.451603778463323e-10
7.084395292622503e-10
6.696723175991792e-10
6.400000529538374e-10
6.047571332601365e-10
5.749711817770731e-10
5.500737643160392e-10
5.176730155653786e-10
4.898197403235827e-10
4.706066647486296e-10
4.4587977754417807e-10
4.227445060678292e-10
4.078515303262975e-10
3.7749714465462603e-10
3.63286289939424e-10
3.445279617153574e-10
3.1519675758318044e-10
3.0883029467076994e-10
2.9461943995556794e-10
2.8052227207808755e-10
2.5994495445047505e-10
2.4709834178793244e-10
2.4016344468691386e-10
2.2231461116462015e-10
2.120827957696747e-10
2.0753532226081006e-10
1.9616663848864846e-10
1.823536877054721e-10
1.7058710000128485e-10
1.6410695025115274e-10
1.5978685041773133e-10
1.525108928035479e-10
1.4335910236695781e-10
1.3943690646556206e-10
1.226680979016237e-10
1.2221335055073723e-10
1.1328893378959037e-10
1.0533085514907725e-10
1.1215206541237421e-10
9.521272659185342e-11
9.168843462248333e-11
8.623146641184576e-11
8.657252692501061e-11
7.776179700158536e-11
7.850076144677587e-11
6.758682502550073e-11
6.610889613511972e-11
5.5706550483591855e-11
6.730260793119669e-11
5.553602022700943e-11
5.348965714802034e-11
6.30961949354969e-11
5.474021236295812e-11
4.729372449219227e-11
4.143885234952904e-11
4.234834705130197e-11
4.274625098332763e-11
4.303046807763167e-11
4.0756731323199347e-11
3.6493474908638746e-11
2.7682744985213503e-11
2.9615421226480976e-11
3.586819730116986e-11
2.495426087989472e-11
3.069544618483633e-11
2.000888343900442e-11
3.2457592169521376e-11
2.489741746103391e-11
2.3817392502678558e-11
2.55226950685028e-11
2.916067387559451e-11
1.546140993013978e-11
1.2676082405960187e-11
1.8133050616597757e-11
1.3585577107733116e-11
1.7109869077103212e-11
1.8133050616597757e-11
1.3585577107733116e-11
1.1823431123048067e-11
1.1311840353300795e-11
1.9099388737231493e-11
6.87805368215777e-12
1.9326762412674725e-11
1.1027623258996755e-11
8.640199666842818e-12
5.229594535194337e-12
3.126388037344441e-12
1.2505552149377763e-11
2.6716406864579767e-12
4.206412995699793e-12
1.8758328224066645e-12
7.105427357601002e-12
9.890754881780595e-12
6.650680006714538e-12
3.410605131648481e-12
1.3585577107733116e-11
5.286437954055145e-12
5.4001247917767614e-12
6.252776074688882e-12
1.0629719326971099e-11
3.410605131648481e-12
3.0127011996228248e-12
3.865352482534945e-12
2.1600499167107046e-12
1.1141310096718371e-11
-1.1937117960769683e-12
5.343281372915953e-12
5.059064278611913e-12
5.9117155615240335e-12
1.3130829756846651e-11
3.410605131648481e-13
-6.991740519879386e-12
5.684341886080801e-13
-7.389644451905042e-13
3.581135388230905e-12
2.6716406864579767e-12
1.2505552149377763e-12
-2.3305801732931286e-12
-2.6147972675971687e-12
-3.581135388230905e-12
-1.9326762412674725e-12
-8.526512829121202e-13
9.094947017729282e-13
3.410605131648481e-13
2.3305801732931286e-12
4.149569576838985e-12
5.059064278611913e-12
1.1937117960769683e-12
-5.115907697472721e-13
-9.094947017729282e-13
1.1425527191022411e-11
1.7053025658242404e-13
-5.684341886080802e-14
2.1600499167107046e-12
-6.650680006714538e-12
4.149569576838985e-12
3.694822225952521e-12
-2.2168933355715126e-12
8.526512829121202e-13
2.7853275241795927e-12
-1.7053025658242404e-13
7.389644451905042e-13
2.7853275241795927e-12
7.275957614183426e-12
-1.6484591469634324e-12
4.604316927725449e-12
-2.4442670110147446e-12
2.6716406864579767e-12
-3.694822225952521e-12
1.3073986337985843e-12
6.650680006714538e-12
4.945377440890297e-12
-2.3874235921539366e-12
2.3305801732931286e-12
-1.9895196601282805e-12
-8.526512829121202e-13
-2.5579538487363607e-12
2.7853275241795927e-12
4.263256414560601e-12
6.252776074688882e-13
-6.252776074688882e-13
-2.8421709430404007e-12
1.8758328224066645e-12
3.808509063674137e-12
-3.637978807091713e-12
6.30961949354969e-12
-3.979039320256561e-12
-4.718003765447065e-12
-3.979039320256561e-13
1.8758328224066645e-12
-1.5347723092418164e-12
-3.069544618483633e-12
2.8421709430404007e-13
-1.4779288903810084e-12
-1.2505552149377763e-12
-3.979039320256561e-12
-5.229594535194337e-12
4.604316927725449e-12
4.718003765447065e-12
5.059064278611913e-12
-5.9685589803848416e-12
-6.764366844436154e-12
5.5138116294983774e-12
-2.8421709430404007e-12
-2.6147972675971687e-12
-1.1368683772161603e-12
4.831690603168681e-12
-3.979039320256561e-13
2.8990143619012088e-12
5.059064278611913e-12
-6.764366844436154e-12
-5.4001247917767614e-12
-2.0463630789890885e-12
5.684341886080801e-13
2.8990143619012088e-12
3.410605131648481e-13
4.831690603168681e-12
-2.6147972675971687e-12
-1.4779288903810084e-12
1.1937117960769683e-12
6.764366844436154e-12
5.9685589803848416e-12
-1.7053025658242404e-13
1.5916157281026244e-12
6.821210263296962e-13
-9.663381206337363e-12
-1.9326762412674725e-12
1.6484591469634324e-12
-5.6274984672199935e-12
-1.4779288903810084e-12
5.115907697472721e-13
1.8758328224066645e-12
-1.7621459846850485e-12
-1.8189894035458565e-12
2.3305801732931286e-12
4.547473508864641e-13
-6.139089236967266e-12
-1.1937117960769683e-12
-1.4210854715202004e-12
-3.979039320256561e-13
-5.115907697472721e-13
-3.296918293926865e-12
-3.126388037344441e-12
6.195932655828074e-12
3.467448550509289e-12
3.467448550509289e-12
4.035882739117369e-12
9.663381206337363e-13
3.410605131648481e-12
-5.684341886080801e-13
6.821210263296962e-13
6.707523425575346e-12
7.389644451905042e-13
2.8990143619012088e-12
1.0800249583553523e-12
3.581135388230905e-12
-1.1937117960769683e-12
2.5579538487363607e-12
4.945377440890297e-12
-5.172751116333529e-12
-5.115907697472721e-13
2.7284841053187847e-12
1.5916157281026244e-12
-3.979039320256561e-13
4.320099833421409e-12
8.58335624798201e-12
1.3642420526593924e-12
3.183231456205249e-12
5.172751116333529e-12
-9.663381206337363e-13
5.6274984672199935e-12
-2.1600499167107046e-12
6.821210263296962e-13
-1.8758328224066645e-12
5.172751116333529e-12
2.2168933355715126e-12
-3.808509063674137e-12
-2.8990143619012088e-12
6.764366844436154e-12
6.650680006714538e-12
7.389644451905042e-13
-5.684341886080802e-14
-5.115907697472721e-13
-7.332801033044234e-12
-3.126388037344441e-12
3.0127011996228248e-12
2.6716406864579767e-12
-5.7411853049416095e-12
-4.718003765447065e-12
-6.650680006714538e-12
2.8421709430404007e-13
1.5347723092418164e-12
-5.8548721426632255e-12
-6.536993168992922e-12
3.922195901395753e-12
-1.3073986337985843e-12
1.3073986337985843e-12
-4.035882739117369e-12
-8.071765478234738e-12
-1.5347723092418164e-12
2.8421709430404007e-12
-5.059064278611913e-12
-6.423306331271306e-12
-2.4442670110147446e-12
4.263256414560601e-12
-1.8189894035458565e-12
5.059064278611913e-12
4.774847184307873e-12
-3.751665644813329e-12
-5.002220859751105e-12
-6.764366844436154e-12
3.922195901395753e-12
2.2737367544323206e-12
-1.8189894035458565e-12
-5.115907697472721e-13
-4.547473508864641e-12
3.410605131648481e-12
-3.0127011996228248e-12
-2.7853275241795927e-12
5.059064278611913e-12
3.353761712787673e-12
5.9117155615240335e-12
1.1368683772161603e-13
-5.6274984672199935e-12
3.637978807091713e-12
3.808509063674137e-12
9.663381206337363e-13
-3.467448550509289e-12
-2.8990143619012088e-12
-2.7853275241795927e-12
-6.252776074688882e-13
-4.376943252282217e-12
-2.5579538487363607e-12
-2.8421709430404007e-12
-6.30961949354969e-12
4.149569576838985e-12
-7.105427357601002e-12
-8.128608897095546e-12
-5.115907697472721e-13
-1.7053025658242404e-13
-3.751665644813329e-12
-4.376943252282217e-12
1.9895196601282805e-12
6.423306331271306e-12
-2.6147972675971687e-12
1.8758328224066645e-12
6.423306331271306e-12
4.661160346586257e-12
7.105427357601002e-12
-9.094947017729282e-13
1.0800249583553523e-12
5.115907697472721e-13
4.376943252282217e-12
3.296918293926865e-12
1.9326762412674725e-12
3.979039320256561e-13
2.1032064978498966e-12
4.888534022029489e-12
5.684341886080801e-13
-2.5579538487363607e-12
-2.6716406864579767e-12
-8.810729923425242e-12
-6.821210263296962e-13
-3.808509063674137e-12
-1.7621459846850485e-12
-1.7053025658242404e-13
-2.2168933355715126e-12
2.4442670110147446e-12
4.547473508864641e-13
3.922195901395753e-12
3.694822225952521e-12
2.7284841053187847e-12
-6.821210263296962e-13
3.979039320256561e-13
2.5579538487363607e-12
3.467448550509289e-12
-1.9895196601282805e-12
-5.5138116294983774e-12
-3.126388037344441e-12
-2.8990143619012088e-12
-4.149569576838985e-12
-1.0629719326971099e-11
-6.139089236967266e-12
-6.30961949354969e-12
1.6484591469634324e-12
-4.661160346586257e-12
-1.9895196601282805e-12
-6.252776074688882e-13
-3.808509063674137e-12
-3.353761712787673e-12
-3.467448550509289e-12
-1.5916157281026244e-12
-1.1937117960769683e-12
-3.979039320256561e-12
-4.604316927725449e-12
-5.172751116333529e-12
-3.808509063674137e-12
-2.0463630789890885e-12
4.604316927725449e-12
-8.526512829121202e-13
-3.467448550509289e-12
-1.1937117960769683e-12
1.6484591469634324e-12
3.581135388230905e-12
2.5579538487363607e-12
-3.410605131648481e-13
3.0127011996228248e-12
6.139089236967266e-12
3.581135388230905e-12
1.7053025658242404e-13
-7.389644451905042e-13
-1.8758328224066645e-12
1.4779288903810084e-12
3.979039320256561e-13
4.376943252282217e-12
-1.4779288903810084e-12
8.526512829121202e-13
5.7411853049416095e-12
2.8421709430404007e-13
4.945377440890297e-12
5.115907697472721e-13
-3.979039320256561e-13
2.8990143619012088e-12
4.547473508864641e-12
2.5011104298755527e-12
6.252776074688882e-13
2.2168933355715126e-12
3.808509063674137e-12
-2.3305801732931286e-12
9.094947017729282e-13
4.945377440890297e-12
4.661160346586257e-12
8.242295734817162e-12
1.3073986337985843e-12
3.296918293926865e-12
3.126388037344441e-12
5.684341886080802e-14
1.3073986337985843e-12
1.9326762412674725e-12
-1.1937117960769683e-12
1.7053025658242404e-13
2.6716406864579767e-12
-5.684341886080802e-14
5.115907697472721e-13
-1.8189894035458565e-12
-1.1368683772161603e-12
-3.979039320256561e-13
-1.1937117960769683e-12
-2.7284841053187847e-12
-3.126388037344441e-12
-4.547473508864641e-13
3.751665644813329e-12
1.5916157281026244e-12
1.1937117960769683e-12
3.751665644813329e-12
1.9895196601282805e-12
1.0800249583553523e-12
7.389644451905042e-13
1.3073986337985843e-12
5.115907697472721e-13
-7.389644451905042e-13
-9.663381206337363e-13
-3.751665644813329e-12
-3.0127011996228248e-12
-2.5579538487363607e-12
-2.2168933355715126e-12
-4.945377440890297e-12
-2.8421709430404007e-12
-4.035882739117369e-12
-3.694822225952521e-12
-5.9685589803848416e-12
-3.467448550509289e-12
-2.8421709430404007e-12
-4.320099833421409e-12
-5.6843418860808015e-12
-4.490630090003833e-12
-4.604316927725449e-12
-4.604316927725449e-12
-2.7853275241795927e-12
-2.6147972675971687e-12
-2.1032064978498966e-12
-1.3642420526593924e-12
-2.1600499167107046e-12
-3.126388037344441e-12
-1.5347723092418164e-12
-7.389644451905042e-13
-3.922195901395753e-12
-1.9895196601282805e-12
-3.979039320256561e-13
-3.979039320256561e-13
-1.5347723092418164e-12
-1.8758328224066645e-12
-2.8990143619012088e-12
-1.1368683772161603e-13
1.7621459846850485e-12
7.389644451905042e-13
1.7053025658242404e-13
-2.2737367544323206e-13
5.115907697472721e-13
1.3073986337985843e-12
1.5347723092418164e-12
1.6484591469634324e-12
2.3874235921539366e-12
1.4210854715202004e-12
2.3305801732931286e-12
7.389644451905042e-13
1.5347723092418164e-12
2.3305801732931286e-12
6.252776074688882e-13
-1.7053025658242404e-13
3.410605131648481e-13
-1.4779288903810084e-12
-4.547473508864641e-13
1.3073986337985843e-12
-2.8421709430404007e-13
5.684341886080801e-13
2.8421709430404007e-13
-2.8421709430404007e-13
-6.252776074688882e-13
-1.3073986337985843e-12
1.4779288903810084e-12
9.663381206337363e-13
-7.389644451905042e-13
-1.7053025658242404e-12
-1.1368683772161603e-12
-1.3642420526593924e-12
-2.8421709430404007e-13
8.526512829121202e-13
2.8421709430404007e-13
2.8421709430404007e-13
3.979039320256561e-13
1.4779288903810084e-12
1.0800249583553523e-12
1.2505552149377763e-12
1.1937117960769683e-12
-4.547473508864641e-13
5.684341886080802e-14
5.684341886080802e-14
-9.663381206337363e-13
5.115907697472721e-13
-5.684341886080801e-13
-2.2168933355715126e-12
-1.2505552149377763e-12
6.821210263296962e-13
3.979039320256561e-13
2.8421709430404007e-13
7.389644451905042e-13
1.4210854715202004e-12
-5.115907697472721e-13
-5.684341886080802e-14
-2.8421709430404007e-13
6.252776074688882e-13
1.4210854715202004e-12
1.0231815394945443e-12
1.7053025658242404e-13
-5.115907697472721e-13
1.1937117960769683e-12
1.1368683772161603e-13
-1.1937117960769683e-12
-3.979039320256561e-13
-1.1937117960769683e-12
-1.1937117960769683e-12
-7.958078640513122e-13
-6.252776074688882e-13
-1.6484591469634324e-12
-1.3073986337985843e-12
-2.1032064978498966e-12
-5.684341886080801e-13
-1.0231815394945443e-12
-5.684341886080802e-14
-5.115907697472721e-13
-7.389644451905042e-13
-5.684341886080802e-14
1.7053025658242404e-13
5.115907697472721e-13
4.547473508864641e-13
2.8421709430404007e-13
1.7053025658242404e-13
5.684341886080802e-14
2.2737367544323206e-13
1.0800249583553523e-12
1.1937117960769683e-12
1.9326762412674725e-12
1.6484591469634324e-12
8.526512829121202e-13
1.4210854715202004e-12
9.663381206337363e-13
2.8421709430404007e-13
1.2505552149377763e-12
9.663381206337363e-13
8.526512829121202e-13
5.115907697472721e-13
3.979039320256561e-13
3.979039320256561e-13
5.115907697472721e-13
1.0231815394945443e-12
7.958078640513122e-13
1.8758328224066645e-12
1.7621459846850485e-12
1.6484591469634324e-12
1.1937117960769683e-12
1.0800249583553523e-12
1.0800249583553523e-12
8.526512829121202e-13
1.1368683772161603e-12
1.1937117960769683e-12
1.4210854715202004e-12
1.7621459846850485e-12
1.6484591469634324e-12
1.4779288903810084e-12
1.8758328224066645e-12
1.3073986337985843e-12
1.7053025658242404e-12
1.7621459846850485e-12
1.5347723092418164e-12
1.1937117960769683e-12
1.3642420526593924e-12
1.6484591469634324e-12
9.663381206337363e-13
1.0800249583553523e-12
5.684341886080802e-14
5.115907697472721e-13
7.389644451905042e-13
7.389644451905042e-13
8.526512829121202e-13
1.0800249583553523e-12
7.389644451905042e-13
3.410605131648481e-13
-1.7053025658242404e-13
-6.252776074688882e-13
-2.8421709430404007e-13
-8.526512829121202e-13
-1.7053025658242404e-13
-6.252776074688882e-13
-1.7053025658242404e-13
0.0
-1.7053025658242404e-13
5.684341886080802e-14
3.410605131648481e-13
2.8421709430404007e-13
3.979039320256561e-13
3.979039320256561e-13
3.979039320256561e-13
7.389644451905042e-13
8.526512829121202e-13
7.389644451905042e-13
6.252776074688882e-13
9.663381206337363e-13
1.0800249583553523e-12
6.252776074688882e-13
8.526512829121202e-13
8.526512829121202e-13
6.821210263296962e-13
2.2737367544323206e-13
5.115907697472721e-13
5.115907697472721e-13
-5.684341886080802e-14
3.410605131648481e-13
5.684341886080802e-14
-1.7053025658242404e-13
5.684341886080802e-14
2.8421709430404007e-13
5.115907697472721e-13
1.7053025658242404e-13
-5.115907697472721e-13
-7.389644451905042e-13
-2.8421709430404007e-13
-3.979039320256561e-13
-3.410605131648481e-13
-2.8421709430404007e-13
