15.888107683393855
7.559991058775154
5.86097944246842
5.3165483079131945
4.521405138203818
4.117379631950371
3.4973434964418857
3.1545260302585802
2.6767324839299818
2.393460488309074
2.0295253888887146
1.8005479729084755
1.5254229354237623
1.3434305976670657
1.136980615927314
0.994625296478489
0.8408203247333859
0.7310057024440084
0.6172948415204473
0.5337938399795803
0.45027408696796556
0.38751033405765156
0.32651823019079984
0.279787104138677
0.23550356097177882
0.2010667737570202
0.16909677313515203
0.14392171630595385
0.12094665743916266
0.10266474402010317
0.0862202468971418
0.07301997551155637
0.061291833822792796
0.05181193894293301
0.04347096311619225
0.03669350600978305
0.030774403837881437
0.02594364708215835
0.021750603253849476
0.018314494607921006
0.015349560598224343
0.012910961377315289
0.010817981829063683
0.009091601807995175
0.007616079088279548
0.006396287135316925
0.00535720339735235
0.004496497664376875
0.0037654501734323276
0.0031589302064958247
0.002645071409915545
0.0022181122523079466
0.0018570990525859088
0.0015568138942398946
0.001303288090184651
0.0010922332490963527
0.0009142708623812723
0.0007659907976176328
0.000641132336568262
0.0005370054186641937
0.00044944449825834454
0.0003763639261933349
0.00031498252462824894
0.0002637171908190794
0.00022070111151606397
0.0001847561285330812
0.00015461667908311938
0.0001294245981853237
0.00010830885241830401
9.065598112556472e-05
7.586418416849483e-05
6.349656894144573e-05
5.313536280482367e-05
4.4471099272413994e-05
3.721412588220119e-05
3.114493074463098e-05
2.606226564694225e-05
2.181119589295122e-05
1.8251573919769726e-05
1.527396557321481e-05
1.2781089253621758e-05
1.069575080236973e-05
8.949974812821893e-06
7.489675681426888e-06
6.267123580983025e-06
5.244519456937269e-06
4.38840220340353e-06
3.67230529718654e-06
3.0727909461347735e-06
2.571324898781313e-06
2.1515228354473948e-06
1.8003647710429505e-06
1.5064156286825892e-06
1.2605277106558788e-06
1.0547091733315028e-06
8.825342092677602e-07
7.384280706901336e-07
6.178688636282459e-07
5.169790711079258e-07
4.3257341530988924e-07
3.619354629336158e-07
3.0283945307019167e-07
2.5338908926642034e-07
2.1201242361712502e-07
1.7739125723892357e-07
1.4842578366369708e-07
1.2418695405358449e-07
1.0390931493020616e-07
8.694007647136459e-08
7.274479685293045e-08
6.086406756367069e-08
5.092522314953385e-08
4.2610395212250296e-08
3.565116912795929e-08
2.9829834602423944e-08
2.4956648303486872e-08
2.088404471578542e-08
1.747412170516327e-08
1.4618763088947162e-08
1.2230884749442339e-08
1.0233293323835824e-08
8.561869435652625e-09
7.1623844632995315e-09
5.9949343267362565e-09
5.016204340790864e-09
4.194362190901302e-09
3.508603185764514e-09
2.936303644673899e-09
2.456317815813236e-09
2.055344339169096e-09
1.7191723600262776e-09
1.4385932445293292e-09
1.2042846719850786e-09
1.0059011401608586e-09
8.438973964075558e-10
7.04972080711741e-10
5.913989298278466e-10
4.937419362249784e-10
4.1325165511807427e-10
3.446984919719398e-10
2.9058355721645057e-10
2.418119038338773e-10
2.034994395216927e-10
1.687112671788782e-10
1.4074430509936064e-10
1.191438059322536e-10
9.85664883046411e-11
8.287770469905809e-11
6.798472895752639e-11
5.6274984672199935e-11
5.070432962384075e-11
4.18367562815547e-11
3.126388037344441e-11
2.7284841053187847e-11
2.5011104298755527e-11
1.9554136088117957e-11
1.716671249596402e-11
1.5688783605583012e-11
1.0800249583553523e-11
1.1368683772161603e-11
8.185452315956354e-12
8.29913915367797e-12
4.547473508864641e-12
6.366462912410498e-12
2.9558577807620168e-12
4.547473508864641e-12
1.5916157281026244e-12
2.2737367544323206e-12
2.6147972675971687e-12
5.684341886080801e-13
4.547473508864641e-13
1.4779288903810084e-12
9.094947017729282e-13
1.1368683772161603e-12
1.1368683772161603e-12
-2.2737367544323206e-13
2.2737367544323206e-13
5.684341886080801e-13
-5.684341886080801e-13
4.547473508864641e-13
-2.2737367544323206e-13
2.2737367544323206e-13
1.3642420526593924e-12
-1.3642420526593924e-12
1.1368683772161603e-12
3.410605131648481e-13
-4.547473508864641e-13
-1.1368683772161603e-13
-6.821210263296962e-13
2.0463630789890885e-12
1.3642420526593924e-12
-1.5916157281026244e-12
1.3642420526593924e-12
3.410605131648481e-13
0.0
-1.1368683772161603e-12
-4.547473508864641e-13
-1.1368683772161603e-12
6.821210263296962e-13
-1.8189894035458565e-12
1.9326762412674725e-12
3.410605131648481e-13
-4.547473508864641e-13
2.2737367544323206e-13
-1.3642420526593924e-12
2.2737367544323206e-13
7.958078640513122e-13
-2.2737367544323206e-13
-1.3642420526593924e-12
6.821210263296962e-13
-6.821210263296962e-13
0.0
4.547473508864641e-13
2.2737367544323206e-13
9.094947017729282e-13
-5.684341886080801e-13
-6.821210263296962e-13
1.9326762412674725e-12
1.1368683772161603e-12
-2.2737367544323206e-13
4.547473508864641e-13
-3.410605131648481e-13
-6.821210263296962e-13
0.0
-1.4779288903810084e-12
2.2737367544323206e-13
-4.547473508864641e-13
6.821210263296962e-13
1.8189894035458565e-12
-6.821210263296962e-13
2.9558577807620168e-12
-7.958078640513122e-13
0.0
1.9326762412674725e-12
3.410605131648481e-13
-2.0463630789890885e-12
1.7053025658242404e-12
-1.1368683772161603e-12
-1.2505552149377763e-12
6.821210263296962e-13
-2.0463630789890885e-12
-5.684341886080801e-13
-5.684341886080801e-13
3.410605131648481e-13
1.0231815394945443e-12
7.958078640513122e-13
-1.0231815394945443e-12
-3.410605131648481e-13
-5.684341886080801e-13
-2.2737367544323206e-13
-1.4779288903810084e-12
-1.1368683772161603e-12
1.0231815394945443e-12
7.958078640513122e-13
0.0
1.7053025658242404e-12
2.2737367544323206e-13
6.821210263296962e-13
-1.0231815394945443e-12
1.0231815394945443e-12
1.7053025658242404e-12
-2.0463630789890885e-12
-5.684341886080801e-13
6.821210263296962e-13
-4.547473508864641e-13
-4.547473508864641e-13
2.0463630789890885e-12
-1.0231815394945443e-12
0.0
6.821210263296962e-13
-1.8189894035458565e-12
3.410605131648481e-13
-2.2737367544323206e-12
2.2737367544323206e-13
-4.547473508864641e-13
1.8189894035458565e-12
-1.1368683772161603e-13
-1.4779288903810084e-12
2.2737367544323206e-13
-1.2505552149377763e-12
6.821210263296962e-13
-1.0231815394945443e-12
1.0231815394945443e-12
-2.2737367544323206e-12
3.410605131648481e-13
-1.0231815394945443e-12
2.1600499167107046e-12
-1.1368683772161603e-13
4.547473508864641e-13
4.547473508864641e-13
1.1368683772161603e-13
-2.2737367544323206e-13
2.2737367544323206e-13
-4.547473508864641e-13
-6.821210263296962e-13
-4.547473508864641e-13
-6.821210263296962e-13
0.0
-4.547473508864641e-13
-4.547473508864641e-13
6.821210263296962e-13
-4.547473508864641e-13
4.547473508864641e-13
-3.410605131648481e-13
6.821210263296962e-13
-2.2737367544323206e-13
2.2737367544323206e-13
-3.410605131648481e-13
1.1368683772161603e-13
-6.821210263296962e-13
-3.410605131648481e-13
-1.1368683772161603e-12
0.0
-5.684341886080801e-13
6.821210263296962e-13
-2.2737367544323206e-13
-2.2737367544323206e-13
4.547473508864641e-13
4.547473508864641e-13
-4.547473508864641e-13
1.1368683772161603e-12
-3.410605131648481e-13
1.1368683772161603e-13
-2.2737367544323206e-13
2.2737367544323206e-13
-2.2737367544323206e-13
2.2737367544323206e-13
1.1368683772161603e-13
2.2737367544323206e-13
0.0
-1.1368683772161603e-13
1.1368683772161603e-13
-2.2737367544323206e-13
4.547473508864641e-13
-5.684341886080801e-13
4.547473508864641e-13
0.0
1.0231815394945443e-12
-1.1368683772161603e-13
6.821210263296962e-13
-2.2737367544323206e-13
6.821210263296962e-13
2.2737367544323206e-13
1.0231815394945443e-12
0.0
1.0231815394945443e-12
2.2737367544323206e-13
1.0231815394945443e-12
2.2737367544323206e-13
1.1368683772161603e-12
6.821210263296962e-13
1.0231815394945443e-12
6.821210263296962e-13
9.094947017729282e-13
7.958078640513122e-13
1.0231815394945443e-12
7.958078640513122e-13
9.094947017729282e-13
9.094947017729282e-13
6.821210263296962e-13
9.094947017729282e-13
9.094947017729282e-13
1.0231815394945443e-12
6.821210263296962e-13
1.1368683772161603e-12
7.958078640513122e-13
1.1368683772161603e-12
7.958078640513122e-13
1.1368683772161603e-12
9.094947017729282e-13
1.1368683772161603e-12
9.094947017729282e-13
1.1368683772161603e-12
9.094947017729282e-13
1.1368683772161603e-12
9.094947017729282e-13
1.1368683772161603e-12
9.094947017729282e-13
1.1368683772161603e-12
9.094947017729282e-13
1.0231815394945443e-12
9.094947017729282e-13
1.0231815394945443e-12
9.094947017729282e-13
1.1368683772161603e-12
9.094947017729282e-13
1.0231815394945443e-12
9.094947017729282e-13
1.0231815394945443e-12
9.094947017729282e-13
9.094947017729282e-13
7.958078640513122e-13
9.094947017729282e-13
9.094947017729282e-13
9.094947017729282e-13
9.094947017729282e-13
9.094947017729282e-13
9.094947017729282e-13
9.094947017729282e-13
9.094947017729282e-13
9.094947017729282e-13
9.094947017729282e-13
9.094947017729282e-13
9.094947017729282e-13
1.0231815394945443e-12
1.0231815394945443e-12
1.0231815394945443e-12
9.094947017729282e-13
1.0231815394945443e-12
9.094947017729282e-13
1.0231815394945443e-12
9.094947017729282e-13
1.0231815394945443e-12
1.0231815394945443e-12
1.0231815394945443e-12
9.094947017729282e-13
1.1368683772161603e-12
9.094947017729282e-13
1.0231815394945443e-12
9.094947017729282e-13
1.1368683772161603e-12
9.094947017729282e-13
1.0231815394945443e-12
9.094947017729282e-13
1.0231815394945443e-12
9.094947017729282e-13
1.1368683772161603e-12
9.094947017729282e-13
1.1368683772161603e-12
1.0231815394945443e-12
1.0231815394945443e-12
9.094947017729282e-13
1.0231815394945443e-12
9.094947017729282e-13
1.1368683772161603e-12
9.094947017729282e-13
1.1368683772161603e-12
1.0231815394945443e-12
1.1368683772161603e-12
1.0231815394945443e-12
1.1368683772161603e-12
1.0231815394945443e-12
1.1368683772161603e-12
9.094947017729282e-13
1.1368683772161603e-12
9.094947017729282e-13
1.1368683772161603e-12
9.094947017729282e-13
1.1368683772161603e-12
9.094947017729282e-13
1.1368683772161603e-12
9.094947017729282e-13
1.1368683772161603e-12
9.094947017729282e-13
1.1368683772161603e-12
9.094947017729282e-13
1.0231815394945443e-12
1.0231815394945443e-12
1.1368683772161603e-12
9.094947017729282e-13
1.1368683772161603e-12
9.094947017729282e-13
1.1368683772161603e-12
1.0231815394945443e-12
1.1368683772161603e-12
9.094947017729282e-13
1.1368683772161603e-12
9.094947017729282e-13
1.1368683772161603e-12
9.094947017729282e-13
1.1368683772161603e-12
1.0231815394945443e-12
1.1368683772161603e-12
1.0231815394945443e-12
1.1368683772161603e-12
9.094947017729282e-13
1.1368683772161603e-12
9.094947017729282e-13
1.0231815394945443e-12
9.094947017729282e-13
1.1368683772161603e-12
9.094947017729282e-13
1.0231815394945443e-12
1.0231815394945443e-12
1.1368683772161603e-12
9.094947017729282e-13
1.1368683772161603e-12
9.094947017729282e-13
1.1368683772161603e-12
9.094947017729282e-13
1.1368683772161603e-12
1.0231815394945443e-12
1.1368683772161603e-12
9.094947017729282e-13
1.1368683772161603e-12
9.094947017729282e-13
1.1368683772161603e-12
9.094947017729282e-13
1.1368683772161603e-12
1.0231815394945443e-12
1.1368683772161603e-12
1.0231815394945443e-12
1.1368683772161603e-12
1.0231815394945443e-12
1.1368683772161603e-12
9.094947017729282e-13
1.1368683772161603e-12
9.094947017729282e-13
1.0231815394945443e-12
9.094947017729282e-13
1.1368683772161603e-12
9.094947017729282e-13
1.1368683772161603e-12
9.094947017729282e-13
1.1368683772161603e-12
1.0231815394945443e-12
1.1368683772161603e-12
1.0231815394945443e-12
1.1368683772161603e-12
1.0231815394945443e-12
1.1368683772161603e-12
1.0231815394945443e-12
1.1368683772161603e-12
1.0231815394945443e-12
1.1368683772161603e-12
1.0231815394945443e-12
1.1368683772161603e-12
1.0231815394945443e-12
1.1368683772161603e-12
1.0231815394945443e-12
1.1368683772161603e-12
1.0231815394945443e-12
1.0231815394945443e-12
1.0231815394945443e-12
1.1368683772161603e-12
1.0231815394945443e-12
1.1368683772161603e-12
1.0231815394945443e-12
1.1368683772161603e-12
1.0231815394945443e-12
1.1368683772161603e-12
1.0231815394945443e-12
1.1368683772161603e-12
1.0231815394945443e-12
1.1368683772161603e-12
1.0231815394945443e-12
1.1368683772161603e-12
1.0231815394945443e-12
1.1368683772161603e-12
1.0231815394945443e-12
1.1368683772161603e-12
1.0231815394945443e-12
1.1368683772161603e-12
1.0231815394945443e-12
1.1368683772161603e-12
1.0231815394945443e-12
1.1368683772161603e-12
1.0231815394945443e-12
1.1368683772161603e-12
1.0231815394945443e-12
1.1368683772161603e-12
1.0231815394945443e-12
1.1368683772161603e-12
1.0231815394945443e-12
1.1368683772161603e-12
1.0231815394945443e-12
1.0231815394945443e-12
1.0231815394945443e-12
1.1368683772161603e-12
1.0231815394945443e-12
1.1368683772161603e-12
1.0231815394945443e-12
1.1368683772161603e-12
1.0231815394945443e-12
1.1368683772161603e-12
1.0231815394945443e-12
1.1368683772161603e-12
1.0231815394945443e-12
1.1368683772161603e-12
1.0231815394945443e-12
1.1368683772161603e-12
1.0231815394945443e-12
1.1368683772161603e-12
1.0231815394945443e-12
1.1368683772161603e-12
1.0231815394945443e-12
1.1368683772161603e-12
1.0231815394945443e-12
1.1368683772161603e-12
1.0231815394945443e-12
1.1368683772161603e-12
1.0231815394945443e-12
1.1368683772161603e-12
1.0231815394945443e-12
1.1368683772161603e-12
1.0231815394945443e-12
1.1368683772161603e-12
1.0231815394945443e-12
1.1368683772161603e-12
1.0231815394945443e-12
1.1368683772161603e-12
1.0231815394945443e-12
1.1368683772161603e-12
1.0231815394945443e-12
1.1368683772161603e-12
1.0231815394945443e-12
1.1368683772161603e-12
1.0231815394945443e-12
1.1368683772161603e-12
1.0231815394945443e-12
1.1368683772161603e-12
1.0231815394945443e-12
1.1368683772161603e-12
1.0231815394945443e-12
1.1368683772161603e-12
1.0231815394945443e-12
1.1368683772161603e-12
1.0231815394945443e-12
1.1368683772161603e-12
1.0231815394945443e-12
1.1368683772161603e-12
1.0231815394945443e-12
1.1368683772161603e-12
1.0231815394945443e-12
1.1368683772161603e-12
1.0231815394945443e-12
1.1368683772161603e-12
1.0231815394945443e-12
1.1368683772161603e-12
1.0231815394945443e-12
1.1368683772161603e-12
1.1368683772161603e-12
1.1368683772161603e-12
1.1368683772161603e-12
1.1368683772161603e-12
1.1368683772161603e-12
1.1368683772161603e-12
1.1368683772161603e-12
1.1368683772161603e-12
1.1368683772161603e-12
1.1368683772161603e-12
1.1368683772161603e-12
1.1368683772161603e-12
1.1368683772161603e-12
1.1368683772161603e-12
1.1368683772161603e-12
1.1368683772161603e-12
1.1368683772161603e-12
1.1368683772161603e-12
1.1368683772161603e-12
1.1368683772161603e-12
1.1368683772161603e-12
1.1368683772161603e-12
1.1368683772161603e-12
1.1368683772161603e-12
1.1368683772161603e-12
1.1368683772161603e-12
1.1368683772161603e-12
1.1368683772161603e-12
1.1368683772161603e-12
1.1368683772161603e-12
1.1368683772161603e-12
1.1368683772161603e-12
1.1368683772161603e-12
1.1368683772161603e-12
1.1368683772161603e-12
1.1368683772161603e-12
1.1368683772161603e-12
1.1368683772161603e-12
1.1368683772161603e-12
1.1368683772161603e-12
1.1368683772161603e-12
1.1368683772161603e-12
1.1368683772161603e-12
1.1368683772161603e-12
1.1368683772161603e-12
1.1368683772161603e-12
1.1368683772161603e-12
1.1368683772161603e-12
1.1368683772161603e-12
1.1368683772161603e-12
1.1368683772161603e-12
1.1368683772161603e-12
1.1368683772161603e-12
1.1368683772161603e-12
1.1368683772161603e-12
1.1368683772161603e-12
1.1368683772161603e-12
1.1368683772161603e-12
1.1368683772161603e-12
1.1368683772161603e-12
1.1368683772161603e-12
1.1368683772161603e-12
1.1368683772161603e-12
1.1368683772161603e-12
1.1368683772161603e-12
1.1368683772161603e-12
1.1368683772161603e-12
1.1368683772161603e-12
1.1368683772161603e-12
1.1368683772161603e-12
1.1368683772161603e-12
1.1368683772161603e-12
1.1368683772161603e-12
1.1368683772161603e-12
1.1368683772161603e-12
1.1368683772161603e-12
1.1368683772161603e-12
1.1368683772161603e-12
1.1368683772161603e-12
1.1368683772161603e-12
1.1368683772161603e-12
1.1368683772161603e-12
1.1368683772161603e-12
1.1368683772161603e-12
1.1368683772161603e-12
1.1368683772161603e-12
1.1368683772161603e-12
1.1368683772161603e-12
1.1368683772161603e-12
1.1368683772161603e-12
1.1368683772161603e-12
1.1368683772161603e-12
1.1368683772161603e-12
1.1368683772161603e-12
1.1368683772161603e-12
1.1368683772161603e-12
1.1368683772161603e-12
1.1368683772161603e-12
1.1368683772161603e-12
1.1368683772161603e-12
1.1368683772161603e-12
1.1368683772161603e-12
1.1368683772161603e-12
1.1368683772161603e-12
1.1368683772161603e-12
1.1368683772161603e-12
1.1368683772161603e-12
1.1368683772161603e-12
1.1368683772161603e-12
1.1368683772161603e-12
1.1368683772161603e-12
1.1368683772161603e-12
1.1368683772161603e-12
1.1368683772161603e-12
1.1368683772161603e-12
1.1368683772161603e-12
1.1368683772161603e-12
1.1368683772161603e-12
1.1368683772161603e-12
1.1368683772161603e-12
1.1368683772161603e-12
1.1368683772161603e-12
1.1368683772161603e-12
1.1368683772161603e-12
1.1368683772161603e-12
1.1368683772161603e-12
1.1368683772161603e-12
1.1368683772161603e-12
1.1368683772161603e-12
1.1368683772161603e-12
1.1368683772161603e-12
1.1368683772161603e-12
1.1368683772161603e-12
1.1368683772161603e-12
1.1368683772161603e-12
1.1368683772161603e-12
1.1368683772161603e-12
1.1368683772161603e-12
1.1368683772161603e-12
1.1368683772161603e-12
1.1368683772161603e-12
1.1368683772161603e-12
1.1368683772161603e-12
1.1368683772161603e-12
1.1368683772161603e-12
1.1368683772161603e-12
1.1368683772161603e-12
1.1368683772161603e-12
1.1368683772161603e-12
1.1368683772161603e-12
1.1368683772161603e-12
1.1368683772161603e-12
1.1368683772161603e-12
1.1368683772161603e-12
1.1368683772161603e-12
1.1368683772161603e-12
1.1368683772161603e-12
1.2505552149377763e-12
1.1368683772161603e-12
1.1368683772161603e-12
1.1368683772161603e-12
1.1368683772161603e-12
1.1368683772161603e-12
1.1368683772161603e-12
1.1368683772161603e-12
1.1368683772161603e-12
1.1368683772161603e-12
1.1368683772161603e-12
1.1368683772161603e-12
1.1368683772161603e-12
1.1368683772161603e-12
1.1368683772161603e-12
1.1368683772161603e-12
1.1368683772161603e-12
1.0231815394945443e-12
1.1368683772161603e-12
1.1368683772161603e-12
1.1368683772161603e-12
1.1368683772161603e-12
1.2505552149377763e-12
1.1368683772161603e-12
1.2505552149377763e-12
1.1368683772161603e-12
1.1368683772161603e-12
1.1368683772161603e-12
1.1368683772161603e-12
1.1368683772161603e-12
1.1368683772161603e-12
1.1368683772161603e-12
1.1368683772161603e-12
1.1368683772161603e-12
1.1368683772161603e-12
1.1368683772161603e-12
1.1368683772161603e-12
1.1368683772161603e-12
1.1368683772161603e-12
1.1368683772161603e-12
1.1368683772161603e-12
1.1368683772161603e-12
1.1368683772161603e-12
1.1368683772161603e-12
1.1368683772161603e-12
1.1368683772161603e-12
1.1368683772161603e-12
1.1368683772161603e-12
1.1368683772161603e-12
1.1368683772161603e-12
1.1368683772161603e-12
1.1368683772161603e-12
1.1368683772161603e-12
1.1368683772161603e-12
1.1368683772161603e-12
1.1368683772161603e-12
1.1368683772161603e-12
1.1368683772161603e-12
1.1368683772161603e-12
1.1368683772161603e-12
1.1368683772161603e-12
1.1368683772161603e-12
1.1368683772161603e-12
1.1368683772161603e-12
1.1368683772161603e-12
1.1368683772161603e-12
1.1368683772161603e-12
1.1368683772161603e-12
1.1368683772161603e-12
1.1368683772161603e-12
1.1368683772161603e-12
1.1368683772161603e-12
1.1368683772161603e-12
1.1368683772161603e-12
1.1368683772161603e-12
1.1368683772161603e-12
1.1368683772161603e-12
1.1368683772161603e-12
1.1368683772161603e-12
1.1368683772161603e-12
1.2505552149377763e-12
1.1368683772161603e-12
1.1368683772161603e-12
1.1368683772161603e-12
1.1368683772161603e-12
1.1368683772161603e-12
1.1368683772161603e-12
1.1368683772161603e-12
1.1368683772161603e-12
1.1368683772161603e-12
1.1368683772161603e-12
1.1368683772161603e-12
1.1368683772161603e-12
1.1368683772161603e-12
1.1368683772161603e-12
1.1368683772161603e-12
1.1368683772161603e-12
1.1368683772161603e-12
1.2505552149377763e-12
1.1368683772161603e-12
1.1368683772161603e-12
1.1368683772161603e-12
1.1368683772161603e-12
1.1368683772161603e-12
1.2505552149377763e-12
1.1368683772161603e-12
1.1368683772161603e-12
1.1368683772161603e-12
1.1368683772161603e-12
1.1368683772161603e-12
1.1368683772161603e-12
1.1368683772161603e-12
1.2505552149377763e-12
1.1368683772161603e-12
1.2505552149377763e-12
1.1368683772161603e-12
1.1368683772161603e-12
1.1368683772161603e-12
1.1368683772161603e-12
1.1368683772161603e-12
1.1368683772161603e-12
1.1368683772161603e-12
1.2505552149377763e-12
1.1368683772161603e-12
1.1368683772161603e-12
1.1368683772161603e-12
1.1368683772161603e-12
1.1368683772161603e-12
1.1368683772161603e-12
1.1368683772161603e-12
1.1368683772161603e-12
1.1368683772161603e-12
1.1368683772161603e-12
1.1368683772161603e-12
1.2505552149377763e-12
1.1368683772161603e-12
1.1368683772161603e-12
1.1368683772161603e-12
1.1368683772161603e-12
1.1368683772161603e-12
1.1368683772161603e-12
1.1368683772161603e-12
1.1368683772161603e-12
1.1368683772161603e-12
1.1368683772161603e-12
1.1368683772161603e-12
1.1368683772161603e-12
1.1368683772161603e-12
1.1368683772161603e-12
1.1368683772161603e-12
1.1368683772161603e-12
1.1368683772161603e-12
1.1368683772161603e-12
1.1368683772161603e-12
1.2505552149377763e-12
1.1368683772161603e-12
1.1368683772161603e-12
1.1368683772161603e-12
1.1368683772161603e-12
1.1368683772161603e-12
1.1368683772161603e-12
1.1368683772161603e-12
1.1368683772161603e-12
1.1368683772161603e-12
1.1368683772161603e-12
1.1368683772161603e-12
1.2505552149377763e-12
1.1368683772161603e-12
1.1368683772161603e-12
1.1368683772161603e-12
1.1368683772161603e-12
1.1368683772161603e-12
1.1368683772161603e-12
1.1368683772161603e-12
1.1368683772161603e-12
1.1368683772161603e-12
1.1368683772161603e-12
1.1368683772161603e-12
1.1368683772161603e-12
1.1368683772161603e-12
1.1368683772161603e-12
1.1368683772161603e-12
1.1368683772161603e-12
1.1368683772161603e-12
1.1368683772161603e-12
1.1368683772161603e-12
1.1368683772161603e-12
1.1368683772161603e-12
1.1368683772161603e-12
1.1368683772161603e-12
1.1368683772161603e-12
1.1368683772161603e-12
1.2505552149377763e-12
1.1368683772161603e-12
1.1368683772161603e-12
1.1368683772161603e-12
1.2505552149377763e-12
1.1368683772161603e-12
1.1368683772161603e-12
1.1368683772161603e-12
1.1368683772161603e-12
1.1368683772161603e-12
1.1368683772161603e-12
1.1368683772161603e-12
1.2505552149377763e-12
1.1368683772161603e-12
1.2505552149377763e-12
1.1368683772161603e-12
1.2505552149377763e-12
1.0231815394945443e-12
1.1368683772161603e-12
1.1368683772161603e-12
1.1368683772161603e-12
