90.2276992570051
49.731682675701165
35.44380383683966
26.302200697827118
20.002734336046785
15.490414667505036
12.169568628267541
9.673648197868886
7.765923879952595
6.287198266939129
5.127396738980167
4.208312501436524
3.473793019893094
2.882155852392657
2.4024112744756962
2.0110413860574
1.6899827416277162
1.425253609384697
1.2060298909000267
1.023696376614737
0.8714337576848266
0.7438612405189815
0.6365807375771624
0.546065748700812
0.46946959359019047
0.4044788418621579
0.34917839158151764
0.30200458195548663
0.26168050033692225
0.22713980356269303
0.19748495647701247
0.17197097957762253
0.14997533270690155
0.13098125563925578
0.11455329827794003
0.10032474686084925
0.0879826291735526
0.07725599859247723
0.0679180320672117
0.05977940639422741
0.05267686258019921
0.046470896364780856
0.041041137661579796
0.03628392678996306
0.032111103300280774
0.028446781723175718
0.0252244544051905
0.022387615554805507
0.019887800625440377
0.017682286700676286
0.01573437546102241
0.014012560795265472
0.01248891025386456
0.01113939476095993
0.009943125384438645
0.00888163408598075
0.007938865055791666
0.007100951236054698
0.006355702504436067
0.005692336185063596
0.005101393799748166
0.004574501375998352
0.004104324659920167
0.003684508967239708
0.003309403554681012
0.0029740689413984
0.002674079888890901
0.002405579207675146
0.002165096403075495
0.0019496048641372
0.0017563680201533316
0.0015830104453016247
0.0014273975647824955
0.001287647226433819
0.0011620639969009972
0.001049163838217737
0.000947614792778495
0.0008562318316194251
0.0007739609008581283
0.0006998601305667762
0.0006330842005013437
0.0005728867444076968
0.0005185998145975645
0.0004696259213687881
0.0004254296774774957
0.0003855224763356091
0.0003494702500006497
0.0003168865510474461
0.00028742790453861744
0.00026079034142867386
0.00023669123146419224
0.0002148815330542675
0.00019513648754809765
0.0001772554501826562
0.00016105739712202194
0.00014638097735542033
0.00013307651914828966
0.00012101350671400724
0.00011007219387693112
0.00010014543067882187
9.113686729733672e-05
8.295911192135463e-05
7.55337752025298e-05
6.879009606564068e-05
6.26630792908145e-05
5.7094584008154925e-05
5.2032456267170346e-05
4.742934555679312e-05
4.324254183529774e-05
3.943335389067215e-05
3.596728919319503e-05
3.2812851657126885e-05
2.9941217007944942e-05
2.7326345275469066e-05
2.4944581980435032e-05
2.2774793251301162e-05
2.079764345808144e-05
1.899579012842878e-05
1.7353301871025906e-05
1.5855723802360444e-05
1.4490047021809005e-05
1.3244450485672132e-05
1.2108066584914923e-05
1.10710741978437e-05
1.012458767490898e-05
9.260572369385045e-06
8.47167456186071e-06
7.75125096197371e-06
7.093261899626668e-06
6.492215959497116e-06
5.943093242422037e-06
5.441274709028221e-06
4.982625057436962e-06
4.563332197449199e-06
4.179956533789664e-06
3.829362128726643e-06
3.5086887351098994e-06
3.21533826763698e-06
2.9469628657352587e-06
2.7013790031560347e-06
2.47662461561049e-06
2.2708849769514927e-06
2.082534535929881e-06
1.9100536405858293e-06
1.752091804974043e-06
1.6074204154392646e-06
1.474877990403911e-06
1.353432367068308e-06
1.2421641599758004e-06
1.1401805863897607e-06
1.046720342401386e-06
9.610237725610205e-07
8.824420660857868e-07
8.104107109829783e-07
7.44325745927199e-07
6.837300361439702e-07
6.281401851992996e-07
5.771377686869528e-07
5.303393777467136e-07
4.874075330008054e-07
4.4799043052989873e-07
4.1181954202329507e-07
3.786225306612323e-07
3.481231374280469e-07
3.201338927283359e-07
2.94425035463064e-07
2.708049464672513e-07
2.4911940954552847e-07
2.291831151524093e-07
2.1087777213324443e-07
1.940449578796688e-07
1.7858627643363434e-07
1.6436018768217764e-07
1.5130603969737422e-07
1.3929150100011611e-07
1.2824767736674403e-07
1.1809106581495143e-07
1.0875174893953954e-07
1.0014605322794523e-07
9.225391295331065e-08
8.4983355463919e-08
7.82892470851948e-08
7.213026265162625e-08
6.647189820796484e-08
6.125713980509317e-08
5.6457963637512876e-08
5.2042025799892144e-08
4.7972946504160063e-08
4.422435040396522e-08
4.0786233057588106e-08
3.7594361401716014e-08
3.468034037723555e-08
3.19835748996411e-08
2.949116151285125e-08
2.720690872592968e-08
2.5104498035943834e-08
2.315704250577255e-08
2.137352339559584e-08
1.972040308828582e-08
1.8200410067947814e-08
1.6795013380033197e-08
1.5510920547967544e-08
1.4316981378215132e-08
1.3216833849583054e-08
1.2198313470435096e-08
1.1267388799751643e-08
1.0403823580418248e-08
9.610005236027064e-09
8.872859780240105e-09
8.20062950879219e-09
7.578648819617229e-09
6.996685897320276e-09
6.463494628405897e-09
5.9753801906481385e-09
5.515119028132176e-09
5.102947397972457e-09
4.714763690571999e-09
4.353012172941817e-09
4.024343525088625e-09
3.724665020854445e-09
3.4452796171535738e-09
3.1851641324465163e-09
2.9426132641674485e-09
2.7274040803604294e-09
2.5176518647640478e-09
2.3302959561988246e-09
2.14987494473462e-09
1.9921913008147385e-09
1.8479227037460078e-09
1.7053594092431013e-09
1.5746763892821036e-09
1.4609327081416268e-09
1.3527028386306483e-09
1.2527721082733478e-09
1.1554561751836445e-09
1.0693952390283812e-09
9.92201876215404e-10
9.228529052052181e-10
8.477059054712299e-10
7.907487997727003e-10
7.368043952737935e-10
6.786535777791869e-10
6.281766218307894e-10
5.769038580183405e-10
5.393872015702073e-10
4.955040822096635e-10
4.6492232286254875e-10
4.3092995838378556e-10
3.9693759390502237e-10
3.675495463539846e-10
3.377067514520604e-10
3.1593572202837095e-10
2.9768898457405157e-10
2.6506086214794777e-10
2.532374310248997e-10
2.3175061869551428e-10
2.176534508180339e-10
1.9764456737902947e-10
1.836610863392707e-10
1.68768110597739e-10
1.5847945178393275e-10
1.5762680050102063e-10
1.390958459523972e-10
1.199396137963049e-10
1.2079226507921703e-10
1.0561507224338129e-10
1.0339817890780978e-10
9.526957001071423e-11
9.271161616197787e-11
8.009237717487849e-11
7.497646947740577e-11
7.429434845107608e-11
6.542677510879003e-11
5.587708074017428e-11
5.3375970310298726e-11
5.3717030823463574e-11
5.1670667744474486e-11
4.0529357647756115e-11
4.291678123991005e-11
3.5981884138891473e-11
4.1040948417503387e-11
3.268496584496461e-11
2.6545876607997343e-11
2.916067387559451e-11
2.722799763432704e-11
2.233946361229755e-11
2.745537130977027e-11
1.949729266925715e-11
1.2789769243681803e-11
1.5404566511278972e-11
1.7280399333685637e-11
1.8133050616597757e-11
1.8474111129762605e-11
1.3699263945454732e-11
1.4836132322670892e-11
5.9685589803848416e-12
1.7109869077103212e-11
2.2453150450019166e-11
3.751665644813329e-12
8.810729923425242e-12
6.0822458181064576e-12
-3.979039320256561e-13
8.185452315956354e-12
4.718003765447065e-12
4.547473508864641e-12
6.764366844436154e-12
9.379164112033322e-12
5.684341886080801e-13
5.7411853049416095e-12
1.7394086171407253e-11
4.149569576838985e-12
3.410605131648481e-13
1.6484591469634324e-12
5.115907697472721e-13
3.808509063674137e-12
6.650680006714538e-12
-9.094947017729282e-13
-1.4210854715202004e-12
3.581135388230905e-12
-3.353761712787673e-12
-1.5347723092418164e-12
4.376943252282217e-12
4.945377440890297e-12
5.684341886080802e-14
-3.637978807091713e-12
2.8990143619012088e-12
-3.069544618483633e-12
-9.663381206337363e-13
1.2505552149377763e-12
-3.467448550509289e-12
7.503331289626658e-12
2.8990143619012088e-12
-5.115907697472721e-13
7.673861546209082e-12
-6.252776074688882e-12
3.865352482534945e-12
2.3305801732931286e-12
2.6716406864579767e-12
9.663381206337363e-13
4.547473508864641e-12
3.524291969370097e-12
1.2448708730516955e-11
-3.524291969370097e-12
3.581135388230905e-12
1.6484591469634324e-12
5.9117155615240335e-12
1.3073986337985843e-12
1.5347723092418164e-12
2.6147972675971687e-12
-5.172751116333529e-12
1.9895196601282805e-12
5.172751116333529e-12
-7.389644451905042e-12
-2.5579538487363607e-12
1.5347723092418164e-12
6.480149750132114e-12
2.1032064978498966e-12
9.663381206337363e-13
-4.718003765447065e-12
-8.526512829121202e-13
2.6147972675971687e-12
2.8421709430404007e-13
-2.6147972675971687e-12
1.6484591469634324e-12
3.410605131648481e-12
-4.490630090003833e-12
-5.4001247917767614e-12
-2.8990143619012088e-12
-4.490630090003833e-12
7.332801033044234e-12
1.4210854715202004e-12
1.3073986337985843e-12
1.3073986337985843e-12
4.092726157978177e-12
-1.1937117960769683e-12
-2.2737367544323206e-12
5.6274984672199935e-12
-5.9685589803848416e-12
-1.0516032489249483e-11
4.263256414560601e-12
2.9558577807620168e-12
2.1032064978498966e-12
-2.7853275241795927e-12
5.115907697472721e-13
6.0822458181064576e-12
1.4210854715202004e-12
-5.115907697472721e-13
-1.4779288903810084e-12
-2.2168933355715126e-12
-2.8421709430404007e-13
-1.0800249583553523e-12
5.684341886080802e-14
-7.673861546209082e-12
-2.2737367544323206e-13
6.991740519879386e-12
3.865352482534945e-12
-1.6484591469634324e-12
-5.684341886080801e-13
1.6484591469634324e-12
-4.149569576838985e-12
2.2737367544323206e-13
3.410605131648481e-13
-9.663381206337363e-13
-5.4001247917767614e-12
6.707523425575346e-12
-5.343281372915953e-12
2.8421709430404007e-12
3.865352482534945e-12
-4.604316927725449e-12
-4.035882739117369e-12
-6.366462912410498e-12
6.821210263296962e-13
1.7053025658242404e-12
-2.3874235921539366e-12
-5.684341886080801e-13
-4.490630090003833e-12
1.5347723092418164e-12
-1.2505552149377763e-12
-6.252776074688882e-13
-5.229594535194337e-12
-4.149569576838985e-12
-6.821210263296962e-13
3.979039320256561e-13
2.8421709430404007e-12
-2.1032064978498966e-12
-1.7053025658242404e-12
-1.1937117960769683e-12
-5.059064278611913e-12
-1.1368683772161603e-12
5.684341886080802e-14
-3.353761712787673e-12
-5.115907697472721e-13
-4.888534022029489e-12
-9.038103598868474e-12
-7.219114195322618e-12
-1.7053025658242404e-13
1.3073986337985843e-12
-5.8548721426632255e-12
-4.604316927725449e-12
-2.8421709430404007e-13
-3.069544618483633e-12
9.663381206337363e-13
-1.0800249583553523e-12
1.7053025658242404e-13
5.684341886080802e-14
3.353761712787673e-12
2.5011104298755527e-12
1.9895196601282805e-12
5.4569682106375694e-12
1.0800249583553523e-12
4.320099833421409e-12
-2.3305801732931286e-12
2.1600499167107046e-12
-5.7411853049416095e-12
1.1368683772161603e-12
-8.242295734817162e-12
-5.115907697472721e-13
-9.663381206337363e-12
-2.8421709430404007e-13
2.5011104298755527e-12
1.0800249583553523e-12
1.7621459846850485e-12
2.3874235921539366e-12
-5.684341886080802e-14
5.286437954055145e-12
-6.252776074688882e-13
1.5347723092418164e-12
1.6484591469634324e-12
-6.252776074688882e-13
-1.9895196601282805e-12
1.9895196601282805e-12
-3.240074875066057e-12
-6.821210263296962e-13
-2.5579538487363607e-12
-6.536993168992922e-12
-4.035882739117369e-12
3.524291969370097e-12
-2.5579538487363607e-12
1.7621459846850485e-12
4.320099833421409e-12
1.1368683772161603e-13
1.4210854715202004e-12
1.6484591469634324e-12
-1.7621459846850485e-12
-2.2168933355715126e-12
-3.240074875066057e-12
-4.263256414560601e-12
-3.694822225952521e-12
9.663381206337363e-13
-5.9685589803848416e-12
-6.991740519879386e-12
-8.526512829121202e-13
-3.410605131648481e-12
1.3073986337985843e-12
1.1937117960769683e-12
-9.833911462919787e-12
-2.6716406864579767e-12
-2.7284841053187847e-12
-3.069544618483633e-12
2.1600499167107046e-12
0.0
9.663381206337363e-13
-7.389644451905042e-13
4.945377440890297e-12
2.4442670110147446e-12
4.945377440890297e-12
5.9117155615240335e-12
-3.979039320256561e-13
7.389644451905042e-13
2.6147972675971687e-12
3.0127011996228248e-12
2.2168933355715126e-12
5.059064278611913e-12
-1.4210854715202004e-12
-5.172751116333529e-12
1.7621459846850485e-12
1.5916157281026244e-12
7.389644451905042e-13
3.240074875066057e-12
-1.0231815394945443e-12
3.183231456205249e-12
2.0463630789890885e-12
3.581135388230905e-12
3.979039320256561e-13
3.410605131648481e-13
-1.0800249583553523e-12
-2.6716406864579767e-12
-1.7053025658242404e-13
7.958078640513122e-13
1.1937117960769683e-12
2.8421709430404007e-13
-2.5579538487363607e-12
5.684341886080802e-14
5.684341886080802e-14
-7.389644451905042e-13
9.663381206337363e-13
-1.8758328224066645e-12
1.7621459846850485e-12
-7.389644451905042e-13
5.684341886080802e-14
1.3073986337985843e-12
-1.1368683772161603e-12
-2.7853275241795927e-12
-2.7853275241795927e-12
-7.389644451905042e-13
-3.183231456205249e-12
-2.3874235921539366e-12
-5.286437954055145e-12
-3.524291969370097e-12
-4.263256414560601e-12
-6.87805368215777e-12
-4.433786671143025e-12
-5.4569682106375694e-12
-5.9685589803848416e-12
-7.389644451905042e-13
-2.3305801732931286e-12
-1.0231815394945443e-12
-3.808509063674137e-12
-3.581135388230905e-12
-3.694822225952521e-12
-2.3305801732931286e-12
-2.2168933355715126e-12
-3.069544618483633e-12
-1.5347723092418164e-12
9.663381206337363e-13
1.4210854715202004e-12
1.8758328224066645e-12
1.5347723092418164e-12
1.7621459846850485e-12
3.353761712787673e-12
3.183231456205249e-12
1.3642420526593924e-12
1.4210854715202004e-12
1.4210854715202004e-12
6.821210263296962e-13
-9.094947017729282e-13
-2.2168933355715126e-12
-2.4442670110147446e-12
3.979039320256561e-13
1.1937117960769683e-12
-7.389644451905042e-13
-7.389644451905042e-13
-1.4210854715202004e-12
3.410605131648481e-13
-5.115907697472721e-13
-8.526512829121202e-13
-7.958078640513122e-13
-1.7053025658242404e-13
5.684341886080802e-14
1.4210854715202004e-12
5.684341886080802e-14
1.5347723092418164e-12
1.2505552149377763e-12
-2.2737367544323206e-13
1.7053025658242404e-13
-1.1368683772161603e-13
-3.979039320256561e-13
-1.0800249583553523e-12
5.684341886080802e-14
2.8421709430404007e-13
2.8421709430404007e-13
8.526512829121202e-13
5.684341886080802e-14
8.526512829121202e-13
1.0800249583553523e-12
7.389644451905042e-13
5.684341886080801e-13
1.7053025658242404e-13
-1.1937117960769683e-12
-1.4779288903810084e-12
-1.8189894035458565e-12
-6.252776074688882e-13
-2.6716406864579767e-12
-2.1032064978498966e-12
-2.2168933355715126e-12
-1.0800249583553523e-12
-1.6484591469634324e-12
-9.094947017729282e-13
-2.8421709430404007e-13
5.684341886080802e-14
2.8421709430404007e-13
-5.684341886080802e-14
1.7053025658242404e-13
6.252776074688882e-13
9.663381206337363e-13
1.1368683772161603e-12
8.526512829121202e-13
6.252776074688882e-13
1.6484591469634324e-12
1.4210854715202004e-12
8.526512829121202e-13
1.7621459846850485e-12
1.7053025658242404e-13
4.547473508864641e-13
1.0800249583553523e-12
9.094947017729282e-13
8.526512829121202e-13
7.389644451905042e-13
1.4210854715202004e-12
8.526512829121202e-13
8.526512829121202e-13
9.663381206337363e-13
1.7621459846850485e-12
1.0800249583553523e-12
1.0800249583553523e-12
1.4210854715202004e-12
1.4210854715202004e-12
1.7053025658242404e-13
9.663381206337363e-13
1.0231815394945443e-12
5.115907697472721e-13
2.8421709430404007e-13
3.979039320256561e-13
7.958078640513122e-13
3.979039320256561e-13
1.7053025658242404e-13
-1.7053025658242404e-13
-5.684341886080802e-14
-4.547473508864641e-13
-6.252776074688882e-13
-9.663381206337363e-13
-3.979039320256561e-13
-3.979039320256561e-13
-3.979039320256561e-13
1.7053025658242404e-13
1.7053025658242404e-13
-5.684341886080802e-14
1.7053025658242404e-13
5.684341886080801e-13
1.7053025658242404e-13
5.115907697472721e-13
6.252776074688882e-13
8.526512829121202e-13
6.252776074688882e-13
5.115907697472721e-13
2.8421709430404007e-13
-3.979039320256561e-13
-1.7053025658242404e-13
-2.2737367544323206e-13
-1.7053025658242404e-13
-5.684341886080802e-14
-6.252776074688882e-13
-7.389644451905042e-13
-6.252776074688882e-13
-6.252776074688882e-13
-3.979039320256561e-13
-5.684341886080802e-14
5.684341886080802e-14
-1.7053025658242404e-13
-2.2737367544323206e-13
-3.979039320256561e-13
-1.7053025658242404e-13
-2.2737367544323206e-13
5.684341886080802e-14
-5.684341886080802e-14
-2.2737367544323206e-13
-2.8421709430404007e-13
-2.8421709430404007e-13
-2.8421709430404007e-13
-3.979039320256561e-13
-3.410605131648481e-13
-3.979039320256561e-13
-3.979039320256561e-13
-2.8421709430404007e-13
-5.684341886080802e-14
0.0
2.8421709430404007e-13
2.8421709430404007e-13
1.7053025658242404e-13
3.979039320256561e-13
0.0
5.684341886080802e-14
2.2737367544323206e-13
5.684341886080802e-14
-5.684341886080802e-14
-1.7053025658242404e-13
-2.8421709430404007e-13
-3.979039320256561e-13
1.7053025658242404e-13
5.684341886080802e-14
-1.7053025658242404e-13
-2.8421709430404007e-13
5.684341886080802e-14
5.684341886080802e-14
3.979039320256561e-13
1.7053025658242404e-13
3.979039320256561e-13
4.547473508864641e-13
4.547473508864641e-13
3.410605131648481e-13
2.2737367544323206e-13
3.979039320256561e-13
5.115907697472721e-13
3.979039320256561e-13
2.8421709430404007e-13
6.252776074688882e-13
6.252776074688882e-13
7.389644451905042e-13
7.389644451905042e-13
6.252776074688882e-13
6.821210263296962e-13
7.389644451905042e-13
7.389644451905042e-13
6.252776074688882e-13
6.252776074688882e-13
5.115907697472721e-13
5.684341886080801e-13
6.252776074688882e-13
6.252776074688882e-13
6.252776074688882e-13
5.115907697472721e-13
6.252776074688882e-13
7.389644451905042e-13
7.389644451905042e-13
7.389644451905042e-13
7.389644451905042e-13
7.389644451905042e-13
7.389644451905042e-13
6.821210263296962e-13
7.389644451905042e-13
7.389644451905042e-13
6.252776074688882e-13
7.389644451905042e-13
8.526512829121202e-13
7.958078640513122e-13
7.958078640513122e-13
7.958078640513122e-13
8.526512829121202e-13
7.958078640513122e-13
8.526512829121202e-13
7.958078640513122e-13
7.958078640513122e-13
9.094947017729282e-13
7.389644451905042e-13
8.526512829121202e-13
9.663381206337363e-13
8.526512829121202e-13
8.526512829121202e-13
8.526512829121202e-13
8.526512829121202e-13
7.389644451905042e-13
7.389644451905042e-13
7.958078640513122e-13
7.958078640513122e-13
8.526512829121202e-13
8.526512829121202e-13
8.526512829121202e-13
9.663381206337363e-13
9.663381206337363e-13
9.663381206337363e-13
9.663381206337363e-13
9.663381206337363e-13
9.663381206337363e-13
9.663381206337363e-13
9.663381206337363e-13
9.663381206337363e-13
9.663381206337363e-13
9.663381206337363e-13
9.663381206337363e-13
1.0800249583553523e-12
1.0800249583553523e-12
1.0800249583553523e-12
1.0800249583553523e-12
1.0800249583553523e-12
1.0231815394945443e-12
1.0800249583553523e-12
1.0800249583553523e-12
1.1368683772161603e-12
1.0800249583553523e-12
1.1368683772161603e-12
1.1368683772161603e-12
1.1368683772161603e-12
1.1368683772161603e-12
1.1368683772161603e-12
1.1937117960769683e-12
1.1937117960769683e-12
1.1937117960769683e-12
1.2505552149377763e-12
1.1368683772161603e-12
1.0800249583553523e-12
1.0800249583553523e-12
1.1368683772161603e-12
1.1368683772161603e-12
1.1368683772161603e-12
1.1937117960769683e-12
1.1937117960769683e-12
1.1937117960769683e-12
1.1937117960769683e-12
1.1937117960769683e-12
1.1368683772161603e-12
1.0800249583553523e-12
1.0231815394945443e-12
1.0231815394945443e-12
1.0231815394945443e-12
1.0231815394945443e-12
1.0231815394945443e-12
9.094947017729282e-13
8.526512829121202e-13
8.526512829121202e-13
8.526512829121202e-13
8.526512829121202e-13
9.094947017729282e-13
9.094947017729282e-13
9.094947017729282e-13
8.526512829121202e-13
7.958078640513122e-13
8.526512829121202e-13
8.526512829121202e-13
8.526512829121202e-13
8.526512829121202e-13
8.526512829121202e-13
7.389644451905042e-13
7.389644451905042e-13
8.526512829121202e-13
7.389644451905042e-13
7.389644451905042e-13
7.389644451905042e-13
7.389644451905042e-13
7.389644451905042e-13
7.389644451905042e-13
7.389644451905042e-13
7.389644451905042e-13
7.389644451905042e-13
7.389644451905042e-13
8.526512829121202e-13
7.389644451905042e-13
6.252776074688882e-13
7.389644451905042e-13
7.389644451905042e-13
6.252776074688882e-13
6.252776074688882e-13
6.252776074688882e-13
6.252776074688882e-13
6.252776074688882e-13
7.389644451905042e-13
6.252776074688882e-13
7.389644451905042e-13
7.389644451905042e-13
7.389644451905042e-13
8.526512829121202e-13
7.389644451905042e-13
7.389644451905042e-13
7.389644451905042e-13
7.389644451905042e-13
7.389644451905042e-13
7.389644451905042e-13
7.389644451905042e-13
7.389644451905042e-13
7.389644451905042e-13
7.389644451905042e-13
7.389644451905042e-13
7.389644451905042e-13
7.389644451905042e-13
7.389644451905042e-13
7.389644451905042e-13
7.389644451905042e-13
7.389644451905042e-13
7.389644451905042e-13
7.389644451905042e-13
7.389644451905042e-13
7.389644451905042e-13
7.389644451905042e-13
7.389644451905042e-13
6.252776074688882e-13
6.252776074688882e-13
7.389644451905042e-13
7.389644451905042e-13
7.389644451905042e-13
6.252776074688882e-13
6.252776074688882e-13
6.252776074688882e-13
6.252776074688882e-13
6.252776074688882e-13
6.252776074688882e-13
6.252776074688882e-13
6.252776074688882e-13
6.252776074688882e-13
6.252776074688882e-13
6.252776074688882e-13
6.252776074688882e-13
6.252776074688882e-13
6.252776074688882e-13
7.389644451905042e-13
7.389644451905042e-13
6.252776074688882e-13
7.389644451905042e-13
7.389644451905042e-13
7.389644451905042e-13
8.526512829121202e-13
7.389644451905042e-13
7.389644451905042e-13
7.389644451905042e-13
6.252776074688882e-13
7.389644451905042e-13
7.389644451905042e-13
6.252776074688882e-13
6.252776074688882e-13
7.389644451905042e-13
7.389644451905042e-13
7.389644451905042e-13
7.389644451905042e-13
6.252776074688882e-13
6.252776074688882e-13
6.252776074688882e-13
7.389644451905042e-13
7.389644451905042e-13
7.389644451905042e-13
7.389644451905042e-13
7.389644451905042e-13
7.389644451905042e-13
7.389644451905042e-13
7.389644451905042e-13
7.389644451905042e-13
7.389644451905042e-13
7.389644451905042e-13
7.389644451905042e-13
8.526512829121202e-13
8.526512829121202e-13
8.526512829121202e-13
8.526512829121202e-13
8.526512829121202e-13
8.526512829121202e-13
8.526512829121202e-13
8.526512829121202e-13
8.526512829121202e-13
8.526512829121202e-13
8.526512829121202e-13
8.526512829121202e-13
8.526512829121202e-13
8.526512829121202e-13
8.526512829121202e-13
8.526512829121202e-13
8.526512829121202e-13
9.663381206337363e-13
8.526512829121202e-13
8.526512829121202e-13
8.526512829121202e-13
8.526512829121202e-13
8.526512829121202e-13
8.526512829121202e-13
8.526512829121202e-13
8.526512829121202e-13
8.526512829121202e-13
8.526512829121202e-13
8.526512829121202e-13
8.526512829121202e-13
8.526512829121202e-13
8.526512829121202e-13
8.526512829121202e-13
8.526512829121202e-13
8.526512829121202e-13
8.526512829121202e-13
8.526512829121202e-13
8.526512829121202e-13
8.526512829121202e-13
8.526512829121202e-13
8.526512829121202e-13
8.526512829121202e-13
7.389644451905042e-13
7.389644451905042e-13
7.389644451905042e-13
