15.888107683393855
6.608148650205976
3.6644949859208964
2.1933291764820524
1.3492570166544056
0.8428798076076873
0.5326753868914693
0.3399518231942693
0.21881101652752477
0.1419194595590625
0.09267231730564163
0.06088312814654273
0.04022261257466653
0.026709471931667395
0.017819167062270935
0.011939903083657555
0.008030976705754256
0.005420961387699208
0.003671346203645953
0.0024942834464809494
0.0016995949299598578
0.0011612151877216093
0.0007953905293334174
0.0005461658722651919
0.00037587560109386686
0.00025922373970388435
0.00017912493672156415
0.00012400553646330081
8.600502042099833e-05
5.974809039344109e-05
4.15716310726566e-05
2.896733758461778e-05
2.02136830012023e-05
1.4124783660918183e-05
9.883622851702967e-06
6.924611398062552e-06
4.85716759612842e-06
3.4108262525478494e-06
2.3978047920536483e-06
1.6873793811100768e-06
1.188601004287193e-06
8.380479812331032e-07
5.914126859352109e-07
4.1771681935642846e-07
2.9527427614084445e-07
2.0889024199277628e-07
1.478889544159756e-07
1.047783371177502e-07
7.428434400935657e-08
5.2702034736284986e-08
3.741479304153472e-08
2.657793629623484e-08
1.8891455511038657e-08
1.3431645129458047e-08
9.559244062984362e-09
6.8047256718273275e-09
4.848743628826924e-09
3.4560798667371273e-09
2.4635937734274194e-09
1.7591901269042864e-09
1.2546479410957545e-09
8.953975338954479e-10
6.39829522697255e-10
4.573621481540613e-10
3.2525804272154346e-10
2.3578650143463165e-10
1.6780177247710526e-10
1.1891643225681037e-10
8.617462299298495e-11
6.218670023372397e-11
4.388311936054379e-11
3.2741809263825417e-11
2.1941559680271894e-11
1.7621459846850485e-11
1.1141310096718371e-11
7.503331289626658e-12
5.229594535194337e-12
2.9558577807620168e-12
4.206412995699793e-12
6.821210263296962e-13
2.9558577807620168e-12
2.8421709430404007e-12
-3.410605131648481e-13
9.094947017729282e-13
-4.547473508864641e-13
1.1368683772161603e-12
-2.2737367544323206e-13
-3.410605131648481e-13
1.0231815394945443e-12
2.5011104298755527e-12
0.0
3.410605131648481e-13
-7.958078640513122e-13
2.2737367544323206e-13
-6.821210263296962e-13
9.094947017729282e-13
1.3642420526593924e-12
0.0
1.0231815394945443e-12
1.5916157281026244e-12
-4.547473508864641e-13
7.958078640513122e-13
0.0
-1.1368683772161603e-13
-2.7284841053187847e-12
-1.2505552149377763e-12
-1.7053025658242404e-12
4.547473508864641e-13
4.547473508864641e-13
-1.1368683772161603e-12
-1.1368683772161603e-13
-1.2505552149377763e-12
2.2737367544323206e-13
-3.069544618483633e-12
7.958078640513122e-13
1.8189894035458565e-12
-7.958078640513122e-13
-9.094947017729282e-13
7.958078640513122e-13
-1.0231815394945443e-12
-2.0463630789890885e-12
6.821210263296962e-13
4.547473508864641e-13
-1.1368683772161603e-12
0.0
-6.821210263296962e-13
-1.1368683772161603e-13
1.4779288903810084e-12
-1.3642420526593924e-12
-2.0463630789890885e-12
1.0231815394945443e-12
0.0
1.0231815394945443e-12
1.0231815394945443e-12
1.1368683772161603e-13
-7.958078640513122e-13
-1.0231815394945443e-12
1.3642420526593924e-12
-1.0231815394945443e-12
3.410605131648481e-13
-1.8189894035458565e-12
4.547473508864641e-13
1.4779288903810084e-12
1.7053025658242404e-12
9.094947017729282e-13
1.3642420526593924e-12
1.0231815394945443e-12
5.684341886080801e-13
9.094947017729282e-13
1.4779288903810084e-12
1.1368683772161603e-12
6.821210263296962e-13
3.410605131648481e-13
3.410605131648481e-13
6.821210263296962e-13
-2.2737367544323206e-13
-3.410605131648481e-13
-6.821210263296962e-13
-4.547473508864641e-13
-4.547473508864641e-13
-7.958078640513122e-13
-1.1368683772161603e-13
1.1368683772161603e-13
4.547473508864641e-13
2.2737367544323206e-13
3.410605131648481e-13
5.684341886080801e-13
9.094947017729282e-13
7.958078640513122e-13
1.1368683772161603e-12
1.4779288903810084e-12
1.5916157281026244e-12
1.4779288903810084e-12
1.4779288903810084e-12
1.4779288903810084e-12
1.1368683772161603e-12
1.1368683772161603e-12
1.3642420526593924e-12
1.1368683772161603e-12
1.1368683772161603e-12
9.094947017729282e-13
1.0231815394945443e-12
1.1368683772161603e-12
1.1368683772161603e-12
1.1368683772161603e-12
1.0231815394945443e-12
1.1368683772161603e-12
1.0231815394945443e-12
1.1368683772161603e-12
1.2505552149377763e-12
1.1368683772161603e-12
1.2505552149377763e-12
1.0231815394945443e-12
1.0231815394945443e-12
1.0231815394945443e-12
1.1368683772161603e-12
1.1368683772161603e-12
1.1368683772161603e-12
1.1368683772161603e-12
1.1368683772161603e-12
1.1368683772161603e-12
1.1368683772161603e-12
1.1368683772161603e-12
1.1368683772161603e-12
1.1368683772161603e-12
1.1368683772161603e-12
1.1368683772161603e-12
1.1368683772161603e-12
1.1368683772161603e-12
1.1368683772161603e-12
1.1368683772161603e-12
1.1368683772161603e-12
1.1368683772161603e-12
1.1368683772161603e-12
1.1368683772161603e-12
1.1368683772161603e-12
