16.42761059641498
3.5057223360737453
0.568282206526078
0.15825596905744987
0.048717567748326474
0.01202804777142319
0.0037339095003972034
0.0015028064410671504
0.0003953880702738388
0.00011890152177329583
5.582950927873753e-05
1.5887405538705934e-05
5.349480829863751e-06
2.427158619866532e-06
7.262362942128675e-07
2.592872760942555e-07
1.165230969490949e-07
3.666059456008952e-08
1.4142074178380426e-08
6.136133379186504e-09
2.000888343900442e-09
8.085407898761332e-10
3.4515323932282627e-10
1.156195139628835e-10
6.30961949354969e-11
2.1373125491663814e-11
6.0254023992456496e-12
5.229594535194337e-12
1.9326762412674725e-12
7.958078640513122e-13
2.5011104298755527e-12
2.2737367544323206e-13
0.0
2.5011104298755527e-12
-1.1368683772161603e-12
0.0
-4.547473508864641e-13
-7.958078640513122e-13
4.547473508864641e-13
-6.821210263296962e-13
4.547473508864641e-13
1.1368683772161603e-12
-5.684341886080801e-13
4.547473508864641e-13
2.2737367544323206e-13
-1.1368683772161603e-13
-3.524291969370097e-12
-1.7053025658242404e-12
6.821210263296962e-13
-2.7284841053187847e-12
-2.2737367544323206e-13
-9.094947017729282e-13
0.0
-4.547473508864641e-13
-9.094947017729282e-13
-1.9326762412674725e-12
-2.1600499167107046e-12
-4.547473508864641e-13
-1.4779288903810084e-12
-6.821210263296962e-13
-1.0231815394945443e-12
-1.0231815394945443e-12
1.1368683772161603e-13
-1.1368683772161603e-12
-5.684341886080801e-13
-4.547473508864641e-13
-3.410605131648481e-13
-4.547473508864641e-13
-2.2737367544323206e-13
1.1368683772161603e-13
5.684341886080801e-13
9.094947017729282e-13
5.684341886080801e-13
9.094947017729282e-13
1.1368683772161603e-12
1.0231815394945443e-12
9.094947017729282e-13
7.958078640513122e-13
1.0231815394945443e-12
9.094947017729282e-13
9.094947017729282e-13
1.2505552149377763e-12
7.958078640513122e-13
1.1368683772161603e-12
1.1368683772161603e-12
1.1368683772161603e-12
1.1368683772161603e-12
1.1368683772161603e-12
1.3642420526593924e-12
1.3642420526593924e-12
1.5916157281026244e-12
1.1368683772161603e-12
1.2505552149377763e-12
1.1368683772161603e-12
1.1368683772161603e-12
1.2505552149377763e-12
1.1368683772161603e-12
1.1368683772161603e-12
1.1368683772161603e-12
1.1368683772161603e-12
1.1368683772161603e-12
1.1368683772161603e-12
1.1368683772161603e-12
1.1368683772161603e-12
1.0231815394945443e-12
1.0231815394945443e-12
1.0231815394945443e-12
1.1368683772161603e-12
1.0231815394945443e-12
1.0231815394945443e-12
1.0231815394945443e-12
1.0231815394945443e-12
1.0231815394945443e-12
1.0231815394945443e-12
1.0231815394945443e-12
9.094947017729282e-13
1.0231815394945443e-12
1.0231815394945443e-12
1.0231815394945443e-12
1.0231815394945443e-12
1.1368683772161603e-12
1.0231815394945443e-12
1.1368683772161603e-12
1.0231815394945443e-12
1.0231815394945443e-12
1.0231815394945443e-12
1.0231815394945443e-12
1.0231815394945443e-12
1.0231815394945443e-12
1.1368683772161603e-12
1.0231815394945443e-12
1.1368683772161603e-12
1.1368683772161603e-12
1.0231815394945443e-12
1.1368683772161603e-12
1.0231815394945443e-12
1.1368683772161603e-12
1.1368683772161603e-12
1.0231815394945443e-12
1.0231815394945443e-12
1.0231815394945443e-12
1.0231815394945443e-12
1.0231815394945443e-12
1.0231815394945443e-12
1.0231815394945443e-12
1.0231815394945443e-12
1.0231815394945443e-12
1.0231815394945443e-12
1.0231815394945443e-12
1.0231815394945443e-12
1.0231815394945443e-12
1.0231815394945443e-12
1.0231815394945443e-12
1.0231815394945443e-12
1.0231815394945443e-12
1.0231815394945443e-12
1.0231815394945443e-12
1.0231815394945443e-12
1.0231815394945443e-12
1.0231815394945443e-12
1.0231815394945443e-12
1.0231815394945443e-12
1.0231815394945443e-12
1.0231815394945443e-12
1.0231815394945443e-12
1.0231815394945443e-12
1.0231815394945443e-12
1.0231815394945443e-12
1.0231815394945443e-12
1.0231815394945443e-12
1.0231815394945443e-12
1.0231815394945443e-12
1.0231815394945443e-12
1.0231815394945443e-12
1.0231815394945443e-12
1.0231815394945443e-12
1.0231815394945443e-12
1.0231815394945443e-12
1.0231815394945443e-12
1.0231815394945443e-12
1.0231815394945443e-12
1.0231815394945443e-12
1.0231815394945443e-12
1.0231815394945443e-12
1.0231815394945443e-12
1.0231815394945443e-12
1.0231815394945443e-12
1.0231815394945443e-12
1.0231815394945443e-12
1.0231815394945443e-12
1.0231815394945443e-12
1.0231815394945443e-12
1.0231815394945443e-12
1.0231815394945443e-12
1.0231815394945443e-12
1.0231815394945443e-12
1.0231815394945443e-12
1.0231815394945443e-12
1.0231815394945443e-12
1.0231815394945443e-12
1.0231815394945443e-12
1.0231815394945443e-12
1.0231815394945443e-12
1.0231815394945443e-12
1.0231815394945443e-12
1.0231815394945443e-12
1.0231815394945443e-12
1.0231815394945443e-12
1.0231815394945443e-12
1.0231815394945443e-12
1.0231815394945443e-12
1.0231815394945443e-12
1.0231815394945443e-12
1.0231815394945443e-12
1.0231815394945443e-12
1.0231815394945443e-12
1.0231815394945443e-12
1.0231815394945443e-12
1.0231815394945443e-12
1.0231815394945443e-12
1.0231815394945443e-12
1.0231815394945443e-12
1.0231815394945443e-12
1.0231815394945443e-12
1.0231815394945443e-12
1.0231815394945443e-12
1.0231815394945443e-12
1.0231815394945443e-12
1.0231815394945443e-12
1.0231815394945443e-12
1.0231815394945443e-12
1.0231815394945443e-12
1.0231815394945443e-12
1.0231815394945443e-12
1.0231815394945443e-12
1.0231815394945443e-12
1.0231815394945443e-12
1.0231815394945443e-12
1.0231815394945443e-12
1.0231815394945443e-12
1.0231815394945443e-12
1.0231815394945443e-12
1.0231815394945443e-12
1.0231815394945443e-12
1.0231815394945443e-12
1.0231815394945443e-12
1.0231815394945443e-12
1.0231815394945443e-12
1.0231815394945443e-12
1.0231815394945443e-12
1.0231815394945443e-12
1.0231815394945443e-12
1.0231815394945443e-12
1.0231815394945443e-12
1.0231815394945443e-12
1.0231815394945443e-12
1.0231815394945443e-12
1.0231815394945443e-12
1.0231815394945443e-12
1.0231815394945443e-12
1.0231815394945443e-12
1.0231815394945443e-12
1.0231815394945443e-12
1.0231815394945443e-12
1.0231815394945443e-12
1.0231815394945443e-12
1.0231815394945443e-12
1.0231815394945443e-12
1.0231815394945443e-12
1.0231815394945443e-12
1.0231815394945443e-12
1.0231815394945443e-12
1.0231815394945443e-12
1.0231815394945443e-12
1.0231815394945443e-12
1.0231815394945443e-12
1.0231815394945443e-12
1.0231815394945443e-12
1.0231815394945443e-12
1.0231815394945443e-12
1.0231815394945443e-12
1.0231815394945443e-12
1.0231815394945443e-12
1.0231815394945443e-12
1.0231815394945443e-12
1.0231815394945443e-12
1.0231815394945443e-12
1.0231815394945443e-12
1.0231815394945443e-12
1.0231815394945443e-12
1.0231815394945443e-12
1.0231815394945443e-12
1.0231815394945443e-12
1.0231815394945443e-12
1.0231815394945443e-12
1.0231815394945443e-12
1.0231815394945443e-12
1.0231815394945443e-12
1.0231815394945443e-12
1.0231815394945443e-12
1.0231815394945443e-12
1.0231815394945443e-12
1.0231815394945443e-12
1.0231815394945443e-12
1.0231815394945443e-12
1.0231815394945443e-12
1.0231815394945443e-12
1.0231815394945443e-12
1.0231815394945443e-12
1.0231815394945443e-12
1.0231815394945443e-12
1.0231815394945443e-12
1.0231815394945443e-12
1.0231815394945443e-12
1.0231815394945443e-12
1.0231815394945443e-12
1.0231815394945443e-12
1.0231815394945443e-12
1.0231815394945443e-12
1.0231815394945443e-12
1.0231815394945443e-12
1.0231815394945443e-12
1.0231815394945443e-12
1.0231815394945443e-12
1.0231815394945443e-12
1.0231815394945443e-12
1.0231815394945443e-12
1.0231815394945443e-12
1.0231815394945443e-12
1.0231815394945443e-12
1.0231815394945443e-12
1.0231815394945443e-12
1.0231815394945443e-12
1.0231815394945443e-12
1.0231815394945443e-12
1.0231815394945443e-12
1.0231815394945443e-12
1.0231815394945443e-12
1.0231815394945443e-12
1.0231815394945443e-12
1.0231815394945443e-12
1.0231815394945443e-12
1.0231815394945443e-12
1.0231815394945443e-12
1.0231815394945443e-12
1.0231815394945443e-12
1.0231815394945443e-12
1.0231815394945443e-12
1.0231815394945443e-12
1.0231815394945443e-12
1.0231815394945443e-12
1.0231815394945443e-12
1.0231815394945443e-12
1.0231815394945443e-12
1.0231815394945443e-12
1.0231815394945443e-12
1.0231815394945443e-12
1.0231815394945443e-12
1.0231815394945443e-12
1.0231815394945443e-12
1.0231815394945443e-12
1.0231815394945443e-12
1.0231815394945443e-12
1.0231815394945443e-12
1.0231815394945443e-12
1.0231815394945443e-12
1.0231815394945443e-12
1.0231815394945443e-12
1.0231815394945443e-12
1.0231815394945443e-12
1.0231815394945443e-12
1.0231815394945443e-12
1.0231815394945443e-12
1.0231815394945443e-12
1.0231815394945443e-12
1.0231815394945443e-12
1.0231815394945443e-12
1.0231815394945443e-12
1.0231815394945443e-12
1.0231815394945443e-12
1.0231815394945443e-12
1.0231815394945443e-12
1.0231815394945443e-12
1.0231815394945443e-12
1.0231815394945443e-12
1.0231815394945443e-12
1.0231815394945443e-12
1.0231815394945443e-12
1.0231815394945443e-12
1.0231815394945443e-12
1.0231815394945443e-12
1.0231815394945443e-12
1.0231815394945443e-12
1.0231815394945443e-12
1.0231815394945443e-12
1.0231815394945443e-12
1.0231815394945443e-12
1.0231815394945443e-12
1.0231815394945443e-12
1.0231815394945443e-12
1.0231815394945443e-12
1.0231815394945443e-12
1.0231815394945443e-12
1.0231815394945443e-12
1.0231815394945443e-12
1.0231815394945443e-12
1.0231815394945443e-12
1.0231815394945443e-12
1.0231815394945443e-12
1.0231815394945443e-12
1.0231815394945443e-12
1.0231815394945443e-12
1.0231815394945443e-12
1.0231815394945443e-12
1.0231815394945443e-12
1.0231815394945443e-12
1.0231815394945443e-12
1.0231815394945443e-12
1.0231815394945443e-12
1.0231815394945443e-12
1.0231815394945443e-12
1.0231815394945443e-12
1.0231815394945443e-12
1.0231815394945443e-12
1.0231815394945443e-12
1.0231815394945443e-12
1.0231815394945443e-12
1.0231815394945443e-12
1.0231815394945443e-12
1.0231815394945443e-12
1.0231815394945443e-12
1.0231815394945443e-12
1.0231815394945443e-12
1.0231815394945443e-12
1.0231815394945443e-12
1.0231815394945443e-12
1.0231815394945443e-12
1.0231815394945443e-12
1.0231815394945443e-12
1.0231815394945443e-12
1.0231815394945443e-12
1.0231815394945443e-12
1.0231815394945443e-12
1.0231815394945443e-12
1.0231815394945443e-12
1.0231815394945443e-12
1.0231815394945443e-12
1.0231815394945443e-12
1.0231815394945443e-12
1.0231815394945443e-12
1.0231815394945443e-12
1.0231815394945443e-12
1.0231815394945443e-12
1.0231815394945443e-12
1.0231815394945443e-12
1.0231815394945443e-12
1.0231815394945443e-12
1.0231815394945443e-12
1.0231815394945443e-12
1.0231815394945443e-12
1.0231815394945443e-12
1.0231815394945443e-12
1.0231815394945443e-12
1.0231815394945443e-12
1.0231815394945443e-12
1.0231815394945443e-12
1.0231815394945443e-12
1.0231815394945443e-12
1.0231815394945443e-12
1.0231815394945443e-12
1.0231815394945443e-12
1.0231815394945443e-12
1.0231815394945443e-12
1.0231815394945443e-12
1.0231815394945443e-12
1.0231815394945443e-12
1.0231815394945443e-12
1.0231815394945443e-12
1.0231815394945443e-12
1.0231815394945443e-12
1.0231815394945443e-12
1.0231815394945443e-12
1.0231815394945443e-12
1.0231815394945443e-12
1.0231815394945443e-12
1.0231815394945443e-12
1.0231815394945443e-12
1.0231815394945443e-12
1.0231815394945443e-12
1.0231815394945443e-12
1.0231815394945443e-12
1.0231815394945443e-12
1.0231815394945443e-12
1.0231815394945443e-12
1.0231815394945443e-12
1.0231815394945443e-12
1.0231815394945443e-12
1.0231815394945443e-12
1.0231815394945443e-12
1.0231815394945443e-12
1.0231815394945443e-12
1.0231815394945443e-12
1.0231815394945443e-12
1.0231815394945443e-12
1.0231815394945443e-12
1.0231815394945443e-12
1.0231815394945443e-12
1.0231815394945443e-12
1.0231815394945443e-12
1.0231815394945443e-12
1.0231815394945443e-12
1.0231815394945443e-12
1.0231815394945443e-12
1.0231815394945443e-12
1.0231815394945443e-12
1.0231815394945443e-12
1.0231815394945443e-12
1.0231815394945443e-12
1.0231815394945443e-12
1.0231815394945443e-12
1.0231815394945443e-12
1.0231815394945443e-12
1.0231815394945443e-12
1.0231815394945443e-12
1.0231815394945443e-12
1.0231815394945443e-12
1.0231815394945443e-12
1.0231815394945443e-12
1.0231815394945443e-12
1.0231815394945443e-12
1.0231815394945443e-12
1.0231815394945443e-12
1.0231815394945443e-12
1.0231815394945443e-12
1.0231815394945443e-12
1.0231815394945443e-12
1.0231815394945443e-12
1.0231815394945443e-12
1.0231815394945443e-12
1.0231815394945443e-12
1.0231815394945443e-12
1.0231815394945443e-12
1.0231815394945443e-12
1.0231815394945443e-12
1.0231815394945443e-12
1.0231815394945443e-12
1.0231815394945443e-12
1.0231815394945443e-12
1.0231815394945443e-12
1.0231815394945443e-12
1.0231815394945443e-12
1.0231815394945443e-12
1.0231815394945443e-12
1.0231815394945443e-12
1.0231815394945443e-12
1.0231815394945443e-12
1.0231815394945443e-12
1.0231815394945443e-12
1.0231815394945443e-12
1.0231815394945443e-12
1.0231815394945443e-12
1.0231815394945443e-12
1.0231815394945443e-12
1.0231815394945443e-12
1.0231815394945443e-12
1.0231815394945443e-12
1.0231815394945443e-12
1.0231815394945443e-12
1.0231815394945443e-12
1.0231815394945443e-12
1.0231815394945443e-12
1.0231815394945443e-12
1.0231815394945443e-12
1.0231815394945443e-12
1.0231815394945443e-12
1.0231815394945443e-12
1.0231815394945443e-12
1.0231815394945443e-12
1.0231815394945443e-12
1.0231815394945443e-12
1.0231815394945443e-12
1.0231815394945443e-12
1.0231815394945443e-12
1.0231815394945443e-12
1.0231815394945443e-12
1.0231815394945443e-12
1.0231815394945443e-12
1.0231815394945443e-12
1.0231815394945443e-12
1.0231815394945443e-12
1.0231815394945443e-12
1.0231815394945443e-12
1.0231815394945443e-12
1.0231815394945443e-12
1.0231815394945443e-12
1.0231815394945443e-12
1.0231815394945443e-12
1.0231815394945443e-12
1.0231815394945443e-12
1.0231815394945443e-12
1.0231815394945443e-12
1.0231815394945443e-12
1.0231815394945443e-12
1.0231815394945443e-12
1.0231815394945443e-12
1.0231815394945443e-12
1.0231815394945443e-12
1.0231815394945443e-12
1.0231815394945443e-12
1.0231815394945443e-12
1.0231815394945443e-12
1.0231815394945443e-12
1.0231815394945443e-12
1.0231815394945443e-12
1.0231815394945443e-12
1.0231815394945443e-12
1.0231815394945443e-12
1.0231815394945443e-12
1.0231815394945443e-12
1.0231815394945443e-12
1.0231815394945443e-12
1.0231815394945443e-12
1.0231815394945443e-12
1.0231815394945443e-12
1.0231815394945443e-12
1.0231815394945443e-12
1.0231815394945443e-12
1.0231815394945443e-12
1.0231815394945443e-12
1.0231815394945443e-12
1.0231815394945443e-12
1.0231815394945443e-12
1.0231815394945443e-12
1.0231815394945443e-12
1.0231815394945443e-12
1.0231815394945443e-12
1.0231815394945443e-12
1.0231815394945443e-12
1.0231815394945443e-12
1.0231815394945443e-12
1.0231815394945443e-12
1.0231815394945443e-12
1.0231815394945443e-12
1.0231815394945443e-12
1.0231815394945443e-12
1.0231815394945443e-12
1.0231815394945443e-12
1.0231815394945443e-12
1.0231815394945443e-12
1.0231815394945443e-12
1.0231815394945443e-12
1.0231815394945443e-12
1.0231815394945443e-12
1.0231815394945443e-12
1.0231815394945443e-12
1.0231815394945443e-12
1.0231815394945443e-12
1.0231815394945443e-12
1.0231815394945443e-12
1.0231815394945443e-12
1.0231815394945443e-12
1.0231815394945443e-12
1.0231815394945443e-12
1.0231815394945443e-12
1.0231815394945443e-12
1.0231815394945443e-12
1.0231815394945443e-12
1.0231815394945443e-12
1.0231815394945443e-12
1.0231815394945443e-12
1.0231815394945443e-12
1.0231815394945443e-12
1.0231815394945443e-12
1.0231815394945443e-12
1.0231815394945443e-12
1.0231815394945443e-12
1.0231815394945443e-12
1.0231815394945443e-12
1.0231815394945443e-12
1.0231815394945443e-12
1.0231815394945443e-12
1.0231815394945443e-12
1.0231815394945443e-12
1.0231815394945443e-12
1.0231815394945443e-12
1.0231815394945443e-12
1.0231815394945443e-12
1.0231815394945443e-12
1.0231815394945443e-12
1.0231815394945443e-12
1.0231815394945443e-12
1.0231815394945443e-12
1.0231815394945443e-12
1.0231815394945443e-12
1.0231815394945443e-12
1.0231815394945443e-12
1.0231815394945443e-12
1.0231815394945443e-12
1.0231815394945443e-12
1.0231815394945443e-12
1.0231815394945443e-12
1.0231815394945443e-12
1.0231815394945443e-12
1.0231815394945443e-12
1.0231815394945443e-12
1.0231815394945443e-12
1.0231815394945443e-12
1.0231815394945443e-12
1.0231815394945443e-12
1.0231815394945443e-12
1.0231815394945443e-12
1.0231815394945443e-12
1.0231815394945443e-12
1.0231815394945443e-12
1.0231815394945443e-12
1.0231815394945443e-12
1.0231815394945443e-12
1.0231815394945443e-12
1.0231815394945443e-12
1.0231815394945443e-12
1.0231815394945443e-12
1.0231815394945443e-12
1.0231815394945443e-12
1.0231815394945443e-12
1.0231815394945443e-12
1.0231815394945443e-12
1.0231815394945443e-12
1.0231815394945443e-12
1.0231815394945443e-12
1.0231815394945443e-12
1.0231815394945443e-12
1.0231815394945443e-12
1.0231815394945443e-12
1.0231815394945443e-12
1.0231815394945443e-12
1.0231815394945443e-12
1.0231815394945443e-12
1.0231815394945443e-12
1.0231815394945443e-12
1.0231815394945443e-12
1.0231815394945443e-12
1.0231815394945443e-12
1.0231815394945443e-12
1.0231815394945443e-12
1.0231815394945443e-12
1.0231815394945443e-12
1.0231815394945443e-12
1.0231815394945443e-12
1.0231815394945443e-12
1.0231815394945443e-12
1.0231815394945443e-12
1.0231815394945443e-12
1.0231815394945443e-12
1.0231815394945443e-12
1.0231815394945443e-12
1.0231815394945443e-12
1.0231815394945443e-12
1.0231815394945443e-12
1.0231815394945443e-12
1.0231815394945443e-12
1.0231815394945443e-12
1.0231815394945443e-12
1.0231815394945443e-12
1.0231815394945443e-12
1.0231815394945443e-12
1.0231815394945443e-12
1.0231815394945443e-12
1.0231815394945443e-12
1.0231815394945443e-12
1.0231815394945443e-12
1.0231815394945443e-12
1.0231815394945443e-12
1.0231815394945443e-12
1.0231815394945443e-12
1.0231815394945443e-12
1.0231815394945443e-12
1.0231815394945443e-12
1.0231815394945443e-12
1.0231815394945443e-12
1.0231815394945443e-12
1.0231815394945443e-12
1.0231815394945443e-12
1.0231815394945443e-12
1.0231815394945443e-12
1.0231815394945443e-12
1.0231815394945443e-12
1.0231815394945443e-12
1.0231815394945443e-12
1.0231815394945443e-12
1.0231815394945443e-12
1.0231815394945443e-12
1.0231815394945443e-12
1.0231815394945443e-12
1.0231815394945443e-12
1.0231815394945443e-12
1.0231815394945443e-12
1.0231815394945443e-12
1.0231815394945443e-12
1.0231815394945443e-12
1.0231815394945443e-12
1.0231815394945443e-12
1.0231815394945443e-12
1.0231815394945443e-12
1.0231815394945443e-12
1.0231815394945443e-12
1.0231815394945443e-12
1.0231815394945443e-12
1.0231815394945443e-12
1.0231815394945443e-12
1.0231815394945443e-12
1.0231815394945443e-12
1.0231815394945443e-12
1.0231815394945443e-12
1.0231815394945443e-12
1.0231815394945443e-12
1.0231815394945443e-12
1.0231815394945443e-12
1.0231815394945443e-12
1.0231815394945443e-12
1.0231815394945443e-12
1.0231815394945443e-12
1.0231815394945443e-12
1.0231815394945443e-12
1.0231815394945443e-12
1.0231815394945443e-12
1.0231815394945443e-12
1.0231815394945443e-12
1.0231815394945443e-12
1.0231815394945443e-12
1.0231815394945443e-12
1.0231815394945443e-12
1.0231815394945443e-12
1.0231815394945443e-12
1.0231815394945443e-12
1.0231815394945443e-12
1.0231815394945443e-12
1.0231815394945443e-12
1.0231815394945443e-12
1.0231815394945443e-12
1.0231815394945443e-12
1.0231815394945443e-12
1.0231815394945443e-12
1.0231815394945443e-12
1.0231815394945443e-12
1.0231815394945443e-12
1.0231815394945443e-12
1.0231815394945443e-12
1.0231815394945443e-12
1.0231815394945443e-12
1.0231815394945443e-12
1.0231815394945443e-12
1.0231815394945443e-12
1.0231815394945443e-12
1.0231815394945443e-12
1.0231815394945443e-12
1.0231815394945443e-12
1.0231815394945443e-12
1.0231815394945443e-12
1.0231815394945443e-12
1.0231815394945443e-12
1.0231815394945443e-12
1.0231815394945443e-12
1.0231815394945443e-12
1.0231815394945443e-12
1.0231815394945443e-12
1.0231815394945443e-12
1.0231815394945443e-12
1.0231815394945443e-12
1.0231815394945443e-12
1.0231815394945443e-12
1.0231815394945443e-12
1.0231815394945443e-12
1.0231815394945443e-12
1.0231815394945443e-12
1.0231815394945443e-12
1.0231815394945443e-12
1.0231815394945443e-12
1.0231815394945443e-12
1.0231815394945443e-12
1.0231815394945443e-12
1.0231815394945443e-12
1.0231815394945443e-12
1.0231815394945443e-12
1.0231815394945443e-12
1.0231815394945443e-12
1.0231815394945443e-12
1.0231815394945443e-12
1.0231815394945443e-12
1.0231815394945443e-12
1.0231815394945443e-12
1.0231815394945443e-12
1.0231815394945443e-12
1.0231815394945443e-12
1.0231815394945443e-12
1.0231815394945443e-12
1.0231815394945443e-12
1.0231815394945443e-12
1.0231815394945443e-12
1.0231815394945443e-12
1.0231815394945443e-12
1.0231815394945443e-12
1.0231815394945443e-12
1.0231815394945443e-12
1.0231815394945443e-12
1.0231815394945443e-12
1.0231815394945443e-12
1.0231815394945443e-12
1.0231815394945443e-12
1.0231815394945443e-12
1.0231815394945443e-12
1.0231815394945443e-12
1.0231815394945443e-12
1.0231815394945443e-12
1.0231815394945443e-12
1.0231815394945443e-12
1.0231815394945443e-12
1.0231815394945443e-12
1.0231815394945443e-12
1.0231815394945443e-12
1.0231815394945443e-12
1.0231815394945443e-12
1.0231815394945443e-12
1.0231815394945443e-12
1.0231815394945443e-12
1.0231815394945443e-12
1.0231815394945443e-12
1.0231815394945443e-12
1.0231815394945443e-12
1.0231815394945443e-12
1.0231815394945443e-12
1.0231815394945443e-12
1.0231815394945443e-12
1.0231815394945443e-12
1.0231815394945443e-12
1.0231815394945443e-12
1.0231815394945443e-12
1.0231815394945443e-12
1.0231815394945443e-12
1.0231815394945443e-12
1.0231815394945443e-12
1.0231815394945443e-12
1.0231815394945443e-12
1.0231815394945443e-12
1.0231815394945443e-12
1.0231815394945443e-12
1.0231815394945443e-12
1.0231815394945443e-12
1.0231815394945443e-12
1.0231815394945443e-12
1.0231815394945443e-12
1.0231815394945443e-12
1.0231815394945443e-12
1.0231815394945443e-12
1.0231815394945443e-12
1.0231815394945443e-12
1.0231815394945443e-12
1.0231815394945443e-12
1.0231815394945443e-12
1.0231815394945443e-12
1.0231815394945443e-12
1.0231815394945443e-12
1.0231815394945443e-12
1.0231815394945443e-12
1.0231815394945443e-12
1.0231815394945443e-12
1.0231815394945443e-12
1.0231815394945443e-12
1.0231815394945443e-12
1.0231815394945443e-12
1.0231815394945443e-12
1.0231815394945443e-12
1.0231815394945443e-12
1.0231815394945443e-12
1.0231815394945443e-12
1.0231815394945443e-12
1.0231815394945443e-12
1.0231815394945443e-12
1.0231815394945443e-12
1.0231815394945443e-12
1.0231815394945443e-12
1.0231815394945443e-12
1.0231815394945443e-12
1.0231815394945443e-12
1.0231815394945443e-12
1.0231815394945443e-12
1.0231815394945443e-12
1.0231815394945443e-12
1.0231815394945443e-12
1.0231815394945443e-12
1.0231815394945443e-12
1.0231815394945443e-12
1.0231815394945443e-12
1.0231815394945443e-12
1.0231815394945443e-12
1.0231815394945443e-12
1.0231815394945443e-12
1.0231815394945443e-12
1.0231815394945443e-12
1.0231815394945443e-12
1.0231815394945443e-12
1.0231815394945443e-12
