90.22769925700533
52.18269307494069
34.019548494865546
26.89136808519521
18.591285341855325
15.265425304270707
10.56703224001211
8.725947720364502
6.061918546068625
5.0600125265813745
3.553856417236034
3.038931519372454
2.172472334333463
1.931932029917391
1.4123052742828577
1.3247164793417028
0.9916570708989525
0.989724190632046
0.7574074378032378
0.8083533932669411
0.6304162724190405
0.7214936012108524
0.5710798034988898
0.7019806502459573
0.5614732533196616
0.7437183938652083
0.6019215840581751
0.8655080538457582
0.7162523374939269
1.129405375739168
0.9773551699352083
1.7166730877291343
1.790490841852204
3.703016065322288
6.38032513334548
18.09045962183029
59.136588021389514
nan
1006.9711185593744
nan
25285.29986458993
nan
711577.5633971454
nan
20969273.13887723
nan
635448098.3259765
nan
19672540191.781372
nan
620277435442.3994
nan
19883352371716.168
nan
647230120371231.0
nan
2.1374634205652748e+16
nan
7.155880319057061e+17
nan
2.4266977788815696e+19
nan
8.329358721583113e+20
nan
2.8912787570963054e+22
nan
1.014087901774354e+24
nan
3.5907454209876916e+25
nan
1.2824275226041007e+27
nan
4.6157718020306096e+28
nan
1.6728579457370205e+30
nan
6.100125409348265e+31
nan
2.2365104838172367e+33
nan
8.238934101585149e+34
nan
3.0477757508254754e+36
nan
1.1315631107395527e+38
nan
4.214603559527298e+39
nan
1.5741269396590684e+41
nan
5.893496173074473e+42
nan
2.2111671980657133e+44
nan
8.311285847009348e+45
nan
3.129040170471135e+47
nan
1.1796741866539754e+49
nan
4.452915929520129e+50
