108.97995317810478
70.9949165207355
49.31041243317338
35.73066603322769
26.670058288112386
20.34651158869775
15.785049554726754
12.411251119268172
9.866228973286951
7.915589731121543
6.400713270622958
5.211134124609174
4.268062876437114
3.5141730090157353
2.9071164534964
2.4151504569943825
2.0141601595242093
1.6856414954428374
1.4152383316825023
1.1917241452541134
1.0062619635899068
0.8518321118595793
0.7228214036747147
0.6147076594500049
0.5238462898909688
0.4472849253795914
0.3826141938488945
0.32786377998453986
0.2814109805667613
0.24191464456887957
0.2082695907698735
0.17955716376425812
0.15500981706401262
0.13399061188528094
0.11596282033332272
0.10047818577578482
0.08715914461450325
0.07568907397524072
0.06579803058721723
0.05725768776528639
0.04987442556125643
0.04348417503598512
0.03794704526336545
0.03314397435380556
0.028973381822595456
0.025348458056640766
0.02219425876933201
0.019447173833782472
0.017052654453777905
0.014963517282581051
0.013139579521748601
0.011545856514430852
0.010152102647566608
0.008932265909209036
0.00786403728787377
0.006927925480027852
0.006106894406656238
0.005386347267943847
0.004753497324145428
0.004197372994354964
0.003708349714486303
0.003278034753918746
0.0028991516866199163
0.00256534068688552
0.0022710430071413157
0.0020114566972040393
0.0017823660478768488
0.0015800895462803055
0.00140138948026447
0.001243425417015942
0.0011037416905992359
0.000980149574928646
0.0008707404192591639
0.0007738513100719047
0.0006880074363380118
0.0006119173456227145
0.0005444471393900585
0.00048459509187637195
0.00043148320889940806
0.00038432662108789373
0.00034243747171558425
0.00030521720714205003
0.00027213292477767936
0.00024271628649330523
0.0002165513716647638
0.00019326743179703954
0.00017254238434816216
0.00015408746091338799
0.00013764642878300037
0.00012299438802187979
0.00010993267588332856
9.82866450272013e-05
8.789892802951726e-05
7.862985910378484e-05
7.035679641376191e-05
6.29704449579549e-05
5.6373937951548214e-05
5.04815339184006e-05
4.5216288697247364e-05
4.051101700497384e-05
3.630393473486038e-05
3.254129180163545e-05
2.917518281719822e-05
2.6163061562556322e-05
2.3467151379463758e-05
2.1053750600685817e-05
1.8892681481474938e-05
1.6957346048229738e-05
1.5223442375145169e-05
1.3669636189206358e-05
1.2277046749886722e-05
1.102858203694268e-05
9.908996673857473e-06
8.90475286041692e-06
8.00385913635182e-06
7.195685668648366e-06
6.470334085406648e-06
5.819184281108392e-06
5.234510041418616e-06
4.7094849549012e-06
4.2378749185445486e-06
3.8141699292282283e-06
3.433414804021595e-06
3.0912013073702838e-06
2.7835719151880767e-06
2.506970190552238e-06
2.2582218832667422e-06
2.0344808717709384e-06
1.8331963644868665e-06
1.652081266456662e-06
1.4891122930293932e-06
1.342435695050881e-06
1.210386585626111e-06
1.0914939707618032e-06
9.84421120620027e-07
8.87989017428481e-07
8.011157603959873e-07
7.228622962429654e-07
6.523362401367194e-07
5.887717406949378e-07
5.314857389748795e-07
4.798355917046138e-07
4.332639207405009e-07
3.912702197794715e-07
3.533898791374668e-07
3.1922408538775926e-07
2.883956824462075e-07
2.605789575227391e-07
2.354758237288479e-07
2.12816331668364e-07
1.9236620119045256e-07
1.7390539142070338e-07
1.5723301771686238e-07
1.4217818034012453e-07
1.2857583442382747e-07
1.1629200002971629e-07
1.0519414672671701e-07
9.51638128299237e-08
8.610646773377084e-08
7.791814482516202e-08
7.051448847050779e-08
6.382273909366631e-08
5.777152978225786e-08
5.2300919151093694e-08
4.73535806122527e-08
4.2875626604654826e-08
3.883135946125549e-08
3.516566948746913e-08
3.1853289783612126e-08
2.885394678742159e-08
2.6144135745198582e-08
2.368739160374389e-08
2.1464757082867436e-08
1.945366534528148e-08
1.7632146409596317e-08
1.598118615220301e-08
1.4487397947959835e-08
1.313495090471406e-08
1.1910799457837129e-08
1.0798885341500863e-08
9.794405286811525e-09
8.883290547601064e-09
8.057469358391245e-09
7.308472049771808e-09
6.630500593018951e-09
6.016932729835389e-09
5.460265128931496e-09
4.953847110300558e-09
4.496541805565357e-09
4.080078497281647e-09
3.7053951018606313e-09
3.3615492611716036e-09
3.054651642742101e-09
2.771969320747303e-09
2.5160034056170844e-09
2.2855317638459383e-09
2.0766037778230384e-09
1.886007794382749e-09
1.711811137283803e-09
1.5547527709713904e-09
1.4144632132229162e-09
1.283524397877045e-09
1.169553343061125e-09
1.0623182333802106e-09
9.64206492426456e-10
8.73455974215176e-10
7.95864707470173e-10
7.256630851770751e-10
6.56569909551763e-10
5.960316684650024e-10
5.459241947392002e-10
4.942535269947257e-10
4.509956852416508e-10
4.085052296431968e-10
3.716991159308236e-10
3.396962711121887e-10
3.078639565501362e-10
2.8128965823270846e-10
2.5360691324749496e-10
2.3248958314070478e-10
2.105480234604329e-10
1.9053914002142847e-10
1.780335878720507e-10
1.568025709275389e-10
1.4662759895145427e-10
1.3389467312663328e-10
1.2178702490928117e-10
1.092246293410426e-10
9.964651326299645e-11
9.333689376944676e-11
8.211031854443718e-11
7.739231477899011e-11
6.849631972727366e-11
6.420464160328265e-11
5.4797055781818926e-11
5.0533799367258325e-11
4.7634785005357116e-11
4.098410499864258e-11
4.143885234952904e-11
3.538502824085299e-11
3.319655661471188e-11
3.072386789426673e-11
2.4783730623312294e-11
2.4840574042173102e-11
2.361844053666573e-11
2.1941559680271894e-11
1.7905676941154525e-11
1.5376144801848568e-11
1.5091927707544528e-11
1.4495071809506044e-11
1.4154011296341196e-11
1.290345608140342e-11
8.611777957412414e-12
9.038103598868474e-12
5.343281372915953e-12
8.952838470577262e-12
4.945377440890297e-12
1.0203393685515039e-11
6.281197784119286e-12
5.5990767577895895e-12
6.45172804070171e-12
4.376943252282217e-12
3.609557097661309e-12
2.5295321393059567e-12
3.0127011996228248e-12
1.3926637620897964e-12
2.3305801732931286e-12
1.2789769243681803e-12
4.263256414560601e-13
2.1032064978498966e-12
4.291678123991005e-12
1.1368683772161603e-12
2.3874235921539366e-12
-2.842170943040401e-14
2.7000623958883807e-12
3.240074875066057e-12
3.126388037344441e-13
2.9274360713316128e-12
-1.1368683772161603e-13
-7.105427357601002e-13
-8.810729923425242e-13
-3.183231456205249e-12
1.1937117960769683e-12
2.6147972675971687e-12
7.673861546209082e-13
-1.7905676941154525e-12
-1.3642420526593924e-12
2.842170943040401e-14
2.8705926524708048e-12
-1.0800249583553523e-12
1.6768808563938364e-12
-1.3073986337985843e-12
2.7284841053187847e-12
1.7053025658242404e-12
1.4210854715202004e-12
1.7621459846850485e-12
-2.842170943040401e-14
-9.663381206337363e-13
4.831690603168681e-13
-2.6147972675971687e-12
-5.968558980384842e-13
-1.6200374375330284e-12
-4.916955731459893e-12
-8.242295734817162e-13
1.3926637620897964e-12
1.7905676941154525e-12
-2.9274360713316128e-12
-1.7053025658242404e-12
-2.8421709430404007e-13
-1.3073986337985843e-12
-1.1652900866465643e-12
1.9895196601282805e-13
-7.673861546209082e-13
3.0127011996228248e-12
-7.389644451905042e-13
-5.968558980384842e-13
4.575895218295045e-12
-1.2789769243681803e-12
-1.4210854715202004e-12
1.1652900866465643e-12
-8.526512829121202e-14
1.5631940186722204e-12
3.353761712787673e-12
-2.2737367544323206e-13
9.663381206337363e-13
2.2453150450019166e-12
2.5011104298755527e-12
-1.5347723092418164e-12
-1.2505552149377763e-12
-1.0516032489249483e-12
1.9895196601282805e-13
-2.5295321393059567e-12
2.5579538487363607e-13
-5.115907697472721e-13
-1.2505552149377763e-12
7.958078640513122e-13
1.8474111129762605e-12
2.842170943040401e-14
3.126388037344441e-13
3.694822225952521e-13
-3.979039320256561e-13
2.842170943040401e-14
-5.684341886080801e-13
-3.240074875066057e-12
1.4210854715202004e-13
-1.3358203432289883e-12
1.3073986337985843e-12
-2.5011104298755527e-12
2.5579538487363607e-12
2.4726887204451486e-12
2.0747847884194925e-12
-2.842170943040401e-14
-3.694822225952521e-13
2.842170943040401e-14
1.5631940186722204e-12
8.242295734817162e-13
-1.0516032489249483e-12
3.0411229090532288e-12
-2.1600499167107046e-12
-7.958078640513122e-13
6.252776074688882e-13
-1.9042545318370685e-12
-1.2505552149377763e-12
2.8421709430404007e-13
-2.7284841053187847e-12
-5.684341886080801e-13
1.2221335055073723e-12
9.379164112033322e-13
3.126388037344441e-13
-4.547473508864641e-13
1.5631940186722204e-12
2.7569058147491887e-12
-8.810729923425242e-13
-4.035882739117369e-12
5.684341886080801e-13
-2.3305801732931286e-12
1.4779288903810084e-12
9.379164112033322e-13
1.4495071809506044e-12
5.115907697472721e-13
-4.405364961712621e-12
2.0179413695586845e-12
-2.4726887204451486e-12
-1.6484591469634324e-12
-2.2737367544323206e-13
-5.400124791776761e-13
-1.1084466677857563e-12
-1.6200374375330284e-12
1.5916157281026244e-12
3.126388037344441e-13
2.5579538487363607e-13
-9.379164112033322e-13
-1.9042545318370685e-12
2.1032064978498966e-12
1.5916157281026244e-12
2.4442670110147446e-12
5.968558980384842e-13
3.637978807091713e-12
7.673861546209082e-13
-2.1600499167107046e-12
8.810729923425242e-13
-7.673861546209082e-13
3.410605131648481e-13
-3.410605131648481e-13
1.0800249583553523e-12
8.526512829121202e-13
-1.0800249583553523e-12
1.3073986337985843e-12
1.0516032489249483e-12
1.2789769243681803e-12
-2.7569058147491887e-12
4.490630090003833e-12
2.7000623958883807e-12
1.9042545318370685e-12
-1.7053025658242404e-13
1.9895196601282805e-13
8.810729923425242e-13
2.5295321393059567e-12
5.087485988042317e-12
2.8137492336099967e-12
-9.094947017729282e-13
-3.694822225952521e-13
-1.2789769243681803e-12
1.7905676941154525e-12
-2.842170943040401e-14
3.836930773104541e-12
1.4779288903810084e-12
2.5579538487363607e-12
8.526512829121202e-13
3.325340003357269e-12
1.4210854715202004e-12
9.094947017729282e-13
1.3642420526593924e-12
-2.8705926524708048e-12
1.7053025658242404e-12
-2.4726887204451486e-12
6.252776074688882e-13
-1.1368683772161603e-12
-1.7905676941154525e-12
-2.9274360713316128e-12
-9.094947017729282e-13
-8.526512829121202e-13
-1.7053025658242404e-12
-1.4779288903810084e-12
-2.9842794901924208e-12
-7.958078640513122e-13
-2.1032064978498966e-12
-2.9558577807620168e-12
-1.1652900866465643e-12
-2.5295321393059567e-12
-5.115907697472721e-13
1.1652900866465643e-12
-1.7053025658242404e-13
2.5579538487363607e-13
2.7853275241795927e-12
3.410605131648481e-13
1.7053025658242404e-12
1.6768808563938364e-12
1.4779288903810084e-12
1.0800249583553523e-12
-1.9895196601282805e-13
6.536993168992922e-13
6.252776074688882e-13
-6.252776074688882e-13
-2.842170943040401e-14
-5.400124791776761e-13
-6.536993168992922e-13
-1.1368683772161603e-13
9.379164112033322e-13
4.831690603168681e-13
9.663381206337363e-13
3.0127011996228248e-12
2.1316282072803006e-12
2.6147972675971687e-12
3.694822225952521e-13
1.6484591469634324e-12
1.3358203432289883e-12
4.547473508864641e-13
1.9895196601282805e-12
1.4779288903810084e-12
7.105427357601002e-13
1.2505552149377763e-12
4.263256414560601e-13
2.8421709430404007e-13
1.2505552149377763e-12
5.400124791776761e-13
1.4779288903810084e-12
2.5295321393059567e-12
2.5863755581667647e-12
1.6484591469634324e-12
1.2505552149377763e-12
1.0231815394945443e-12
2.0747847884194925e-12
4.035882739117369e-12
3.467448550509289e-12
2.2168933355715126e-12
4.831690603168681e-13
1.6768808563938364e-12
2.3021584638627246e-12
1.7905676941154525e-12
1.2221335055073723e-12
1.9895196601282805e-12
1.9895196601282805e-12
2.1884716261411086e-12
3.097966327914037e-12
2.7853275241795927e-12
1.3642420526593924e-12
2.2453150450019166e-12
2.1600499167107046e-12
2.3305801732931286e-12
2.8137492336099967e-12
2.7284841053187847e-12
1.6484591469634324e-12
2.8421709430404007e-12
2.7853275241795927e-12
3.097966327914037e-12
3.097966327914037e-12
2.8137492336099967e-12
2.7000623958883807e-12
1.3358203432289883e-12
1.3358203432289883e-12
2.0463630789890885e-12
2.3874235921539366e-12
2.6716406864579767e-12
2.3874235921539366e-12
3.353761712787673e-12
2.6147972675971687e-12
2.8421709430404007e-12
3.183231456205249e-12
3.154809746774845e-12
2.8421709430404007e-12
2.3590018827235326e-12
2.3305801732931286e-12
1.8474111129762605e-12
1.6200374375330284e-12
5.400124791776761e-13
8.526512829121202e-13
1.6200374375330284e-12
1.3358203432289883e-12
1.8474111129762605e-12
1.7621459846850485e-12
1.6484591469634324e-12
1.8758328224066645e-12
2.7284841053187847e-12
2.8137492336099967e-12
2.6716406864579767e-12
2.4442670110147446e-12
2.5295321393059567e-12
1.9042545318370685e-12
1.4210854715202004e-12
1.4495071809506044e-12
8.526512829121202e-13
1.6768808563938364e-12
1.2789769243681803e-12
1.1937117960769683e-12
1.1652900866465643e-12
1.6484591469634324e-12
1.5347723092418164e-12
1.8189894035458565e-12
1.8474111129762605e-12
1.6768808563938364e-12
2.2737367544323206e-12
2.6716406864579767e-12
2.3874235921539366e-12
2.0747847884194925e-12
1.9326762412674725e-12
1.5916157281026244e-12
1.6768808563938364e-12
1.5631940186722204e-12
1.3073986337985843e-12
1.4779288903810084e-12
1.3073986337985843e-12
1.2505552149377763e-12
1.2789769243681803e-12
1.4495071809506044e-12
1.3358203432289883e-12
1.3642420526593924e-12
1.6484591469634324e-12
1.9326762412674725e-12
1.7053025658242404e-12
1.6484591469634324e-12
1.5631940186722204e-12
1.5916157281026244e-12
1.5063505998114124e-12
1.4495071809506044e-12
1.6200374375330284e-12
1.5631940186722204e-12
1.4779288903810084e-12
1.5916157281026244e-12
1.4495071809506044e-12
1.5063505998114124e-12
1.6200374375330284e-12
1.7053025658242404e-12
1.8189894035458565e-12
2.0463630789890885e-12
1.9895196601282805e-12
1.7905676941154525e-12
1.6484591469634324e-12
1.9326762412674725e-12
1.8189894035458565e-12
1.8189894035458565e-12
1.8758328224066645e-12
1.9610979506978765e-12
1.9610979506978765e-12
1.9042545318370685e-12
2.0179413695586845e-12
1.9610979506978765e-12
1.8474111129762605e-12
1.7621459846850485e-12
1.5916157281026244e-12
1.4495071809506044e-12
1.3073986337985843e-12
1.3642420526593924e-12
1.4779288903810084e-12
1.4210854715202004e-12
1.4779288903810084e-12
1.4210854715202004e-12
1.4779288903810084e-12
1.6200374375330284e-12
1.7337242752546445e-12
1.7053025658242404e-12
1.6768808563938364e-12
1.6484591469634324e-12
1.6484591469634324e-12
1.7337242752546445e-12
1.7337242752546445e-12
1.6768808563938364e-12
1.6768808563938364e-12
1.6768808563938364e-12
1.6768808563938364e-12
1.6768808563938364e-12
1.6484591469634324e-12
1.6768808563938364e-12
1.7337242752546445e-12
