64.64329111978816
13.540101493149052
4.687450265012558
1.9477045775742
0.8940561994620566
0.4373109879891217
0.2237950502257604
0.11857806283882155
0.06462746612942283
0.03607034901597217
0.020548937806722734
0.011920096122707946
0.007027051396221395
0.004202996595779496
0.0025470423245792517
0.0015620978522292717
0.0009685224667350667
0.000606491028918299
0.00038325150347873205
0.00024420383101642074
0.0001567989576187756
0.00010138532263681554
6.597857111501071e-05
4.3190823873828776e-05
2.8426479275367456e-05
1.880328557035682e-05
1.24952633200337e-05
8.338815803199395e-06
5.586999350271071e-06
3.7570300150946423e-06
2.535061412345385e-06
1.715963151127653e-06
1.1649711950667552e-06
7.930989909255004e-07
5.413390908870497e-07
3.7040297229395946e-07
2.540239734116767e-07
1.7459274204156827e-07
1.2024531770293834e-07
8.297661224787589e-08
5.736580988013884e-08
3.9729570744384546e-08
2.756286221483606e-08
1.915134362207027e-08
1.3327962733455934e-08
9.288783076044638e-09
6.482082426373381e-09
4.530363639787538e-09
3.170441686961567e-09
2.2213271222426556e-09
1.5587602320010774e-09
1.0949747775157448e-09
7.687503966735676e-10
5.420588422566652e-10
3.8136249713716097e-10
2.6852831069845706e-10
1.9048229660256766e-10
1.3432099876808934e-10
9.498535291641019e-11
6.713207767461427e-11
4.831690603168681e-11
3.433342499192804e-11
2.4783730623312294e-11
1.7053025658242404e-11
1.2278178473934531e-11
8.810729923425242e-12
6.252776074688882e-12
4.718003765447065e-12
2.5011104298755527e-12
2.6147972675971687e-12
1.0231815394945443e-12
1.4779288903810084e-12
1.8758328224066645e-12
4.547473508864641e-13
-5.684341886080802e-14
1.1368683772161603e-13
1.1368683772161603e-13
7.389644451905042e-13
-4.547473508864641e-13
-3.410605131648481e-13
6.252776074688882e-13
-2.8421709430404007e-13
3.979039320256561e-13
-3.979039320256561e-13
-3.410605131648481e-13
4.547473508864641e-13
7.389644451905042e-13
-1.7053025658242404e-13
1.1368683772161603e-13
2.2737367544323206e-13
5.684341886080802e-14
-1.3073986337985843e-12
5.684341886080801e-13
-6.252776074688882e-13
7.389644451905042e-13
-4.547473508864641e-13
5.684341886080801e-13
1.7053025658242404e-13
-3.979039320256561e-13
2.8421709430404007e-13
-3.410605131648481e-13
3.979039320256561e-13
-7.958078640513122e-13
-3.410605131648481e-13
0.0
-3.410605131648481e-13
-3.410605131648481e-13
-1.7053025658242404e-13
-2.2737367544323206e-13
1.7053025658242404e-13
-1.1368683772161603e-13
-5.684341886080801e-13
1.7053025658242404e-13
3.979039320256561e-13
5.684341886080802e-14
-2.8421709430404007e-13
9.094947017729282e-13
7.389644451905042e-13
-5.684341886080801e-13
-6.821210263296962e-13
2.2737367544323206e-13
5.684341886080802e-14
7.958078640513122e-13
1.3073986337985843e-12
-5.684341886080802e-14
0.0
5.115907697472721e-13
5.115907697472721e-13
-1.7053025658242404e-13
-5.684341886080801e-13
5.115907697472721e-13
5.684341886080802e-14
1.7053025658242404e-13
-1.1368683772161603e-13
-3.410605131648481e-13
-1.7053025658242404e-13
-1.1368683772161603e-13
-3.410605131648481e-13
-1.7053025658242404e-13
-6.252776074688882e-13
-1.7053025658242404e-13
1.1368683772161603e-13
1.7053025658242404e-13
-5.684341886080802e-14
-4.547473508864641e-13
-1.7053025658242404e-13
-4.547473508864641e-13
-5.115907697472721e-13
-5.684341886080801e-13
-5.684341886080801e-13
-5.115907697472721e-13
-6.821210263296962e-13
-5.684341886080801e-13
-6.821210263296962e-13
-6.252776074688882e-13
-5.684341886080801e-13
-6.252776074688882e-13
-5.684341886080801e-13
-6.821210263296962e-13
-7.958078640513122e-13
-6.821210263296962e-13
-5.684341886080801e-13
-6.821210263296962e-13
-5.684341886080801e-13
-5.115907697472721e-13
