64.64329111978816
10.014907659736537
2.2369980738967
0.5997555816450131
0.17835830201681802
0.05678613354615436
0.01900561966863279
0.006615856139319476
0.0023792469255567994
0.0008799853719665407
0.00033367893769309376
0.00012939068432160639
5.120416113868487e-05
2.064329589757108e-05
8.465522739697917e-06
3.526476291426661e-06
1.4904607041898998e-06
6.384191806318995e-07
2.768308604572667e-07
1.214013423123106e-07
5.37934283784125e-08
2.4065968773356872e-08
1.0862379440368386e-08
4.942194209434092e-09
2.2648691810900345e-09
1.0461462807143107e-09
4.854427970713004e-10
2.2708945834892802e-10
1.0732037480920553e-10
5.047695594839752e-11
2.4385826691286638e-11
1.2278178473934531e-11
6.30961949354969e-12
1.8189894035458565e-12
3.069544618483633e-12
1.2505552149377763e-12
1.0231815394945443e-12
4.547473508864641e-13
-2.8421709430404007e-13
-5.684341886080802e-14
0.0
3.410605131648481e-13
5.684341886080801e-13
-7.958078640513122e-13
1.1368683772161603e-13
5.684341886080802e-14
-1.1368683772161603e-12
-1.0231815394945443e-12
4.547473508864641e-13
1.7053025658242404e-13
-2.2737367544323206e-13
-1.1368683772161603e-13
7.958078640513122e-13
2.8421709430404007e-13
7.958078640513122e-13
1.1368683772161603e-13
-9.094947017729282e-13
7.958078640513122e-13
-6.821210263296962e-13
2.2737367544323206e-13
3.410605131648481e-13
-6.252776074688882e-13
-3.410605131648481e-13
-9.663381206337363e-13
3.410605131648481e-13
1.1368683772161603e-13
-3.410605131648481e-13
-1.7053025658242404e-13
0.0
-2.2737367544323206e-13
2.8421709430404007e-13
-1.7053025658242404e-13
3.410605131648481e-13
-1.7053025658242404e-13
1.0231815394945443e-12
2.2737367544323206e-13
1.7053025658242404e-13
2.8421709430404007e-13
-2.2737367544323206e-13
3.410605131648481e-13
1.1368683772161603e-13
-2.2737367544323206e-13
4.547473508864641e-13
8.526512829121202e-13
-1.7053025658242404e-13
5.684341886080802e-14
-2.8421709430404007e-13
-4.547473508864641e-13
-3.410605131648481e-13
-3.979039320256561e-13
-3.410605131648481e-13
-3.979039320256561e-13
-5.684341886080801e-13
-6.252776074688882e-13
-6.821210263296962e-13
-3.979039320256561e-13
-3.979039320256561e-13
-5.684341886080801e-13
-5.684341886080801e-13
-6.252776074688882e-13
-6.252776074688882e-13
-3.979039320256561e-13
-4.547473508864641e-13
-4.547473508864641e-13
-4.547473508864641e-13
