16.42761059641498
7.1476515632271
4.158151990555098
2.6155446240863967
1.6961509494589109
1.1205171805082728
0.7508921400911959
0.509247442303149
0.3488696439053456
0.24111668133411968
0.1679505728136519
0.1177913222704774
0.08312759602688402
0.05900119956766048
0.04209291525990011
0.030174858166901686
0.02172740606647494
0.015709355423041416
0.011401720130379545
0.008305533287625622
0.006071630055998867
0.004452891721712149
0.003275325018989861
0.0024157578344556896
0.001786464948622779
0.0013243667053757235
0.0009841682660862716
0.0007330909990059808
0.0005472708890010836
0.0004093688556849884
0.00030682291037464893
0.00023040300209231646
0.00017331568574263656
0.0001305978105392569
9.856778979155933e-05
7.451073247466411e-05
5.640962376673997e-05
4.27672953264846e-05
3.2469243478772114e-05
2.4683393121449626e-05
1.878809905520029e-05
1.431801888429618e-05
1.0923934610218566e-05
8.3444001575117e-06
6.381013918144163e-06
4.8849814220375265e-06
3.743598540495441e-06
2.8717905706798774e-06
2.2051593759897514e-06
1.6948840766417561e-06
1.3038672932452755e-06
1.0039580047305208e-06
7.736982752248878e-07
5.967428933217889e-07
4.6063212266744813e-07
3.558441221684916e-07
2.7510918698681053e-07
2.1284722606651485e-07
1.6479532405355712e-07
1.2768020951625658e-07
9.899372344079893e-08
7.680228009121493e-08
5.962340310361469e-08
4.6316927182488143e-08
3.6001665648655035e-08
2.800334186758846e-08
2.179001512558898e-08
1.696685103524942e-08
1.3222006600699387e-08
1.030548446578905e-08
8.037659426918253e-09
6.273012331803329e-09
4.894559424428735e-09
3.826016836683266e-09
2.9890543373767287e-09
2.3380835045827553e-09
1.828311724239029e-09
1.430066731700208e-09
1.1197016647201963e-09
8.776623872108757e-10
6.882601155666634e-10
5.376250555855222e-10
4.220055416226387e-10
3.3003288990585133e-10
2.6204816094832495e-10
2.036131263594143e-10
1.6211743059102446e-10
1.2596501619555056e-10
9.913492249324918e-11
7.844391802791506e-11
6.093614501878619e-11
4.843059286940843e-11
3.774403012357652e-11
3.092281986027956e-11
2.2964741219766438e-11
1.9326762412674725e-11
1.5575096767861396e-11
1.2960299500264227e-11
1.0231815394945443e-11
7.73070496506989e-12
6.0254023992456496e-12
6.139089236967266e-12
2.1600499167107046e-12
2.9558577807620168e-12
2.1600499167107046e-12
2.1600499167107046e-12
5.684341886080801e-13
1.8189894035458565e-12
1.3642420526593924e-12
2.2737367544323206e-12
2.7284841053187847e-12
-6.821210263296962e-13
1.1368683772161603e-13
-4.547473508864641e-13
-1.1368683772161603e-13
2.2737367544323206e-13
-1.4779288903810084e-12
-1.9326762412674725e-12
-7.958078640513122e-13
-6.821210263296962e-13
-6.821210263296962e-13
-1.1368683772161603e-13
-7.958078640513122e-13
-9.094947017729282e-13
7.958078640513122e-13
1.3642420526593924e-12
4.547473508864641e-13
-5.684341886080801e-13
-1.4779288903810084e-12
2.5011104298755527e-12
-3.410605131648481e-13
-5.684341886080801e-13
-3.410605131648481e-13
-2.7284841053187847e-12
-6.821210263296962e-13
-1.1368683772161603e-13
-2.5011104298755527e-12
4.547473508864641e-13
0.0
-1.4779288903810084e-12
9.094947017729282e-13
6.821210263296962e-13
-2.2737367544323206e-13
7.958078640513122e-13
1.8189894035458565e-12
1.3642420526593924e-12
4.547473508864641e-13
9.094947017729282e-13
2.3874235921539366e-12
-1.9326762412674725e-12
3.410605131648481e-13
1.3642420526593924e-12
6.821210263296962e-13
9.094947017729282e-13
1.3642420526593924e-12
-2.2737367544323206e-13
-4.547473508864641e-13
4.547473508864641e-13
-1.1368683772161603e-13
1.3642420526593924e-12
0.0
-7.958078640513122e-13
-5.684341886080801e-13
2.2737367544323206e-13
1.5916157281026244e-12
-6.821210263296962e-13
1.3642420526593924e-12
5.684341886080801e-13
6.821210263296962e-13
9.094947017729282e-13
1.9326762412674725e-12
7.958078640513122e-13
1.1368683772161603e-13
-2.3874235921539366e-12
-2.0463630789890885e-12
-1.9326762412674725e-12
-4.547473508864641e-13
5.684341886080801e-13
-4.547473508864641e-13
-1.5916157281026244e-12
-2.5011104298755527e-12
-4.547473508864641e-13
-9.094947017729282e-13
1.1368683772161603e-12
-1.8189894035458565e-12
-9.094947017729282e-13
-2.2737367544323206e-13
-9.094947017729282e-13
-1.3642420526593924e-12
-2.2737367544323206e-12
-1.1368683772161603e-12
3.410605131648481e-13
-1.3642420526593924e-12
-1.1368683772161603e-12
-6.821210263296962e-13
-1.2505552149377763e-12
-2.2737367544323206e-13
-6.821210263296962e-13
2.2737367544323206e-13
-2.2737367544323206e-13
-4.547473508864641e-13
-4.547473508864641e-13
-4.547473508864641e-13
1.1368683772161603e-12
0.0
2.2737367544323206e-13
2.2737367544323206e-13
4.547473508864641e-13
-1.1368683772161603e-13
-4.547473508864641e-13
-2.2737367544323206e-13
-1.1368683772161603e-13
1.1368683772161603e-13
-2.2737367544323206e-13
6.821210263296962e-13
1.2505552149377763e-12
4.547473508864641e-13
1.0231815394945443e-12
1.1368683772161603e-12
1.7053025658242404e-12
1.3642420526593924e-12
1.3642420526593924e-12
1.4779288903810084e-12
1.3642420526593924e-12
1.3642420526593924e-12
1.3642420526593924e-12
1.3642420526593924e-12
9.094947017729282e-13
1.3642420526593924e-12
1.3642420526593924e-12
1.1368683772161603e-12
9.094947017729282e-13
1.0231815394945443e-12
1.2505552149377763e-12
1.3642420526593924e-12
1.2505552149377763e-12
1.2505552149377763e-12
1.2505552149377763e-12
1.3642420526593924e-12
1.3642420526593924e-12
1.3642420526593924e-12
1.3642420526593924e-12
1.3642420526593924e-12
1.3642420526593924e-12
1.2505552149377763e-12
1.1368683772161603e-12
1.1368683772161603e-12
1.0231815394945443e-12
1.0231815394945443e-12
1.1368683772161603e-12
1.1368683772161603e-12
1.1368683772161603e-12
1.0231815394945443e-12
1.0231815394945443e-12
9.094947017729282e-13
1.0231815394945443e-12
1.0231815394945443e-12
1.1368683772161603e-12
1.0231815394945443e-12
9.094947017729282e-13
1.1368683772161603e-12
1.1368683772161603e-12
1.1368683772161603e-12
1.0231815394945443e-12
1.0231815394945443e-12
1.0231815394945443e-12
1.0231815394945443e-12
1.0231815394945443e-12
1.0231815394945443e-12
1.0231815394945443e-12
1.0231815394945443e-12
1.0231815394945443e-12
1.0231815394945443e-12
1.0231815394945443e-12
1.0231815394945443e-12
1.0231815394945443e-12
1.0231815394945443e-12
1.0231815394945443e-12
1.0231815394945443e-12
1.0231815394945443e-12
1.1368683772161603e-12
1.0231815394945443e-12
1.0231815394945443e-12
1.0231815394945443e-12
1.0231815394945443e-12
1.0231815394945443e-12
1.0231815394945443e-12
1.0231815394945443e-12
1.0231815394945443e-12
1.0231815394945443e-12
1.0231815394945443e-12
1.0231815394945443e-12
1.0231815394945443e-12
1.0231815394945443e-12
1.0231815394945443e-12
1.0231815394945443e-12
1.0231815394945443e-12
1.0231815394945443e-12
1.0231815394945443e-12
1.0231815394945443e-12
1.0231815394945443e-12
1.0231815394945443e-12
1.0231815394945443e-12
1.0231815394945443e-12
1.0231815394945443e-12
1.0231815394945443e-12
1.0231815394945443e-12
1.0231815394945443e-12
1.0231815394945443e-12
1.0231815394945443e-12
1.0231815394945443e-12
1.0231815394945443e-12
1.0231815394945443e-12
1.0231815394945443e-12
1.0231815394945443e-12
1.0231815394945443e-12
1.0231815394945443e-12
1.0231815394945443e-12
1.0231815394945443e-12
1.0231815394945443e-12
1.0231815394945443e-12
1.0231815394945443e-12
1.0231815394945443e-12
1.0231815394945443e-12
1.0231815394945443e-12
1.0231815394945443e-12
1.0231815394945443e-12
1.0231815394945443e-12
1.0231815394945443e-12
1.0231815394945443e-12
1.0231815394945443e-12
1.0231815394945443e-12
1.0231815394945443e-12
1.0231815394945443e-12
1.0231815394945443e-12
1.0231815394945443e-12
1.0231815394945443e-12
1.0231815394945443e-12
1.0231815394945443e-12
1.0231815394945443e-12
1.0231815394945443e-12
1.0231815394945443e-12
1.0231815394945443e-12
1.0231815394945443e-12
1.0231815394945443e-12
1.0231815394945443e-12
1.0231815394945443e-12
1.0231815394945443e-12
1.0231815394945443e-12
1.0231815394945443e-12
1.0231815394945443e-12
1.0231815394945443e-12
1.0231815394945443e-12
1.0231815394945443e-12
1.0231815394945443e-12
1.0231815394945443e-12
1.0231815394945443e-12
1.0231815394945443e-12
1.0231815394945443e-12
1.0231815394945443e-12
1.0231815394945443e-12
1.0231815394945443e-12
1.0231815394945443e-12
1.0231815394945443e-12
1.0231815394945443e-12
1.0231815394945443e-12
1.0231815394945443e-12
1.0231815394945443e-12
1.0231815394945443e-12
1.0231815394945443e-12
1.0231815394945443e-12
1.0231815394945443e-12
1.0231815394945443e-12
1.0231815394945443e-12
1.0231815394945443e-12
1.0231815394945443e-12
1.0231815394945443e-12
1.0231815394945443e-12
1.0231815394945443e-12
1.0231815394945443e-12
1.0231815394945443e-12
1.0231815394945443e-12
1.0231815394945443e-12
1.0231815394945443e-12
1.0231815394945443e-12
1.0231815394945443e-12
1.0231815394945443e-12
1.0231815394945443e-12
1.0231815394945443e-12
1.0231815394945443e-12
1.0231815394945443e-12
1.0231815394945443e-12
1.0231815394945443e-12
1.0231815394945443e-12
1.0231815394945443e-12
1.0231815394945443e-12
1.0231815394945443e-12
1.0231815394945443e-12
1.0231815394945443e-12
1.0231815394945443e-12
1.0231815394945443e-12
1.0231815394945443e-12
1.0231815394945443e-12
1.0231815394945443e-12
1.0231815394945443e-12
1.0231815394945443e-12
1.0231815394945443e-12
1.0231815394945443e-12
1.0231815394945443e-12
1.0231815394945443e-12
1.0231815394945443e-12
1.0231815394945443e-12
1.0231815394945443e-12
1.0231815394945443e-12
1.0231815394945443e-12
1.0231815394945443e-12
1.0231815394945443e-12
1.0231815394945443e-12
1.0231815394945443e-12
1.0231815394945443e-12
1.0231815394945443e-12
1.0231815394945443e-12
1.0231815394945443e-12
1.0231815394945443e-12
1.0231815394945443e-12
1.0231815394945443e-12
1.0231815394945443e-12
1.0231815394945443e-12
1.0231815394945443e-12
1.0231815394945443e-12
1.0231815394945443e-12
1.0231815394945443e-12
1.0231815394945443e-12
1.0231815394945443e-12
1.0231815394945443e-12
1.0231815394945443e-12
1.0231815394945443e-12
1.0231815394945443e-12
1.0231815394945443e-12
1.0231815394945443e-12
1.0231815394945443e-12
1.0231815394945443e-12
1.0231815394945443e-12
1.0231815394945443e-12
1.0231815394945443e-12
1.0231815394945443e-12
1.0231815394945443e-12
1.0231815394945443e-12
1.0231815394945443e-12
1.0231815394945443e-12
1.0231815394945443e-12
1.0231815394945443e-12
1.0231815394945443e-12
1.0231815394945443e-12
1.0231815394945443e-12
1.0231815394945443e-12
1.0231815394945443e-12
1.0231815394945443e-12
1.0231815394945443e-12
1.0231815394945443e-12
1.0231815394945443e-12
1.0231815394945443e-12
1.0231815394945443e-12
1.0231815394945443e-12
1.0231815394945443e-12
1.0231815394945443e-12
1.0231815394945443e-12
1.0231815394945443e-12
1.0231815394945443e-12
1.0231815394945443e-12
1.0231815394945443e-12
1.0231815394945443e-12
1.0231815394945443e-12
1.0231815394945443e-12
1.0231815394945443e-12
1.0231815394945443e-12
1.0231815394945443e-12
1.0231815394945443e-12
1.0231815394945443e-12
1.0231815394945443e-12
1.0231815394945443e-12
1.0231815394945443e-12
1.0231815394945443e-12
1.0231815394945443e-12
1.0231815394945443e-12
1.0231815394945443e-12
1.0231815394945443e-12
1.0231815394945443e-12
1.0231815394945443e-12
1.0231815394945443e-12
1.0231815394945443e-12
1.0231815394945443e-12
1.0231815394945443e-12
1.0231815394945443e-12
1.0231815394945443e-12
1.0231815394945443e-12
1.0231815394945443e-12
1.0231815394945443e-12
1.0231815394945443e-12
1.0231815394945443e-12
1.0231815394945443e-12
1.0231815394945443e-12
1.0231815394945443e-12
1.0231815394945443e-12
1.0231815394945443e-12
1.0231815394945443e-12
1.0231815394945443e-12
1.0231815394945443e-12
1.0231815394945443e-12
1.0231815394945443e-12
1.0231815394945443e-12
1.0231815394945443e-12
1.0231815394945443e-12
1.0231815394945443e-12
1.0231815394945443e-12
1.0231815394945443e-12
1.0231815394945443e-12
1.0231815394945443e-12
1.0231815394945443e-12
1.0231815394945443e-12
1.0231815394945443e-12
1.0231815394945443e-12
1.0231815394945443e-12
1.0231815394945443e-12
1.0231815394945443e-12
1.0231815394945443e-12
1.0231815394945443e-12
1.0231815394945443e-12
1.0231815394945443e-12
1.0231815394945443e-12
1.0231815394945443e-12
1.0231815394945443e-12
1.0231815394945443e-12
1.0231815394945443e-12
1.0231815394945443e-12
1.0231815394945443e-12
1.0231815394945443e-12
1.0231815394945443e-12
1.0231815394945443e-12
1.0231815394945443e-12
1.0231815394945443e-12
1.0231815394945443e-12
1.0231815394945443e-12
1.0231815394945443e-12
1.0231815394945443e-12
1.0231815394945443e-12
1.0231815394945443e-12
1.0231815394945443e-12
1.0231815394945443e-12
1.0231815394945443e-12
1.0231815394945443e-12
1.0231815394945443e-12
1.0231815394945443e-12
1.0231815394945443e-12
1.0231815394945443e-12
1.0231815394945443e-12
1.0231815394945443e-12
1.0231815394945443e-12
1.0231815394945443e-12
1.0231815394945443e-12
1.0231815394945443e-12
1.0231815394945443e-12
1.0231815394945443e-12
1.0231815394945443e-12
1.0231815394945443e-12
1.0231815394945443e-12
1.0231815394945443e-12
1.0231815394945443e-12
1.0231815394945443e-12
1.0231815394945443e-12
1.0231815394945443e-12
1.0231815394945443e-12
1.0231815394945443e-12
1.0231815394945443e-12
1.0231815394945443e-12
1.0231815394945443e-12
1.0231815394945443e-12
1.0231815394945443e-12
1.0231815394945443e-12
1.0231815394945443e-12
1.0231815394945443e-12
1.0231815394945443e-12
1.0231815394945443e-12
1.0231815394945443e-12
1.0231815394945443e-12
1.0231815394945443e-12
1.0231815394945443e-12
1.0231815394945443e-12
1.0231815394945443e-12
1.0231815394945443e-12
1.0231815394945443e-12
1.0231815394945443e-12
1.0231815394945443e-12
1.0231815394945443e-12
1.0231815394945443e-12
1.0231815394945443e-12
1.0231815394945443e-12
1.0231815394945443e-12
1.0231815394945443e-12
1.0231815394945443e-12
1.0231815394945443e-12
1.0231815394945443e-12
1.0231815394945443e-12
1.0231815394945443e-12
1.0231815394945443e-12
1.0231815394945443e-12
1.0231815394945443e-12
1.0231815394945443e-12
1.0231815394945443e-12
1.0231815394945443e-12
1.0231815394945443e-12
1.0231815394945443e-12
1.0231815394945443e-12
1.0231815394945443e-12
1.0231815394945443e-12
1.0231815394945443e-12
1.0231815394945443e-12
1.0231815394945443e-12
1.0231815394945443e-12
1.0231815394945443e-12
1.0231815394945443e-12
1.0231815394945443e-12
1.0231815394945443e-12
1.0231815394945443e-12
1.0231815394945443e-12
1.0231815394945443e-12
1.0231815394945443e-12
1.0231815394945443e-12
1.0231815394945443e-12
1.0231815394945443e-12
1.0231815394945443e-12
1.0231815394945443e-12
1.0231815394945443e-12
1.0231815394945443e-12
1.0231815394945443e-12
1.0231815394945443e-12
1.0231815394945443e-12
1.0231815394945443e-12
1.0231815394945443e-12
1.0231815394945443e-12
1.0231815394945443e-12
1.0231815394945443e-12
1.0231815394945443e-12
1.0231815394945443e-12
1.0231815394945443e-12
1.0231815394945443e-12
1.0231815394945443e-12
1.0231815394945443e-12
1.0231815394945443e-12
1.0231815394945443e-12
1.0231815394945443e-12
1.0231815394945443e-12
1.0231815394945443e-12
1.0231815394945443e-12
1.0231815394945443e-12
1.0231815394945443e-12
1.0231815394945443e-12
1.0231815394945443e-12
1.0231815394945443e-12
1.0231815394945443e-12
1.0231815394945443e-12
1.0231815394945443e-12
1.0231815394945443e-12
1.0231815394945443e-12
1.0231815394945443e-12
1.0231815394945443e-12
1.0231815394945443e-12
1.0231815394945443e-12
1.0231815394945443e-12
1.0231815394945443e-12
1.0231815394945443e-12
1.0231815394945443e-12
1.0231815394945443e-12
1.0231815394945443e-12
1.0231815394945443e-12
1.0231815394945443e-12
1.0231815394945443e-12
1.0231815394945443e-12
1.0231815394945443e-12
1.0231815394945443e-12
1.0231815394945443e-12
1.0231815394945443e-12
1.0231815394945443e-12
1.0231815394945443e-12
1.0231815394945443e-12
1.0231815394945443e-12
1.0231815394945443e-12
1.0231815394945443e-12
1.0231815394945443e-12
1.0231815394945443e-12
1.0231815394945443e-12
1.0231815394945443e-12
1.0231815394945443e-12
1.0231815394945443e-12
1.0231815394945443e-12
1.0231815394945443e-12
1.0231815394945443e-12
1.0231815394945443e-12
1.0231815394945443e-12
1.0231815394945443e-12
1.0231815394945443e-12
1.0231815394945443e-12
1.0231815394945443e-12
1.0231815394945443e-12
1.0231815394945443e-12
1.0231815394945443e-12
1.0231815394945443e-12
1.0231815394945443e-12
1.0231815394945443e-12
1.0231815394945443e-12
1.0231815394945443e-12
1.0231815394945443e-12
1.0231815394945443e-12
1.0231815394945443e-12
1.0231815394945443e-12
1.0231815394945443e-12
1.0231815394945443e-12
1.0231815394945443e-12
1.0231815394945443e-12
1.0231815394945443e-12
1.0231815394945443e-12
1.0231815394945443e-12
1.0231815394945443e-12
1.0231815394945443e-12
1.0231815394945443e-12
1.0231815394945443e-12
1.0231815394945443e-12
1.0231815394945443e-12
1.0231815394945443e-12
1.0231815394945443e-12
1.0231815394945443e-12
1.0231815394945443e-12
1.0231815394945443e-12
1.0231815394945443e-12
1.0231815394945443e-12
1.0231815394945443e-12
1.0231815394945443e-12
1.0231815394945443e-12
1.0231815394945443e-12
1.0231815394945443e-12
1.0231815394945443e-12
1.0231815394945443e-12
1.0231815394945443e-12
1.0231815394945443e-12
1.0231815394945443e-12
1.0231815394945443e-12
1.0231815394945443e-12
1.0231815394945443e-12
1.0231815394945443e-12
1.0231815394945443e-12
1.0231815394945443e-12
1.0231815394945443e-12
1.0231815394945443e-12
1.0231815394945443e-12
1.0231815394945443e-12
1.0231815394945443e-12
1.0231815394945443e-12
1.0231815394945443e-12
1.0231815394945443e-12
1.0231815394945443e-12
1.0231815394945443e-12
1.0231815394945443e-12
1.0231815394945443e-12
1.0231815394945443e-12
1.0231815394945443e-12
1.0231815394945443e-12
1.0231815394945443e-12
1.0231815394945443e-12
1.0231815394945443e-12
1.0231815394945443e-12
1.0231815394945443e-12
1.0231815394945443e-12
1.0231815394945443e-12
1.0231815394945443e-12
1.0231815394945443e-12
1.0231815394945443e-12
1.0231815394945443e-12
1.0231815394945443e-12
1.0231815394945443e-12
1.0231815394945443e-12
1.0231815394945443e-12
1.0231815394945443e-12
1.0231815394945443e-12
1.0231815394945443e-12
1.0231815394945443e-12
1.0231815394945443e-12
1.0231815394945443e-12
1.0231815394945443e-12
1.0231815394945443e-12
1.0231815394945443e-12
1.0231815394945443e-12
1.0231815394945443e-12
1.0231815394945443e-12
1.0231815394945443e-12
1.0231815394945443e-12
1.0231815394945443e-12
1.0231815394945443e-12
1.0231815394945443e-12
1.0231815394945443e-12
1.0231815394945443e-12
1.0231815394945443e-12
1.0231815394945443e-12
1.0231815394945443e-12
1.0231815394945443e-12
1.0231815394945443e-12
1.0231815394945443e-12
1.0231815394945443e-12
1.0231815394945443e-12
1.0231815394945443e-12
1.0231815394945443e-12
1.0231815394945443e-12
1.0231815394945443e-12
1.0231815394945443e-12
1.0231815394945443e-12
1.0231815394945443e-12
1.0231815394945443e-12
1.0231815394945443e-12
1.0231815394945443e-12
1.0231815394945443e-12
1.0231815394945443e-12
1.0231815394945443e-12
1.0231815394945443e-12
1.0231815394945443e-12
1.0231815394945443e-12
1.0231815394945443e-12
1.0231815394945443e-12
1.0231815394945443e-12
1.0231815394945443e-12
1.0231815394945443e-12
1.0231815394945443e-12
1.0231815394945443e-12
1.0231815394945443e-12
1.0231815394945443e-12
1.0231815394945443e-12
1.0231815394945443e-12
1.0231815394945443e-12
1.0231815394945443e-12
1.0231815394945443e-12
1.0231815394945443e-12
1.0231815394945443e-12
1.0231815394945443e-12
1.0231815394945443e-12
1.0231815394945443e-12
1.0231815394945443e-12
1.0231815394945443e-12
1.0231815394945443e-12
1.0231815394945443e-12
1.0231815394945443e-12
1.0231815394945443e-12
1.0231815394945443e-12
1.0231815394945443e-12
1.0231815394945443e-12
1.0231815394945443e-12
1.0231815394945443e-12
1.0231815394945443e-12
1.0231815394945443e-12
1.0231815394945443e-12
1.0231815394945443e-12
1.0231815394945443e-12
1.0231815394945443e-12
1.0231815394945443e-12
1.0231815394945443e-12
1.0231815394945443e-12
1.0231815394945443e-12
1.0231815394945443e-12
1.0231815394945443e-12
1.0231815394945443e-12
1.0231815394945443e-12
1.0231815394945443e-12
1.0231815394945443e-12
1.0231815394945443e-12
1.0231815394945443e-12
1.0231815394945443e-12
1.0231815394945443e-12
1.0231815394945443e-12
1.0231815394945443e-12
1.0231815394945443e-12
1.0231815394945443e-12
1.0231815394945443e-12
1.0231815394945443e-12
1.0231815394945443e-12
1.0231815394945443e-12
1.0231815394945443e-12
1.0231815394945443e-12
1.0231815394945443e-12
1.0231815394945443e-12
1.0231815394945443e-12
1.0231815394945443e-12
1.0231815394945443e-12
1.0231815394945443e-12
1.0231815394945443e-12
1.0231815394945443e-12
1.0231815394945443e-12
1.0231815394945443e-12
1.0231815394945443e-12
1.0231815394945443e-12
1.0231815394945443e-12
1.0231815394945443e-12
1.0231815394945443e-12
1.0231815394945443e-12
1.0231815394945443e-12
1.0231815394945443e-12
1.0231815394945443e-12
1.0231815394945443e-12
1.0231815394945443e-12
1.0231815394945443e-12
1.0231815394945443e-12
1.0231815394945443e-12
1.0231815394945443e-12
1.0231815394945443e-12
1.0231815394945443e-12
1.0231815394945443e-12
1.0231815394945443e-12
1.0231815394945443e-12
1.0231815394945443e-12
1.0231815394945443e-12
1.0231815394945443e-12
1.0231815394945443e-12
1.0231815394945443e-12
1.0231815394945443e-12
1.0231815394945443e-12
1.0231815394945443e-12
1.0231815394945443e-12
1.0231815394945443e-12
1.0231815394945443e-12
1.0231815394945443e-12
1.0231815394945443e-12
1.0231815394945443e-12
1.0231815394945443e-12
1.0231815394945443e-12
1.0231815394945443e-12
1.0231815394945443e-12
1.0231815394945443e-12
1.0231815394945443e-12
1.0231815394945443e-12
1.0231815394945443e-12
1.0231815394945443e-12
1.0231815394945443e-12
1.0231815394945443e-12
1.0231815394945443e-12
1.0231815394945443e-12
1.0231815394945443e-12
1.0231815394945443e-12
1.0231815394945443e-12
1.0231815394945443e-12
1.0231815394945443e-12
1.0231815394945443e-12
1.0231815394945443e-12
1.0231815394945443e-12
1.0231815394945443e-12
1.0231815394945443e-12
1.0231815394945443e-12
1.0231815394945443e-12
1.0231815394945443e-12
1.0231815394945443e-12
1.0231815394945443e-12
1.0231815394945443e-12
1.0231815394945443e-12
1.0231815394945443e-12
1.0231815394945443e-12
1.0231815394945443e-12
1.0231815394945443e-12
1.0231815394945443e-12
1.0231815394945443e-12
1.0231815394945443e-12
1.0231815394945443e-12
1.0231815394945443e-12
1.0231815394945443e-12
1.0231815394945443e-12
1.0231815394945443e-12
1.0231815394945443e-12
1.0231815394945443e-12
1.0231815394945443e-12
1.0231815394945443e-12
1.0231815394945443e-12
1.0231815394945443e-12
1.0231815394945443e-12
1.0231815394945443e-12
1.0231815394945443e-12
1.0231815394945443e-12
1.0231815394945443e-12
1.0231815394945443e-12
1.0231815394945443e-12
1.0231815394945443e-12
1.0231815394945443e-12
1.0231815394945443e-12
1.0231815394945443e-12
1.0231815394945443e-12
1.0231815394945443e-12
1.0231815394945443e-12
1.0231815394945443e-12
1.0231815394945443e-12
1.0231815394945443e-12
1.0231815394945443e-12
1.0231815394945443e-12
1.0231815394945443e-12
1.0231815394945443e-12
1.0231815394945443e-12
1.0231815394945443e-12
1.0231815394945443e-12
1.0231815394945443e-12
