16.42761059641498
8.099493971796278
6.103082450200986
5.4881010456622334
4.631871332016999
4.316046016653559
3.694607181206379
3.5145515928948043
3.052475998424029
2.984752644109335
2.6316138175883452
2.6648755996055797
2.3774532798722703
2.508746069507424
2.2546741864338173
2.4946660083157894
2.2440029604183565
2.616443094469446
2.3308433455324575
2.867186270911361
2.510535740901105
3.2580570025754696
2.7923216251307394
3.8289653398517203
3.2244907642572116
4.712996387379121
4.0151026350815755
6.536590642567603
7.006358049975574
16.955819719400893
56.815958234118284
nan
3086.834758810064
nan
334291.16465860617
nan
42331072.354669906
nan
5641849320.554789
nan
768784931857.182
nan
105918193246801.42
nan
1.468021364136591e+16
nan
2.0417792714772795e+18
nan
2.845945536047014e+20
nan
3.97248999114622e+22
nan
5.550408832557465e+24
nan
7.760544205704495e+26
nan
nan
nan
nan
nan
nan
nan
nan
nan
nan
nan
nan
nan
nan
nan
nan
nan
nan
nan
nan
nan
nan
nan
nan
nan
nan
nan
nan
nan
nan
nan
nan
nan
nan
nan
nan
nan
nan
nan
nan
nan
nan
nan
nan
nan
nan
