108.97995317810478
40.813919556691815
22.062981562705204
13.236521964256212
8.416076766103686
5.561892767981448
3.7802052363174425
2.6252471741119052
1.8547532993700884
1.328993925474606
0.9636426316460813
0.7058549586805611
0.5216277815663943
0.38849720468667215
0.2913527224547465
0.21986115931630934
0.16684404200566405
0.12725641171218172
0.09751312860350936
0.0750384279232037
0.05797453539582875
0.04495852901183639
0.03498530597005356
0.027311765953356826
0.021385631816514206
0.01679224653230449
0.013219620951900879
0.010432830787834746
0.008253070517412198
0.006543510596173974
0.005199336146091582
0.004139708883343474
0.0033024557338308114
0.0026394607716611063
0.0021132887306976045
0.0016948097233466797
0.0013613692009073475
0.0010951922385231683
0.0008823414634662186
0.0007118144459923315
0.0005749960830314649
0.00046507511058280215
0.00037664862671249466
0.0003053996883579657
0.00024790865700197173
0.00020145849643427027
0.00016389188922971698
0.00013346602150932085
0.00010879843600264394
8.877369415927205e-05
7.25015703437748e-05
5.926518818455406e-05
4.8486234760503066e-05
3.97009367247847e-05
3.25352657739586e-05
2.6683325700105343e-05
2.1900035108046723e-05
1.7987513245998343e-05
1.4785126893457345e-05
1.2161152056933133e-05
1.000975939291493e-05
8.24432473223169e-06
6.7947046034078085e-06
5.603700827805369e-06
4.624259247520968e-06
3.818317480863698e-06
3.154693615670112e-06
2.6078677990426513e-06
2.157019281412431e-06
1.7850572646693763e-06
1.477999120425011e-06
1.2244115055182192e-06
1.0148534101972473e-06
8.415738648182014e-07
6.98218485695179e-07
5.795657784801733e-07
4.813068130715692e-07
3.9988549360714387e-07
3.323888506656658e-07
2.7640894018077233e-07
2.2994720438873628e-07
1.9138968809784274e-07
1.5935739838823793e-07
1.3274583920974692e-07
1.1061968052672455e-07
9.222296171174094e-08
7.690948677918641e-08
6.416354381144629e-08
5.355479970603483e-08
4.471186798582494e-08
3.7343966141634155e-08
3.1200983130474924e-08
2.6078708970089792e-08
2.1802861738251522e-08
1.82367614343093e-08
1.5256972574206884e-08
1.2768680335284444e-08
1.0690911267374759e-08
8.953946917245048e-09
7.497703791159438e-09
6.283784159677452e-09
5.267537517283927e-09
4.4167904889036436e-09
3.70670250049443e-09
3.1101308195502497e-09
2.6112161322089378e-09
2.1903758806729456e-09
1.8371508758718846e-09
1.546140993013978e-09
1.297166818403639e-09
1.090000978365424e-09
9.208349638356594e-10
7.750600161671173e-10
6.501181815110613e-10
5.479421361087589e-10
4.5986325858393684e-10
3.885247679136228e-10
3.214495336578693e-10
2.729620973696001e-10
2.3305801732931286e-10
1.9585399968491402e-10
1.6424905879830476e-10
1.3986323210701812e-10
1.1718270798155572e-10
9.939071787812281e-11
8.640199666842818e-11
7.065636964398436e-11
5.772449185315054e-11
5.17559328727657e-11
3.709033080667723e-11
3.47597506333841e-11
3.134914550173562e-11
2.594902070995886e-11
1.7990942069445737e-11
2.0378365661599673e-11
1.48929757415317e-11
1.3244516594568267e-11
1.1539214028744027e-11
1.0743406164692715e-11
7.673861546209082e-12
5.7411853049416095e-12
5.314859663485549e-12
6.195932655828074e-12
5.4285465012071654e-12
3.780087354243733e-12
2.4726887204451486e-12
4.121147867408581e-12
4.376943252282217e-12
-9.663381206337363e-13
1.0516032489249483e-12
7.673861546209082e-13
1.1652900866465643e-12
2.842170943040401e-14
2.5863755581667647e-12
-1.4495071809506044e-12
-1.3926637620897964e-12
2.1600499167107046e-12
-1.2505552149377763e-12
1.5631940186722204e-12
8.810729923425242e-13
-1.7905676941154525e-12
-3.979039320256561e-13
1.9895196601282805e-13
2.1884716261411086e-12
-5.400124791776761e-13
4.263256414560601e-13
1.9042545318370685e-12
1.1084466677857563e-12
-1.9895196601282805e-12
-1.8758328224066645e-12
2.842170943040401e-14
5.968558980384842e-13
-3.694822225952521e-13
3.126388037344441e-12
-3.0411229090532288e-12
1.0231815394945443e-12
5.115907697472721e-13
-3.439026841078885e-12
8.526512829121202e-14
3.097966327914037e-12
-1.1652900866465643e-12
-3.979039320256561e-13
7.673861546209082e-13
-1.4779288903810084e-12
-2.7284841053187847e-12
-7.958078640513122e-13
3.0411229090532288e-12
-1.1368683772161603e-13
1.1368683772161603e-12
1.7053025658242404e-13
1.1937117960769683e-12
1.3358203432289883e-12
-1.5916157281026244e-12
3.524291969370097e-12
1.5916157281026244e-12
5.684341886080801e-13
1.7053025658242404e-13
2.842170943040401e-14
2.6716406864579767e-12
2.8421709430404007e-12
9.947598300641403e-13
1.5063505998114124e-12
2.5579538487363607e-12
6.821210263296962e-13
1.1368683772161603e-12
9.094947017729282e-13
-1.4210854715202004e-13
-3.581135388230905e-12
8.526512829121202e-14
-1.1084466677857563e-12
-6.536993168992922e-13
2.5579538487363607e-12
2.4158453015843406e-12
8.526512829121202e-13
-1.5063505998114124e-12
-8.526512829121202e-13
2.8421709430404007e-13
1.7621459846850485e-12
7.105427357601002e-13
2.8990143619012088e-12
2.2453150450019166e-12
4.291678123991005e-12
2.8421709430404007e-12
7.958078640513122e-13
8.810729923425242e-13
2.1316282072803006e-12
2.4442670110147446e-12
1.3358203432289883e-12
7.958078640513122e-13
-8.526512829121202e-14
1.1368683772161603e-13
2.2168933355715126e-12
2.0179413695586845e-12
2.6716406864579767e-12
4.490630090003833e-12
-9.663381206337363e-13
3.126388037344441e-13
-2.842170943040401e-14
-1.9326762412674725e-12
-1.5347723092418164e-12
-2.842170943040401e-14
-4.831690603168681e-13
-2.8421709430404007e-12
-2.6432189770275727e-12
-2.3021584638627246e-12
8.810729923425242e-13
2.2737367544323206e-13
5.684341886080801e-13
2.1316282072803006e-12
2.7853275241795927e-12
-4.547473508864641e-13
-2.5579538487363607e-13
1.3358203432289883e-12
-1.1368683772161603e-13
-1.4210854715202004e-13
3.410605131648481e-13
1.1652900866465643e-12
6.821210263296962e-13
3.467448550509289e-12
2.9274360713316128e-12
1.7621459846850485e-12
2.4726887204451486e-12
1.3926637620897964e-12
5.400124791776761e-13
7.958078640513122e-13
1.6484591469634324e-12
3.325340003357269e-12
9.663381206337363e-13
3.0127011996228248e-12
2.1884716261411086e-12
2.4158453015843406e-12
2.3590018827235326e-12
2.2168933355715126e-12
8.810729923425242e-13
1.3073986337985843e-12
2.1600499167107046e-12
2.5579538487363607e-12
2.6432189770275727e-12
1.8474111129762605e-12
2.0179413695586845e-12
2.4158453015843406e-12
2.2168933355715126e-12
1.9326762412674725e-12
2.1600499167107046e-12
1.7621459846850485e-12
2.3305801732931286e-12
2.5295321393059567e-12
2.5011104298755527e-12
3.0127011996228248e-12
2.6432189770275727e-12
2.1316282072803006e-12
2.0747847884194925e-12
2.5011104298755527e-12
1.7337242752546445e-12
2.0179413695586845e-12
2.0747847884194925e-12
2.1316282072803006e-12
1.8474111129762605e-12
3.069544618483633e-12
2.5579538487363607e-12
1.6200374375330284e-12
1.3926637620897964e-12
7.389644451905042e-13
5.400124791776761e-13
1.1937117960769683e-12
1.7053025658242404e-12
2.1884716261411086e-12
2.4442670110147446e-12
1.9326762412674725e-12
1.8758328224066645e-12
1.9042545318370685e-12
1.7621459846850485e-12
1.5631940186722204e-12
1.2789769243681803e-12
1.6484591469634324e-12
2.0179413695586845e-12
1.7053025658242404e-12
1.9326762412674725e-12
1.8189894035458565e-12
1.9326762412674725e-12
1.5631940186722204e-12
1.9042545318370685e-12
1.9895196601282805e-12
1.8474111129762605e-12
2.1032064978498966e-12
1.9895196601282805e-12
2.1884716261411086e-12
2.3305801732931286e-12
1.9895196601282805e-12
2.0463630789890885e-12
2.0747847884194925e-12
1.9895196601282805e-12
2.1884716261411086e-12
1.8189894035458565e-12
1.6200374375330284e-12
1.4495071809506044e-12
1.5063505998114124e-12
1.6768808563938364e-12
1.6768808563938364e-12
1.8474111129762605e-12
1.8474111129762605e-12
1.8758328224066645e-12
1.7053025658242404e-12
1.7905676941154525e-12
1.8474111129762605e-12
1.7905676941154525e-12
1.9326762412674725e-12
1.9042545318370685e-12
