83.39081420928471
42.60468213602269
28.715105942587797
20.16291691469985
14.510623757278324
10.63380502820678
7.904563289979251
5.943962708625804
4.512282325153478
3.4530303473623007
2.660704552463926
2.0624991703627416
1.6071076709247336
1.2581691082847328
0.9891378854622417
0.7805434856517195
0.6180210801096564
0.4908441083998696
0.3909736591650699
0.31225434880116154
0.25001060000556663
0.20063881015903462
0.16136750063651562
0.13004279239896732
0.10499896727208125
0.08493150317087839
0.0688135934510683
0.055843290941879786
0.045387005215559384
0.036941024443251536
0.030108325731760033
0.0245724616266898
0.020080701939718892
0.016430887544686357
0.013460410304332981
0.01103971353199995
0.009064187774129095
0.007449976604164021
0.0061294559112639035
0.005048012311533512
0.004161370338010784
0.0034335894932269184
0.0028356181647950507
0.0023438150124093227
0.0019389047185995878
0.0016052077870654102
0.0013299716230221748
0.00110275204269783
0.0009150175156946716
0.0007597735468607425
0.0006312926061582402
0.0005248800641766138
0.00043667558719562294
0.0003635156941754758
0.0003027897962510906
0.0002523518834323113
0.00021043333151737897
0.00017557550717128834
0.0001465691320845508
0.00012241698624393393
0.00010229647944015596
8.552479857826256e-05
7.153660374115134e-05
5.986372008237595e-05
5.0117749196942896e-05
4.1976677493948955e-05
3.517266333119551e-05
2.9483440471267386e-05
2.472485516591405e-05
2.07425898679503e-05
1.7408401333796064e-05
1.4615588497690624e-05
1.2275251265236875e-05
1.0313285770280345e-05
8.667861266076216e-06
7.2874181569204666e-06
6.128810355221503e-06
5.156032898412377e-06
4.339003567110922e-06
3.652572331702686e-06
3.0756340265725157e-06
2.5905902134581993e-06
2.1826421061632573e-06
1.8394397898191528e-06
1.550629065150133e-06
1.307514764903317e-06
1.1027934192497924e-06
9.30358169171086e-07
7.85079748766293e-07
6.626459025937947e-07
5.594407639364363e-07
4.724187192550744e-07
3.990156756117358e-07
3.3708954561006976e-07
2.848412918865506e-07
2.4073784743450233e-07
2.035116040133289e-07
1.7207014479936333e-07
1.4551631011272548e-07
1.2308578334341291e-07
1.0412878737042774e-07
8.811571206024382e-08
7.457157380486024e-08
6.311870492936578e-08
5.345066256268183e-08
4.5255433178681415e-08
3.8327470974763855e-08
3.24621964864491e-08
2.7506928290677024e-08
2.3307961782847997e-08
1.9752292246266734e-08
1.6735043573135044e-08
1.4187889973982237e-08
1.2035116014885716e-08
1.0200835731666302e-08
8.653614713693969e-09
7.341895980061963e-09
6.2217395679908805e-09
5.276660886011086e-09
4.485855242819525e-09
3.807201665040338e-09
3.2276830097544007e-09
2.7378064260119572e-09
2.3250663616636302e-09
1.9767867343034595e-09
1.6780177247710526e-09
1.424723450327292e-09
1.2104237612220459e-09
1.0308554010407533e-09
8.761276149016339e-10
7.399876267299987e-10
6.228901838767342e-10
5.354650056688115e-10
4.611138137988746e-10
3.877858034684323e-10
3.212790034012869e-10
2.7853275241795927e-10
2.462456905050203e-10
1.9838353182421997e-10
1.729745235934388e-10
1.447233444196172e-10
1.2710188457276672e-10
1.0413714335300028e-10
9.032419256982394e-11
7.776179700158536e-11
6.559730536537245e-11
4.718003765447065e-11
4.638422979041934e-11
3.83124643121846e-11
3.26281224261038e-11
2.4783730623312294e-11
2.0804691303055733e-11
2.9103830456733704e-11
1.807620719773695e-11
1.6711965145077556e-11
1.7394086171407253e-11
1.3642420526593924e-11
1.4267698134062812e-11
8.185452315956354e-12
4.831690603168681e-12
-2.0463630789890885e-12
1.2505552149377763e-11
7.958078640513122e-13
3.865352482534945e-12
7.844391802791506e-12
2.8421709430404007e-13
9.663381206337363e-12
6.480149750132114e-12
-2.1600499167107046e-12
8.29913915367797e-12
4.092726157978177e-12
1.1368683772161603e-12
-4.661160346586257e-12
4.092726157978177e-12
1.0800249583553523e-12
-4.320099833421409e-12
5.6274984672199935e-12
-1.9895196601282805e-12
-1.1937117960769683e-11
-1.7053025658242404e-12
-6.480149750132114e-12
1.9895196601282805e-12
1.1368683772161603e-12
3.296918293926865e-12
-1.4210854715202004e-12
8.526512829121202e-13
1.5347723092418164e-12
-2.3874235921539366e-12
-3.922195901395753e-12
2.8990143619012088e-12
-5.9117155615240335e-12
2.5011104298755527e-12
-5.684341886080801e-13
-1.3073986337985843e-12
1.5916157281026244e-12
-2.2737367544323206e-13
-1.7053025658242404e-13
1.7053025658242404e-12
6.252776074688882e-12
5.286437954055145e-12
-4.547473508864641e-13
-1.7053025658242404e-13
-1.8189894035458565e-12
3.865352482534945e-12
4.718003765447065e-12
2.3874235921539366e-12
-3.183231456205249e-12
-6.707523425575346e-12
3.865352482534945e-12
3.183231456205249e-12
-5.115907697472721e-13
3.524291969370097e-12
6.252776074688882e-13
7.958078640513122e-13
-2.2737367544323206e-13
1.5916157281026244e-12
6.423306331271306e-12
-6.821210263296962e-12
1.3642420526593924e-12
-5.002220859751105e-12
-5.343281372915953e-12
9.094947017729282e-13
1.3642420526593924e-12
1.3642420526593924e-12
1.0231815394945443e-12
4.547473508864641e-12
-6.536993168992922e-12
-1.5916157281026244e-12
2.1600499167107046e-12
-2.5011104298755527e-12
4.718003765447065e-12
-6.366462912410498e-12
-3.069544618483633e-12
-3.808509063674137e-12
-4.376943252282217e-12
5.115907697472721e-12
4.320099833421409e-12
2.4442670110147446e-12
-2.2737367544323206e-13
-3.865352482534945e-12
1.4779288903810084e-12
1.3642420526593924e-12
-2.6147972675971687e-12
-3.694822225952521e-12
-3.296918293926865e-12
4.035882739117369e-12
1.0231815394945443e-12
5.6843418860808015e-12
-9.322320693172514e-12
6.139089236967266e-12
-8.981260180007666e-12
0.0
3.069544618483633e-12
-2.3874235921539366e-12
-3.865352482534945e-12
-3.979039320256561e-13
3.410605131648481e-13
-2.3874235921539366e-12
-1.1368683772161603e-13
-1.1368683772161603e-12
1.1368683772161603e-13
1.7053025658242404e-13
-3.637978807091713e-12
8.640199666842818e-12
6.139089236967266e-12
-3.637978807091713e-12
-1.6484591469634324e-12
3.410605131648481e-12
6.30961949354969e-12
7.958078640513122e-12
2.6147972675971687e-12
-3.979039320256561e-13
2.2737367544323206e-12
-2.2737367544323206e-12
-1.8189894035458565e-12
-6.821210263296962e-12
3.524291969370097e-12
3.296918293926865e-12
-3.865352482534945e-12
-3.296918293926865e-12
-3.467448550509289e-12
-1.0459189070388675e-11
-7.503331289626658e-12
-5.684341886080801e-13
-1.3642420526593924e-12
6.366462912410498e-12
6.934897101018578e-12
8.185452315956354e-12
7.73070496506989e-12
6.821210263296962e-12
1.2505552149377763e-12
-1.9326762412674725e-12
7.958078640513122e-13
-7.958078640513122e-13
1.2505552149377763e-12
-5.684341886080801e-13
6.821210263296962e-13
4.547473508864641e-13
2.7853275241795927e-12
-2.8421709430404007e-13
-2.0463630789890885e-12
-1.9895196601282805e-12
-3.524291969370097e-12
-2.7284841053187847e-12
-2.5011104298755527e-12
-2.2737367544323206e-12
0.0
4.547473508864641e-13
6.821210263296962e-13
9.094947017729282e-13
2.0463630789890885e-12
1.1368683772161603e-12
-6.821210263296962e-13
-7.958078640513122e-13
-3.410605131648481e-13
-3.410605131648481e-13
1.1368683772161603e-13
-2.2737367544323206e-13
-6.821210263296962e-13
-1.9326762412674725e-12
-2.1032064978498966e-12
-2.6147972675971687e-12
-2.0463630789890885e-12
-2.1600499167107046e-12
-2.1600499167107046e-12
-2.8990143619012088e-12
-3.069544618483633e-12
-2.5011104298755527e-12
-3.069544618483633e-12
-1.7053025658242404e-12
-5.684341886080801e-13
-4.547473508864641e-13
-3.410605131648481e-13
-3.979039320256561e-13
1.1368683772161603e-13
2.2737367544323206e-13
3.410605131648481e-13
6.821210263296962e-13
-3.410605131648481e-13
-8.526512829121202e-13
-1.5916157281026244e-12
-1.7053025658242404e-12
-1.4210854715202004e-12
-1.4779288903810084e-12
-1.2505552149377763e-12
-4.547473508864641e-13
-4.547473508864641e-13
-1.7053025658242404e-13
-3.410605131648481e-13
-1.1368683772161603e-13
-4.547473508864641e-13
-3.979039320256561e-13
-2.8421709430404007e-13
-1.7053025658242404e-13
-2.8421709430404007e-13
0.0
-2.8421709430404007e-13
-3.410605131648481e-13
-2.2737367544323206e-13
-2.2737367544323206e-13
-3.410605131648481e-13
-2.8421709430404007e-13
-4.547473508864641e-13
-3.410605131648481e-13
-4.547473508864641e-13
-4.547473508864641e-13
-2.2737367544323206e-13
-2.2737367544323206e-13
-6.252776074688882e-13
-4.547473508864641e-13
-4.547473508864641e-13
-5.684341886080801e-13
-5.684341886080801e-13
-6.821210263296962e-13
-6.821210263296962e-13
-6.252776074688882e-13
-4.547473508864641e-13
-5.684341886080801e-13
-4.547473508864641e-13
-3.979039320256561e-13
-2.2737367544323206e-13
-2.2737367544323206e-13
-1.1368683772161603e-13
-5.684341886080802e-14
-1.1368683772161603e-13
-5.684341886080802e-14
0.0
0.0
0.0
5.684341886080802e-14
1.1368683772161603e-13
0.0
0.0
5.684341886080802e-14
2.2737367544323206e-13
1.1368683772161603e-13
1.1368683772161603e-13
5.684341886080802e-14
1.7053025658242404e-13
2.2737367544323206e-13
1.7053025658242404e-13
1.7053025658242404e-13
1.1368683772161603e-13
1.1368683772161603e-13
1.1368683772161603e-13
2.2737367544323206e-13
2.2737367544323206e-13
1.1368683772161603e-13
1.1368683772161603e-13
1.1368683772161603e-13
1.1368683772161603e-13
1.1368683772161603e-13
1.1368683772161603e-13
1.1368683772161603e-13
1.1368683772161603e-13
1.1368683772161603e-13
1.1368683772161603e-13
1.1368683772161603e-13
1.1368683772161603e-13
5.684341886080802e-14
1.1368683772161603e-13
1.1368683772161603e-13
1.1368683772161603e-13
1.1368683772161603e-13
1.1368683772161603e-13
1.1368683772161603e-13
1.1368683772161603e-13
1.1368683772161603e-13
1.1368683772161603e-13
1.1368683772161603e-13
1.1368683772161603e-13
1.1368683772161603e-13
5.684341886080802e-14
5.684341886080802e-14
5.684341886080802e-14
5.684341886080802e-14
5.684341886080802e-14
5.684341886080802e-14
5.684341886080802e-14
5.684341886080802e-14
5.684341886080802e-14
5.684341886080802e-14
5.684341886080802e-14
0.0
0.0
0.0
0.0
0.0
0.0
0.0
0.0
0.0
0.0
0.0
0.0
0.0
0.0
0.0
0.0
0.0
0.0
0.0
0.0
0.0
0.0
0.0
0.0
0.0
0.0
0.0
0.0
0.0
0.0
0.0
0.0
0.0
0.0
0.0
0.0
0.0
0.0
0.0
0.0
0.0
0.0
0.0
0.0
0.0
0.0
0.0
0.0
0.0
0.0
0.0
0.0
0.0
0.0
0.0
0.0
0.0
0.0
0.0
0.0
0.0
0.0
0.0
0.0
0.0
0.0
0.0
0.0
0.0
0.0
0.0
0.0
0.0
0.0
0.0
0.0
0.0
0.0
0.0
0.0
0.0
0.0
0.0
0.0
0.0
0.0
0.0
0.0
0.0
0.0
0.0
0.0
0.0
0.0
0.0
0.0
0.0
0.0
0.0
0.0
0.0
0.0
0.0
0.0
0.0
0.0
0.0
0.0
0.0
0.0
0.0
0.0
0.0
0.0
0.0
0.0
0.0
0.0
0.0
0.0
0.0
0.0
0.0
0.0
0.0
0.0
0.0
0.0
0.0
0.0
0.0
0.0
0.0
0.0
0.0
0.0
0.0
0.0
0.0
0.0
0.0
0.0
0.0
0.0
0.0
0.0
0.0
0.0
0.0
0.0
0.0
0.0
0.0
0.0
0.0
0.0
0.0
0.0
0.0
0.0
0.0
0.0
0.0
0.0
0.0
0.0
0.0
0.0
0.0
0.0
0.0
0.0
0.0
0.0
0.0
0.0
0.0
0.0
0.0
0.0
0.0
0.0
0.0
0.0
0.0
0.0
0.0
0.0
0.0
0.0
0.0
0.0
0.0
0.0
0.0
0.0
0.0
0.0
0.0
0.0
0.0
0.0
0.0
0.0
0.0
0.0
0.0
1.1368683772161603e-13
0.0
0.0
0.0
0.0
0.0
0.0
1.1368683772161603e-13
1.1368683772161603e-13
1.1368683772161603e-13
1.1368683772161603e-13
1.1368683772161603e-13
1.1368683772161603e-13
1.1368683772161603e-13
1.1368683772161603e-13
1.1368683772161603e-13
1.1368683772161603e-13
1.1368683772161603e-13
1.1368683772161603e-13
1.1368683772161603e-13
1.1368683772161603e-13
1.1368683772161603e-13
1.1368683772161603e-13
1.1368683772161603e-13
1.1368683772161603e-13
1.1368683772161603e-13
1.1368683772161603e-13
1.1368683772161603e-13
0.0
0.0
0.0
0.0
0.0
0.0
1.1368683772161603e-13
1.1368683772161603e-13
1.1368683772161603e-13
1.1368683772161603e-13
1.1368683772161603e-13
1.1368683772161603e-13
1.1368683772161603e-13
1.1368683772161603e-13
1.1368683772161603e-13
1.1368683772161603e-13
1.1368683772161603e-13
1.1368683772161603e-13
1.1368683772161603e-13
1.1368683772161603e-13
1.1368683772161603e-13
1.1368683772161603e-13
1.1368683772161603e-13
1.1368683772161603e-13
1.1368683772161603e-13
1.1368683772161603e-13
1.1368683772161603e-13
1.1368683772161603e-13
1.1368683772161603e-13
1.1368683772161603e-13
1.1368683772161603e-13
1.1368683772161603e-13
1.1368683772161603e-13
1.1368683772161603e-13
1.1368683772161603e-13
1.1368683772161603e-13
1.1368683772161603e-13
1.1368683772161603e-13
1.1368683772161603e-13
1.1368683772161603e-13
1.1368683772161603e-13
1.1368683772161603e-13
1.1368683772161603e-13
1.1368683772161603e-13
1.1368683772161603e-13
1.1368683772161603e-13
1.1368683772161603e-13
1.1368683772161603e-13
1.1368683772161603e-13
1.1368683772161603e-13
1.1368683772161603e-13
1.1368683772161603e-13
1.1368683772161603e-13
1.1368683772161603e-13
1.1368683772161603e-13
0.0
0.0
0.0
0.0
0.0
0.0
0.0
0.0
0.0
0.0
0.0
0.0
0.0
0.0
0.0
0.0
0.0
0.0
0.0
0.0
0.0
0.0
0.0
0.0
0.0
0.0
0.0
0.0
0.0
0.0
0.0
0.0
0.0
0.0
0.0
0.0
0.0
0.0
0.0
0.0
0.0
0.0
0.0
0.0
0.0
0.0
0.0
0.0
0.0
0.0
0.0
0.0
0.0
0.0
0.0
0.0
0.0
0.0
0.0
0.0
0.0
0.0
0.0
0.0
0.0
0.0
0.0
0.0
0.0
0.0
0.0
0.0
0.0
0.0
0.0
0.0
0.0
0.0
0.0
0.0
0.0
0.0
0.0
0.0
0.0
0.0
0.0
0.0
0.0
0.0
0.0
0.0
0.0
0.0
0.0
0.0
0.0
0.0
0.0
0.0
0.0
0.0
0.0
0.0
0.0
0.0
0.0
0.0
0.0
0.0
0.0
0.0
0.0
0.0
0.0
0.0
0.0
0.0
0.0
0.0
0.0
0.0
0.0
0.0
0.0
0.0
0.0
0.0
0.0
0.0
0.0
0.0
0.0
0.0
0.0
0.0
0.0
0.0
0.0
0.0
0.0
0.0
0.0
0.0
0.0
0.0
0.0
0.0
0.0
0.0
0.0
0.0
0.0
0.0
0.0
0.0
0.0
0.0
0.0
0.0
0.0
0.0
0.0
0.0
0.0
0.0
0.0
0.0
0.0
0.0
0.0
0.0
0.0
0.0
0.0
0.0
0.0
0.0
0.0
0.0
0.0
0.0
0.0
0.0
0.0
0.0
0.0
0.0
0.0
0.0
0.0
0.0
0.0
0.0
0.0
0.0
0.0
0.0
0.0
0.0
0.0
0.0
0.0
0.0
0.0
0.0
0.0
0.0
0.0
0.0
0.0
0.0
0.0
0.0
0.0
0.0
0.0
0.0
0.0
0.0
0.0
0.0
0.0
0.0
0.0
0.0
0.0
0.0
0.0
0.0
0.0
0.0
0.0
0.0
0.0
0.0
0.0
0.0
0.0
0.0
0.0
0.0
0.0
0.0
0.0
0.0
0.0
0.0
0.0
0.0
0.0
0.0
0.0
0.0
0.0
0.0
0.0
0.0
0.0
0.0
