90.53220877032948
49.74607669706745
14.04909689545184
7.905815761315125
4.964988691494682
3.2859526172691176
1.6615049246810258
1.0895942406777976
0.7641446538981427
0.4337164317524298
0.2989299750116743
0.2187126704906177
0.1304773893868969
0.09394662901797801
0.0708998705462136
0.0434724844055836
0.03250764479798818
0.02184076997008333
0.017126149782370703
0.011027189493347578
0.008415970514477067
0.005840155630608024
0.004653416323606052
0.0030823794624552647
0.0023958292791803615
0.0016859307548315883
0.0013713869359435193
0.0009235206414359709
0.000729459832939483
0.000516210355954172
0.00039730038224661257
0.0003191979434404857
0.00022331663939212376
0.0001761029440672246
0.00013197359919558949
0.00010545944263640195
7.408724127344612e-05
5.920893329403043e-05
4.4057530089958163e-05
3.6060245918179135e-05
2.539373849685944e-05
2.0533077474738093e-05
1.5161900137172779e-05
1.2689323511949624e-05
8.952824714469898e-06
7.3124397204082925e-06
5.361684998206329e-06
4.276867798580497e-06
3.5216771721024998e-06
2.562749727985647e-06
2.070213611204963e-06
1.7146390973721282e-06
1.2432766993697442e-06
1.0135170214198297e-06
7.770794354655663e-07
6.424551770578546e-07
4.649027118830418e-07
3.8251675960054854e-07
2.8958834263903555e-07
2.4485223093506647e-07
1.7694208054308547e-07
1.467439005864435e-07
1.0995239563271753e-07
8.908119752959465e-08
7.424074510709033e-08
5.536594471777789e-08
4.5223146116768476e-08
3.784668933803914e-08
2.8129761631134897e-08
2.3135612536862027e-08
1.9427943698246963e-08
1.4420663774217246e-08
1.1920405995624606e-08
9.322093319497071e-09
7.800963430781849e-09
5.756191967520863e-09
4.802359399036504e-09
3.6961864680051804e-09
3.166064743709285e-09
2.3331949705607258e-09
1.963087470358005e-09
1.4869669939798769e-09
1.2264536053407937e-09
1.0331859812140465e-09
7.870539775467478e-10
6.521077011711895e-10
5.541096470551565e-10
4.098410499864258e-10
3.483364707790315e-10
2.7614532882580534e-10
2.2873791749589145e-10
1.7553247744217515e-10
1.4227907740860246e-10
1.149373929365538e-10
9.964651326299645e-11
8.174083632184193e-11
5.616129783447832e-11
5.377387424232438e-11
4.001776687800884e-11
3.7630343285854906e-11
2.2282620193436742e-11
2.5693225325085223e-11
1.6655121726216748e-11
1.6427748050773516e-11
1.4097167877480388e-11
1.0118128557223827e-11
9.833911462919787e-12
9.72022462519817e-12
9.549694368615746e-12
9.549694368615746e-12
9.549694368615746e-12
9.549694368615746e-12
9.549694368615746e-12
9.549694368615746e-12
9.549694368615746e-12
9.549694368615746e-12
9.549694368615746e-12
9.43600753089413e-12
9.43600753089413e-12
9.43600753089413e-12
9.43600753089413e-12
9.43600753089413e-12
9.43600753089413e-12
9.43600753089413e-12
9.43600753089413e-12
9.43600753089413e-12
9.43600753089413e-12
9.43600753089413e-12
9.43600753089413e-12
9.43600753089413e-12
9.43600753089413e-12
9.43600753089413e-12
9.43600753089413e-12
9.43600753089413e-12
9.43600753089413e-12
9.43600753089413e-12
9.43600753089413e-12
9.43600753089413e-12
9.43600753089413e-12
9.43600753089413e-12
9.43600753089413e-12
9.43600753089413e-12
9.43600753089413e-12
9.43600753089413e-12
9.43600753089413e-12
9.43600753089413e-12
9.43600753089413e-12
9.43600753089413e-12
9.43600753089413e-12
9.43600753089413e-12
9.43600753089413e-12
9.43600753089413e-12
9.43600753089413e-12
9.43600753089413e-12
9.43600753089413e-12
9.43600753089413e-12
9.43600753089413e-12
9.43600753089413e-12
9.43600753089413e-12
9.43600753089413e-12
9.43600753089413e-12
9.43600753089413e-12
9.43600753089413e-12
9.43600753089413e-12
9.43600753089413e-12
9.43600753089413e-12
9.43600753089413e-12
9.43600753089413e-12
9.43600753089413e-12
9.43600753089413e-12
9.43600753089413e-12
9.43600753089413e-12
9.43600753089413e-12
9.43600753089413e-12
9.43600753089413e-12
9.43600753089413e-12
9.43600753089413e-12
9.43600753089413e-12
9.43600753089413e-12
9.43600753089413e-12
9.43600753089413e-12
9.43600753089413e-12
9.43600753089413e-12
9.43600753089413e-12
9.43600753089413e-12
9.43600753089413e-12
9.43600753089413e-12
9.43600753089413e-12
9.43600753089413e-12
9.43600753089413e-12
9.43600753089413e-12
9.43600753089413e-12
9.43600753089413e-12
9.43600753089413e-12
9.43600753089413e-12
9.43600753089413e-12
9.43600753089413e-12
9.43600753089413e-12
9.43600753089413e-12
9.43600753089413e-12
9.43600753089413e-12
9.43600753089413e-12
9.43600753089413e-12
9.43600753089413e-12
9.43600753089413e-12
9.43600753089413e-12
9.43600753089413e-12
9.43600753089413e-12
9.43600753089413e-12
9.43600753089413e-12
9.43600753089413e-12
9.43600753089413e-12
9.43600753089413e-12
9.43600753089413e-12
9.43600753089413e-12
9.43600753089413e-12
9.43600753089413e-12
9.43600753089413e-12
9.43600753089413e-12
9.43600753089413e-12
9.43600753089413e-12
9.43600753089413e-12
9.43600753089413e-12
9.43600753089413e-12
9.43600753089413e-12
9.43600753089413e-12
9.43600753089413e-12
9.43600753089413e-12
9.43600753089413e-12
9.43600753089413e-12
9.43600753089413e-12
9.43600753089413e-12
9.43600753089413e-12
9.43600753089413e-12
9.43600753089413e-12
9.43600753089413e-12
9.43600753089413e-12
9.43600753089413e-12
9.43600753089413e-12
9.43600753089413e-12
9.43600753089413e-12
9.43600753089413e-12
9.43600753089413e-12
9.43600753089413e-12
9.43600753089413e-12
9.43600753089413e-12
9.43600753089413e-12
9.43600753089413e-12
9.43600753089413e-12
9.43600753089413e-12
9.43600753089413e-12
9.43600753089413e-12
9.43600753089413e-12
9.43600753089413e-12
9.43600753089413e-12
9.43600753089413e-12
9.43600753089413e-12
9.43600753089413e-12
9.43600753089413e-12
9.43600753089413e-12
9.43600753089413e-12
9.43600753089413e-12
9.43600753089413e-12
9.43600753089413e-12
9.43600753089413e-12
9.43600753089413e-12
9.43600753089413e-12
9.43600753089413e-12
9.43600753089413e-12
9.43600753089413e-12
9.43600753089413e-12
9.43600753089413e-12
9.43600753089413e-12
9.43600753089413e-12
9.43600753089413e-12
9.43600753089413e-12
9.43600753089413e-12
9.43600753089413e-12
9.43600753089413e-12
9.43600753089413e-12
9.43600753089413e-12
9.43600753089413e-12
9.43600753089413e-12
9.43600753089413e-12
9.43600753089413e-12
9.43600753089413e-12
9.43600753089413e-12
9.43600753089413e-12
9.43600753089413e-12
9.43600753089413e-12
9.43600753089413e-12
9.43600753089413e-12
9.43600753089413e-12
9.43600753089413e-12
9.43600753089413e-12
9.43600753089413e-12
9.43600753089413e-12
9.43600753089413e-12
9.43600753089413e-12
9.43600753089413e-12
9.43600753089413e-12
9.43600753089413e-12
9.43600753089413e-12
9.43600753089413e-12
9.43600753089413e-12
9.43600753089413e-12
9.43600753089413e-12
9.43600753089413e-12
9.43600753089413e-12
9.43600753089413e-12
9.43600753089413e-12
9.43600753089413e-12
9.43600753089413e-12
9.43600753089413e-12
9.43600753089413e-12
9.43600753089413e-12
9.43600753089413e-12
9.43600753089413e-12
9.43600753089413e-12
9.43600753089413e-12
9.43600753089413e-12
9.43600753089413e-12
9.43600753089413e-12
9.43600753089413e-12
9.43600753089413e-12
9.43600753089413e-12
9.43600753089413e-12
9.43600753089413e-12
9.43600753089413e-12
9.43600753089413e-12
9.43600753089413e-12
9.43600753089413e-12
9.43600753089413e-12
9.43600753089413e-12
9.43600753089413e-12
9.43600753089413e-12
9.43600753089413e-12
9.43600753089413e-12
9.43600753089413e-12
9.43600753089413e-12
9.43600753089413e-12
9.43600753089413e-12
9.43600753089413e-12
9.43600753089413e-12
9.43600753089413e-12
9.43600753089413e-12
9.43600753089413e-12
9.43600753089413e-12
9.43600753089413e-12
9.43600753089413e-12
9.43600753089413e-12
9.43600753089413e-12
9.43600753089413e-12
9.43600753089413e-12
9.43600753089413e-12
9.43600753089413e-12
9.43600753089413e-12
9.43600753089413e-12
9.43600753089413e-12
9.43600753089413e-12
9.43600753089413e-12
9.43600753089413e-12
9.43600753089413e-12
9.43600753089413e-12
9.43600753089413e-12
9.43600753089413e-12
9.43600753089413e-12
9.43600753089413e-12
9.43600753089413e-12
9.43600753089413e-12
9.43600753089413e-12
9.43600753089413e-12
9.43600753089413e-12
9.43600753089413e-12
9.43600753089413e-12
9.43600753089413e-12
9.43600753089413e-12
9.43600753089413e-12
9.43600753089413e-12
9.43600753089413e-12
9.43600753089413e-12
9.43600753089413e-12
9.43600753089413e-12
9.43600753089413e-12
9.43600753089413e-12
9.43600753089413e-12
9.43600753089413e-12
9.43600753089413e-12
9.43600753089413e-12
9.43600753089413e-12
9.43600753089413e-12
9.43600753089413e-12
9.43600753089413e-12
9.43600753089413e-12
9.43600753089413e-12
9.43600753089413e-12
9.43600753089413e-12
9.43600753089413e-12
9.43600753089413e-12
9.43600753089413e-12
9.43600753089413e-12
9.43600753089413e-12
9.43600753089413e-12
9.43600753089413e-12
9.43600753089413e-12
9.43600753089413e-12
9.43600753089413e-12
9.43600753089413e-12
9.43600753089413e-12
9.43600753089413e-12
9.43600753089413e-12
9.43600753089413e-12
9.43600753089413e-12
9.43600753089413e-12
9.43600753089413e-12
9.43600753089413e-12
9.43600753089413e-12
9.43600753089413e-12
9.43600753089413e-12
9.43600753089413e-12
9.43600753089413e-12
9.43600753089413e-12
9.43600753089413e-12
9.43600753089413e-12
9.43600753089413e-12
9.43600753089413e-12
9.43600753089413e-12
9.43600753089413e-12
9.43600753089413e-12
9.43600753089413e-12
9.43600753089413e-12
9.43600753089413e-12
9.43600753089413e-12
9.43600753089413e-12
9.43600753089413e-12
9.43600753089413e-12
9.43600753089413e-12
9.43600753089413e-12
9.43600753089413e-12
9.43600753089413e-12
9.43600753089413e-12
9.43600753089413e-12
9.43600753089413e-12
9.43600753089413e-12
9.43600753089413e-12
9.43600753089413e-12
9.43600753089413e-12
9.43600753089413e-12
9.43600753089413e-12
9.43600753089413e-12
9.43600753089413e-12
9.43600753089413e-12
9.43600753089413e-12
9.43600753089413e-12
9.43600753089413e-12
9.43600753089413e-12
9.43600753089413e-12
9.43600753089413e-12
9.43600753089413e-12
9.43600753089413e-12
9.43600753089413e-12
9.43600753089413e-12
9.43600753089413e-12
9.43600753089413e-12
9.43600753089413e-12
9.43600753089413e-12
9.43600753089413e-12
9.43600753089413e-12
9.43600753089413e-12
9.43600753089413e-12
9.43600753089413e-12
9.43600753089413e-12
9.43600753089413e-12
9.43600753089413e-12
9.43600753089413e-12
9.43600753089413e-12
9.43600753089413e-12
9.43600753089413e-12
9.43600753089413e-12
9.43600753089413e-12
9.43600753089413e-12
9.43600753089413e-12
9.43600753089413e-12
9.43600753089413e-12
9.43600753089413e-12
9.43600753089413e-12
9.43600753089413e-12
9.43600753089413e-12
9.43600753089413e-12
9.43600753089413e-12
9.43600753089413e-12
9.43600753089413e-12
9.43600753089413e-12
9.43600753089413e-12
9.43600753089413e-12
9.43600753089413e-12
9.43600753089413e-12
9.43600753089413e-12
9.43600753089413e-12
9.43600753089413e-12
9.43600753089413e-12
9.43600753089413e-12
9.43600753089413e-12
9.43600753089413e-12
9.43600753089413e-12
9.43600753089413e-12
9.43600753089413e-12
9.43600753089413e-12
9.43600753089413e-12
9.43600753089413e-12
9.43600753089413e-12
9.43600753089413e-12
9.43600753089413e-12
9.43600753089413e-12
9.43600753089413e-12
9.43600753089413e-12
9.43600753089413e-12
9.43600753089413e-12
9.43600753089413e-12
9.43600753089413e-12
9.43600753089413e-12
9.43600753089413e-12
9.43600753089413e-12
9.43600753089413e-12
9.43600753089413e-12
9.43600753089413e-12
9.43600753089413e-12
9.43600753089413e-12
9.43600753089413e-12
9.43600753089413e-12
9.43600753089413e-12
9.43600753089413e-12
9.43600753089413e-12
9.43600753089413e-12
9.43600753089413e-12
9.43600753089413e-12
9.43600753089413e-12
9.43600753089413e-12
9.43600753089413e-12
9.43600753089413e-12
9.43600753089413e-12
9.43600753089413e-12
9.43600753089413e-12
9.43600753089413e-12
9.43600753089413e-12
9.43600753089413e-12
9.43600753089413e-12
9.43600753089413e-12
9.43600753089413e-12
9.43600753089413e-12
9.43600753089413e-12
9.43600753089413e-12
9.43600753089413e-12
9.43600753089413e-12
9.43600753089413e-12
9.43600753089413e-12
9.43600753089413e-12
9.43600753089413e-12
9.43600753089413e-12
9.43600753089413e-12
9.43600753089413e-12
9.43600753089413e-12
9.43600753089413e-12
9.43600753089413e-12
9.43600753089413e-12
9.43600753089413e-12
9.43600753089413e-12
9.43600753089413e-12
9.43600753089413e-12
9.43600753089413e-12
9.43600753089413e-12
9.43600753089413e-12
9.43600753089413e-12
9.43600753089413e-12
9.43600753089413e-12
9.43600753089413e-12
9.43600753089413e-12
9.43600753089413e-12
9.43600753089413e-12
9.43600753089413e-12
9.43600753089413e-12
9.43600753089413e-12
9.43600753089413e-12
9.43600753089413e-12
9.43600753089413e-12
9.43600753089413e-12
9.43600753089413e-12
9.43600753089413e-12
9.43600753089413e-12
9.43600753089413e-12
9.43600753089413e-12
9.43600753089413e-12
9.43600753089413e-12
9.43600753089413e-12
9.43600753089413e-12
9.43600753089413e-12
9.43600753089413e-12
9.43600753089413e-12
9.43600753089413e-12
9.43600753089413e-12
9.43600753089413e-12
9.43600753089413e-12
9.43600753089413e-12
9.43600753089413e-12
9.43600753089413e-12
9.43600753089413e-12
9.43600753089413e-12
9.43600753089413e-12
9.43600753089413e-12
9.43600753089413e-12
9.43600753089413e-12
9.43600753089413e-12
9.43600753089413e-12
9.43600753089413e-12
9.43600753089413e-12
9.43600753089413e-12
9.43600753089413e-12
9.43600753089413e-12
9.43600753089413e-12
9.43600753089413e-12
9.43600753089413e-12
9.43600753089413e-12
9.43600753089413e-12
9.43600753089413e-12
9.43600753089413e-12
9.43600753089413e-12
9.43600753089413e-12
9.43600753089413e-12
9.43600753089413e-12
9.43600753089413e-12
9.43600753089413e-12
9.43600753089413e-12
9.43600753089413e-12
9.43600753089413e-12
9.43600753089413e-12
9.43600753089413e-12
9.43600753089413e-12
9.43600753089413e-12
9.43600753089413e-12
9.43600753089413e-12
9.43600753089413e-12
9.43600753089413e-12
9.43600753089413e-12
9.43600753089413e-12
9.43600753089413e-12
9.43600753089413e-12
9.43600753089413e-12
9.43600753089413e-12
9.43600753089413e-12
9.43600753089413e-12
9.43600753089413e-12
9.43600753089413e-12
9.43600753089413e-12
9.43600753089413e-12
9.43600753089413e-12
9.43600753089413e-12
9.43600753089413e-12
9.43600753089413e-12
9.43600753089413e-12
9.43600753089413e-12
9.43600753089413e-12
9.43600753089413e-12
9.43600753089413e-12
9.43600753089413e-12
9.43600753089413e-12
9.43600753089413e-12
9.43600753089413e-12
9.43600753089413e-12
9.43600753089413e-12
9.43600753089413e-12
9.43600753089413e-12
9.43600753089413e-12
9.43600753089413e-12
9.43600753089413e-12
9.43600753089413e-12
9.43600753089413e-12
9.43600753089413e-12
9.43600753089413e-12
9.43600753089413e-12
9.43600753089413e-12
9.43600753089413e-12
9.43600753089413e-12
9.43600753089413e-12
9.43600753089413e-12
9.43600753089413e-12
9.43600753089413e-12
9.43600753089413e-12
9.43600753089413e-12
9.43600753089413e-12
9.43600753089413e-12
9.43600753089413e-12
9.43600753089413e-12
9.43600753089413e-12
9.43600753089413e-12
9.43600753089413e-12
9.43600753089413e-12
9.43600753089413e-12
9.43600753089413e-12
9.43600753089413e-12
9.43600753089413e-12
9.43600753089413e-12
9.43600753089413e-12
9.43600753089413e-12
9.43600753089413e-12
9.43600753089413e-12
9.43600753089413e-12
9.43600753089413e-12
9.43600753089413e-12
9.43600753089413e-12
9.43600753089413e-12
9.43600753089413e-12
9.43600753089413e-12
9.43600753089413e-12
9.43600753089413e-12
9.43600753089413e-12
9.43600753089413e-12
9.43600753089413e-12
9.43600753089413e-12
9.43600753089413e-12
9.43600753089413e-12
9.43600753089413e-12
9.43600753089413e-12
9.43600753089413e-12
9.43600753089413e-12
9.43600753089413e-12
9.43600753089413e-12
9.43600753089413e-12
9.43600753089413e-12
9.43600753089413e-12
9.43600753089413e-12
9.43600753089413e-12
9.43600753089413e-12
9.43600753089413e-12
9.43600753089413e-12
9.43600753089413e-12
9.43600753089413e-12
9.43600753089413e-12
9.43600753089413e-12
9.43600753089413e-12
9.43600753089413e-12
9.43600753089413e-12
9.43600753089413e-12
9.43600753089413e-12
9.43600753089413e-12
9.43600753089413e-12
9.43600753089413e-12
9.43600753089413e-12
9.43600753089413e-12
9.43600753089413e-12
9.43600753089413e-12
9.43600753089413e-12
9.43600753089413e-12
9.43600753089413e-12
9.43600753089413e-12
9.43600753089413e-12
9.43600753089413e-12
9.43600753089413e-12
9.43600753089413e-12
9.43600753089413e-12
9.43600753089413e-12
9.43600753089413e-12
9.43600753089413e-12
9.43600753089413e-12
9.43600753089413e-12
9.43600753089413e-12
9.43600753089413e-12
9.43600753089413e-12
9.43600753089413e-12
9.43600753089413e-12
9.43600753089413e-12
9.43600753089413e-12
9.43600753089413e-12
9.43600753089413e-12
9.43600753089413e-12
9.43600753089413e-12
9.43600753089413e-12
9.43600753089413e-12
9.43600753089413e-12
9.43600753089413e-12
9.43600753089413e-12
9.43600753089413e-12
9.43600753089413e-12
9.43600753089413e-12
9.43600753089413e-12
9.43600753089413e-12
9.43600753089413e-12
9.43600753089413e-12
9.43600753089413e-12
9.43600753089413e-12
9.43600753089413e-12
9.43600753089413e-12
9.43600753089413e-12
9.43600753089413e-12
9.43600753089413e-12
9.43600753089413e-12
9.43600753089413e-12
9.43600753089413e-12
9.43600753089413e-12
9.43600753089413e-12
9.43600753089413e-12
9.43600753089413e-12
9.43600753089413e-12
9.43600753089413e-12
9.43600753089413e-12
9.43600753089413e-12
9.43600753089413e-12
9.43600753089413e-12
9.43600753089413e-12
9.43600753089413e-12
9.43600753089413e-12
9.43600753089413e-12
9.43600753089413e-12
9.43600753089413e-12
9.43600753089413e-12
9.43600753089413e-12
9.43600753089413e-12
9.43600753089413e-12
9.43600753089413e-12
9.43600753089413e-12
9.43600753089413e-12
9.43600753089413e-12
9.43600753089413e-12
9.43600753089413e-12
9.43600753089413e-12
9.43600753089413e-12
9.43600753089413e-12
9.43600753089413e-12
9.43600753089413e-12
9.43600753089413e-12
9.43600753089413e-12
9.43600753089413e-12
9.43600753089413e-12
9.43600753089413e-12
9.43600753089413e-12
9.43600753089413e-12
9.43600753089413e-12
9.43600753089413e-12
9.43600753089413e-12
9.43600753089413e-12
9.43600753089413e-12
9.43600753089413e-12
9.43600753089413e-12
9.43600753089413e-12
9.43600753089413e-12
9.43600753089413e-12
9.43600753089413e-12
9.43600753089413e-12
9.43600753089413e-12
9.43600753089413e-12
9.43600753089413e-12
9.43600753089413e-12
9.43600753089413e-12
9.43600753089413e-12
9.43600753089413e-12
9.43600753089413e-12
9.43600753089413e-12
9.43600753089413e-12
9.43600753089413e-12
9.43600753089413e-12
9.43600753089413e-12
9.43600753089413e-12
9.43600753089413e-12
9.43600753089413e-12
9.43600753089413e-12
9.43600753089413e-12
9.43600753089413e-12
9.43600753089413e-12
9.43600753089413e-12
9.43600753089413e-12
9.43600753089413e-12
9.43600753089413e-12
9.43600753089413e-12
9.43600753089413e-12
9.43600753089413e-12
9.43600753089413e-12
9.43600753089413e-12
9.43600753089413e-12
9.43600753089413e-12
9.43600753089413e-12
9.43600753089413e-12
9.43600753089413e-12
9.43600753089413e-12
9.43600753089413e-12
9.43600753089413e-12
9.43600753089413e-12
9.43600753089413e-12
9.43600753089413e-12
9.43600753089413e-12
9.43600753089413e-12
9.43600753089413e-12
9.43600753089413e-12
9.43600753089413e-12
9.43600753089413e-12
9.43600753089413e-12
9.43600753089413e-12
9.43600753089413e-12
9.43600753089413e-12
9.43600753089413e-12
9.43600753089413e-12
9.43600753089413e-12
9.43600753089413e-12
9.43600753089413e-12
9.43600753089413e-12
9.43600753089413e-12
9.43600753089413e-12
9.43600753089413e-12
9.43600753089413e-12
9.43600753089413e-12
9.43600753089413e-12
9.43600753089413e-12
9.43600753089413e-12
9.43600753089413e-12
9.43600753089413e-12
9.43600753089413e-12
9.43600753089413e-12
9.43600753089413e-12
9.43600753089413e-12
9.43600753089413e-12
9.43600753089413e-12
9.43600753089413e-12
9.43600753089413e-12
9.43600753089413e-12
9.43600753089413e-12
9.43600753089413e-12
9.43600753089413e-12
9.43600753089413e-12
9.43600753089413e-12
9.43600753089413e-12
9.43600753089413e-12
9.43600753089413e-12
9.43600753089413e-12
9.43600753089413e-12
9.43600753089413e-12
9.43600753089413e-12
9.43600753089413e-12
9.43600753089413e-12
9.43600753089413e-12
9.43600753089413e-12
9.43600753089413e-12
9.43600753089413e-12
9.43600753089413e-12
9.43600753089413e-12
9.43600753089413e-12
9.43600753089413e-12
9.43600753089413e-12
9.43600753089413e-12
9.43600753089413e-12
9.43600753089413e-12
9.43600753089413e-12
9.43600753089413e-12
9.43600753089413e-12
9.43600753089413e-12
9.43600753089413e-12
9.43600753089413e-12
9.43600753089413e-12
9.43600753089413e-12
9.43600753089413e-12
9.43600753089413e-12
9.43600753089413e-12
9.43600753089413e-12
9.43600753089413e-12
9.43600753089413e-12
9.43600753089413e-12
9.43600753089413e-12
9.43600753089413e-12
9.43600753089413e-12
9.43600753089413e-12
9.43600753089413e-12
9.43600753089413e-12
9.43600753089413e-12
9.43600753089413e-12
9.43600753089413e-12
9.43600753089413e-12
9.43600753089413e-12
9.43600753089413e-12
9.43600753089413e-12
9.43600753089413e-12
9.43600753089413e-12
9.43600753089413e-12
9.43600753089413e-12
9.43600753089413e-12
9.43600753089413e-12
9.43600753089413e-12
9.43600753089413e-12
9.43600753089413e-12
9.43600753089413e-12
9.43600753089413e-12
9.43600753089413e-12
9.43600753089413e-12
9.43600753089413e-12
9.43600753089413e-12
9.43600753089413e-12
9.43600753089413e-12
9.43600753089413e-12
9.43600753089413e-12
9.43600753089413e-12
9.43600753089413e-12
9.43600753089413e-12
9.43600753089413e-12
9.43600753089413e-12
9.43600753089413e-12
