0.21742599254063805
-0.14829349219997662
-0.12575842457434272
-0.17571799591919074
0.16805570815871293
-0.13568427863654267
0.16281328480235585
-0.13259277438096514
-0.13934129827373037
0.23286626584738362
0.15277709069381779
-0.13267707802026593
-0.09509741912617573
-0.1451124091478095
-0.1853589409358703
0.20329212401017388
-0.18026803685076134
-0.12488036595688562
-0.16171135654902127
-0.13150042409863408
-0.15045744263543437
-0.1378520398792412
0.1421675227104782
-0.1770703094889467
0.15709531155230982
0.16421337002666134
0.1373916886052433
0.17873234306827657
-0.1289938132634944
0.21555018346853277
0.1424441493810504
-0.1776400603673586
0.15493162874864547
0.16591858838975615
-0.13838210089560074
-0.1906121069004351
0.12785898580882415
0.13140761673014317
0.1625223499621594
0.12972914878620564
-0.18508061044572946
-0.19115675035895152
0.12243886126756322
0.13185483130217682
-0.11759696741478835
-0.21181055275155386
0.1985892401016803
-0.2021796306674963
0.1560279206141055
-0.1498842177592288
-0.1573592276048858
-0.167865530993609
-0.17181364768274204
0.19453254502107548
-0.17293358512957602
0.114268838646372
-0.17423051883225166
0.14452406927168698
0.1434729907616185
0.22979086510191093
0.20249747967094958
-0.21059763978679688
-0.09469345748538452
0.14823413233064459
0.10333076161900002
-0.17508283947522973
0.09175149784508128
0.1110978686466902
-0.15879464117711378
0.19206505089058762
0.2146416121528451
-0.1623986790226349
-0.13772452385760345
-0.1919966433607574
0.13216444930941001
-0.14019494428392376
-0.18324147256631854
-0.13087762843887224
-0.16092024105961375
0.18105808810786367
-0.21369463136679454
-0.1585671312393251
0.2061998097605142
0.1377449901661252
0.20791313763696653
0.14524525151168893
-0.17183967748391163
0.18469543962541263
-0.2438562788113358
-0.1338766394469206
-0.16505755099918143
0.1839137310123758
-0.13167362933262267
0.17176496406524638
-0.1758447029655757
-0.16010601774637606
0.19852037144218315
0.22825046525650322
0.18189179954950388
0.11232874276968903
-0.11327254501836609
-0.17947023041242172
0.1445161323219699
0.14192855899710047
0.12842732326291534
-0.1762171813556765
0.14890353659491806
0.11607373607645846
0.18869589793674094
-0.21505036472947564
-0.11241954040374048
0.20580720762037572
-0.21854889458875015
0.1321337647414242
-0.08613963302039986
-0.09836585870496903
-0.13508510857249706
0.17972488227585412
0.19137658598352345
-0.13256952062354035
-0.15549746723572538
-0.14448219780250973
-0.10510305704997443
0.11548553307205288
-0.20304855878331796
-0.14331215163222844
0.16875255179022722
-0.10730037476415882
0.16765161824193525
-0.13292337282435157
0.13841092672831548
0.1022283628053325
0.16322520533007606
0.1316810351582605
-0.19298167059938418
0.1914010427195503
-0.13013606067271422
0.10929382062124106
0.15208676501064264
-0.1626258554184108
-0.16094414717289324
-0.19945876468345364
0.17965523402586256
-0.12363058513523503
0.174829971003788
0.14905816169241723
-0.21721942749209774
-0.1870951153238552
0.14992821707239556
-0.130639553156152
0.12128959186988755
-0.14913907102897753
0.15254608575418402
-0.16571037222685214
-0.20322355471593298
-0.13672487114810813
-0.16703670972015933
0.12497987949650938
0.1649508739558207
0.23955623439992468
0.12020317568696202
-0.17682391324528843
0.1217642981320939
-0.18470667877833438
0.209384838696111
0.1284003979402712
0.1944252381059438
-0.21854795715464942
-0.24321025805632368
-0.19065283528467958
-0.09962463211009624
-0.11856899467602719
-0.10896246858965293
0.09345009831072505
0.16090089328516322
0.11933719651700521
0.12561377012220748
0.16988809529443843
0.10044307289695745
-0.11966066584068172
-0.22782789286613112
-0.1996586211342138
-0.1245464584221291
-0.16825049962235042
0.16116501883752857
0.15805485772731
0.15179584808120974
0.25612688284231133
-0.12500712837528483
-0.1416891566467095
-0.1583400688777772
0.158252968327156
0.1283628800393325
-0.2887833292760432
0.1246563230936303
0.14742101108753386
0.20397391845379656
0.12074857416645152
0.23904554762533461
-0.14154563094649752
0.22532197569927742
0.16217491869339334
0.20996757835244853
-0.12039716913557476
-0.16726002640274157
-0.08520720602121544
-0.08926189135917384
0.1613963538621307
0.23541581086045868
-0.16850534376118526
0.10702855121761953
0.1716285327591896
0.115376228163282
0.13589240839033984
0.11029831469711879
0.15618971694892642
-0.1281009005848318
-0.11537575945137192
-0.11768459036058755
0.08949955186623308
0.12392608186558084
-0.1616728404425023
0.12763813345681824
-0.16740333808205182
-0.13849093946294855
0.10997882367661636
-0.1308710961167143
-0.24743043126108916
0.16527086009786734
-0.14042241566802569
-0.19035315143576442
0.18537521804879759
-0.1403334537483824
0.10325563368471999
-0.21521537403167718
-0.10828927230830314
-0.19308431871699855
0.13882921633495565
-0.18526801819910893
0.1555465202798315
0.17556954953258347
-0.26951194125115885
0.1891935533049998
-0.2291157319747689
0.12301160625195026
0.13408003869700152
0.12751793346784146
-0.17577924635514058
-0.22402836017949482
0.2337748962938654
-0.12886614224974294
0.10792052823267417
-0.1217015423060069
0.1236983489663447
0.13234471239769283
0.21703931359663914
0.17589870594950852
-0.18264191264409585
-0.11324528617347555
0.20084961818196406
0.18333959589796642
-0.11608170495278887
0.14843195119812677
0.1829932319168108
-0.14445873307595938
0.13117512281169122
-0.1079344049978328
-0.1572670054327301
0.19656081203703432
0.17574968685290374
-0.13667194464810697
0.10101922264970654
-0.12311366406100455
-0.17821912574715515
-0.13428338105323084
0.1764131519433913
0.18249628739574988
0.21630180509010202
0.1508231270684845
0.2121619478295438
0.11273722120148501
-0.19099049767344353
0.10791500288932689
0.14077897451660334
0.14486669355591897
0.13445650715252563
0.20264986934603324
0.25372009333863776
0.1320511988625458
0.18832284003362224
0.11667339808397387
-0.18671222282445954
0.1171815014451896
-0.18508937186077082
-0.19927801654777563
0.15580631902161143
-0.11330375625367425
-0.24384712051397248
-0.22962693938092882
0.12554610339736375
-0.157664323434004
0.16893053341887104
-0.16908529248083667
0.14350455036900409
0.1378588805578437
0.14659080234814972
-0.1252031149420329
-0.15862319581082998
0.16184170619769328
-0.0807110333192419
0.13795542073861025
0.10430345212625185
-0.12024197240756888
0.12820721815058814
0.12715929275777574
0.16495275837762868
-0.14213451360073612
0.20128322376523275
-0.1566131891620041
-0.1791277845667958
0.1273232473020857
-0.21229817269028908
0.24842100710477275
-0.21654173066445517
-0.20390868848922566
-0.15687284049793843
0.18335042548412364
-0.16111589142969426
0.1225316511010089
0.1580553110147173
0.1366280167477312
0.16451054046953273
-0.15093277580627262
-0.12924698080968677
-0.18085053597501582
0.13871272315694333
-0.22847875810633136
-0.09906817656079381
0.18838701975184108
0.16648158517228684
0.12662165542425705
-0.16028050933224197
-0.13403520166107905
-0.2417876065195493
0.16852111657292979
-0.16329762392956906
0.13213601587710475
0.14603807029080867
0.10496601319090271
-0.16000269053007166
0.1460418755197316
-0.13074298730873266
0.1808730140734672
-0.1517223224470611
-0.17846916874127502
-0.2489327096273124
-0.11278893526519128
-0.1288446921803933
0.18803220826374914
0.11392381521561196
-0.11093048427616758
0.09514918987966589
-0.21254778545585076
0.12459682676043442
0.11582072783865853
-0.15567040373632413
0.1456095351740568
0.09951504374676233
-0.15803838845961324
0.13892430314440207
0.08905930253454368
-0.10440809623015826
-0.17599047994429926
-0.09571377832729229
-0.1474623503571229
-0.2383225534149146
0.13650609312085504
-0.23276773441087026
0.14549869853482436
-0.24125686295242946
-0.23695669100052094
-0.1807719596130348
0.20400659794045217
-0.1830903033886524
-0.22066627617525575
-0.18351984762599502
0.19369815717199781
-0.16156914060901453
0.0899895885364707
-0.20140425517410643
0.1507796401061605
-0.15777077218496574
0.10423235896647363
-0.13036396993008612
-0.24169200338174776
0.20381799935448425
-0.10447176128914676
-0.14681716163034622
-0.1526129934748303
0.13296048397000057
0.1406809444306361
-0.20519187505167003
-0.15420338447516463
0.21712172104202485
0.10579160319786723
-0.10915214481209175
0.20113834915890824
-0.1660735356960667
0.20337037315555975
0.1453144795692657
0.2542720444005199
-0.2250153118159225
-0.09265113357690949
-0.1023401044999557
-0.0838016181366463
0.1591300773393496
0.28327192454321626
0.2254962070337593
-0.12455095159144913
0.10809915066368839
0.15211835232683438
0.16589326791232667
-0.1927955025108302
-0.11795174466416146
0.18522255143888394
-0.19223092976610798
0.16241912705806805
-0.15643793627027192
-0.20161629762509833
0.17538474078334526
0.20156315181822954
-0.158222901869424
0.2348551310686303
-0.11852836467264621
-0.1084306120873484
0.28868881930917195
-0.2417452232965787
0.1440103952057788
-0.20846104185960468
-0.20359945329191803
0.17687792773302674
0.15495107822673768
-0.1574648178193957
0.13153265319103463
0.14804496676865272
0.1785936302489747
0.16801874595819044
-0.2013665952735132
0.2121691327852747
-0.1172883357592443
-0.17175922711870906
-0.20216269740482828
0.15387120296130838
0.1435300624488693
-0.12153943737240755
0.28795111446570093
0.1265282057978632
0.1919222411077534
0.18562033335087144
0.13006475161786277
0.20460362311701705
-0.13059263731931306
0.28173985996354567
0.1491830991861755
-0.19949621918720856
0.19493470234737498
-0.15249963070283729
-0.24806778396643184
-0.1776845041990956
0.22280895554291025
-0.14132897329406718
-0.1225642324042309
-0.10542873058293364
0.12986467249685404
-0.12184593494241604
-0.09550770364230031
-0.12132763949571047
0.13117575145555696
-0.19326418252309618
-0.11930709531028796
0.19279517354700096
-0.13543012754105851
-0.14140346041027202
-0.14511198607551748
0.21901151914463152
0.13677237208951046
-0.14678049453068728
-0.18159971602448208
0.13092814844751177
-0.14789579928649782
0.16632560725562598
-0.17093612384657592
-0.20088741104375782
0.11053184340799622
0.24225388906344072
-0.10008982401448253
-0.20878229767592008
-0.15867396805441328
-0.0843402251709699
-0.1224450135430817
0.13093012669880233
0.12339053427176382
0.16995332913996303
0.1991366785900686
0.20036656374964174
0.1344272089276848
-0.1092385669545081
0.1472182680001912
0.11700525861759234
0.08901921862638355
-0.16029685770673044
0.19000903061016125
-0.15653856239215416
-0.2120185025999903
0.15429179069354215
0.12277136884690613
-0.1343037636747486
0.13863252650502347
0.13285869610812995
0.20857972009642076
0.11862482903552797
0.21304917809061982
0.18906180198923817
0.1281357035093781
-0.17252365652864546
-0.1890885615240204
-0.11884471778128851
0.19684212075935995
0.1747413985497838
-0.12379900992670279
0.1710780384108455
-0.23060940454097803
-0.18221560696826877
-0.1631158886930838
-0.21848051766186793
0.1778050047238524
-0.09439159783733209
-0.13823683413634866
0.1518503597908275
-0.16392700888409895
-0.12086782976257772
0.1336686722949057
-0.14002725468316538
-0.09842136205083606
-0.1897858664840871
-0.17971609739823174
0.25673716139456215
0.09691136713116481
0.2453771730790057
0.24851057463114298
-0.2514714980063005
-0.13988980142062457
-0.11964504123894897
-0.22963230246051156
-0.16267361575659764
-0.17964693445710306
0.19341544197589244
0.25165174850954725
-0.13448758638468444
-0.17489135458309443
0.15721593869931078
-0.16531565922455224
0.19368605423611612
-0.15152927934604482
-0.32455228257929186
-0.13777931864286969
-0.137987742836065
0.14765381729677068
0.1209923287694341
0.14344891363429832
0.11749097662169754
0.15227057672055336
0.13433897437894302
0.1241606736118026
-0.11846057407149203
-0.12892684684900194
-0.09883183188135791
0.09979553588579507
-0.10164457235946804
0.1629625607273417
0.23746058498119169
0.11994319119778749
0.1631865877754494
-0.22086969165016226
-0.19740403718095667
-0.19211022713863407
-0.20053829464878412
0.11766654957463805
0.2868639984263329
0.0943833110508254
-0.13454035255208813
-0.1372100554123621
-0.14352793763227573
0.19645801537460536
0.22033282477633456
-0.18269535882433444
-0.11687283981172386
-0.19426096986969368
0.10806212456527871
0.14168661581395722
0.1138973371800683
0.2063832858085546
0.15085737527911183
-0.2783301863247962
0.13498026386806464
0.19385087638172446
0.1805963847446723
0.16035750843063554
-0.13998817322959822
-0.13827336909608823
0.20149850382328893
0.13424893946897207
-0.1541266450280154
-0.14559415205510415
-0.1720418398248696
0.09750776347344561
0.1613698283100228
-0.23096043881712144
0.12387713846402529
-0.09319800755391164
0.17941337862868878
0.12965375561149817
-0.13230252804647277
0.1201742035502693
0.27116703533263886
0.21498453692392014
-0.14265364049604937
-0.1993660664156734
0.12205398868723272
-0.11244840244659592
0.20027462213934005
-0.12149717268819643
-0.124746294542732
0.14999585677190608
0.15338137910456062
0.23833157865621624
0.21450892353678755
0.2867572776131308
-0.13766474348418586
-0.17311908578484128
0.12580244871085502
0.10213704829119791
0.14235777398011099
0.15105241787108947
-0.12245563329630701
-0.1580061510648976
0.1315650243863831
0.16226773872326958
-0.12184648571388086
0.13904782181058833
-0.1351578107354175
-0.10442794555564111
-0.15734680904667397
0.10587799290021452
-0.12891857505172918
0.1709122403047171
-0.10864588893847645
-0.1273265606618326
0.12385488714733138
0.12006953809507558
0.15468758960638274
0.11854486913802088
0.11478895972410111
0.15489380539835831
0.12386427987713074
-0.14509109431745645
-0.13554077993923283
0.1486727114369945
0.15253571929552784
0.22874178639502424
-0.2012535036192131
-0.19415967925150665
0.15411321524044552
-0.221733187990979
-0.1087075150238222
0.19025482935500118
0.14779084720140725
0.17391630047113132
-0.1292917782875725
-0.18843758686306525
0.21235325389723259
0.1363489214387189
0.16611429238586262
-0.1948541601746155
0.15925441453493733
-0.2038704970205349
0.13273937892206475
-0.12777571064025092
-0.12475578344952896
0.13782659755734147
0.1236022376652849
0.09980727151333593
-0.16037918244806487
-0.1158525366747268
-0.23552920222557364
0.1648046336658121
-0.1717805088636117
-0.1860546632937261
-0.13339157200822843
-0.24443486094529263
-0.1472885206862689
0.17318137168544578
0.1384958953988394
0.13757275178552292
0.13828186877668283
0.1346025803693801
-0.19737155033015846
0.23936748609827146
-0.20974203100855524
0.15526674667316318
-0.1548578962539207
0.22310774798174532
0.12395268840946157
-0.262528998462965
-0.19006158122774963
-0.12044471664334432
0.20501175431974208
0.1493106244084227
-0.20597915929159322
0.14630186909308085
0.202198197714375
-0.21421356319657867
-0.15766227221722365
-0.15018568686637465
0.12968697051027478
-0.11712101452920973
-0.1316340850595754
0.13500365375609982
-0.15825425411710495
0.15913425604263062
-0.1365905730573262
0.13287826634689737
0.14475734280581345
-0.11143966941348092
-0.1501259659367708
-0.19935409748066357
0.11095768798957943
0.22300006433290095
-0.1605412497686481
0.16023828845021293
-0.16204252832899757
0.17633121761186962
-0.1727552631983844
-0.10995163229513033
-0.19120400283507058
-0.19819091064324013
0.10135075972964781
0.1809208397168467
0.10359660607261546
-0.15385648744806263
-0.09823543475354461
-0.16492813341573878
0.16276739454707012
0.15483396384642617
0.13529365293887352
0.11840114827526567
-0.16163539319204595
0.11857653544745111
-0.20874821951889244
-0.1771271167542467
-0.17182441678969365
-0.1387673450681361
0.08964964178672845
-0.19768453844015146
-0.16520186776824272
-0.16463254239676717
0.21520826540155966
0.18924849830268345
-0.1443098775590182
-0.1302129060452762
-0.13120696669855514
0.15603296230632321
0.14147214897206453
0.14782323398829222
-0.08975526326303357
-0.15947315731625253
0.1896796637127728
0.10728339327699303
-0.15629361234568953
0.1380466181102589
0.19625827030021792
0.14106784360209274
-0.171673856975959
-0.15379092095532196
-0.17917423296724244
-0.1586982906408357
0.178170109136775
0.19229327379265232
0.2039697478481731
-0.11372586116608906
-0.13241621056972852
-0.1797992519938508
0.1574675597993935
0.22323855703827558
-0.24998738708854037
0.11547093671105121
0.15586126515085533
-0.20018897611119563
0.11887383497986921
-0.12375588282311759
-0.10688484136394422
-0.1307706151995902
-0.11095471909517579
0.1366741081904524
0.18474908934564038
0.14540033021729082
-0.12718477663961184
0.14410188825041575
0.14556224874482554
-0.11564583800361895
0.1387158023346536
-0.11961070905565566
0.17105157004159297
-0.1436610814568637
0.18700998578430056
0.15640534645882564
0.16115086701180786
-0.25774185438356717
-0.16552630483759626
-0.17956128733082066
-0.13266470775752806
-0.18950809570925573
0.18846423360548442
-0.20094616579252997
-0.14106506190039822
0.12009650780982718
0.15044355478897828
0.218496110176387
0.1325533981807321
-0.1100112309066376
0.10110439542606023
-0.2207060225902292
0.11206225436645523
0.11968554874158657
-0.2209133941401589
0.14324931724303155
-0.11658064627517017
0.12049862691200139
-0.16713183084497527
0.1849305001042991
0.18871237242336328
-0.1292915492798284
0.12532320476938247
0.14954358097284645
-0.10954383255515925
0.08247445828914367
0.12767702044003026
-0.11496527953947862
0.20882695890390052
-0.1098915776429532
0.11987633600913014
-0.22394947223834036
-0.13897939713608287
0.19897740992628452
-0.16766159840158104
-0.12631298567549443
0.11294425365628467
-0.22924857443914534
0.13227966386238346
0.17270052838417863
-0.22943597894928996
0.11337386015799132
-0.12068938736669026
-0.09328458711552977
-0.12481502413611963
-0.16330284150025737
0.16571450622529002
-0.10661867764809747
0.11692243112280865
0.14169360999340821
-0.1804604642032728
0.2478799181575352
-0.12691430564814787
0.12324725806018047
0.18142825328766954
0.15027144212723514
-0.12998513489942637
-0.1577224573666207
-0.18852621295209127
0.18965341937560246
0.12310312190842863
0.09908732577853648
-0.17945785969599237
-0.18481950831722285
0.13260514564181117
0.14208726874582991
0.1589044041456777
-0.07005045620516351
0.12497705254579758
0.22145619950895046
0.21152301505496143
-0.16848325155859667
0.13763020788706423
-0.14660790600804338
0.15394332167869465
-0.13296416889664328
-0.16527087082107483
0.15033393566242553
-0.12416033109942604
0.23813162430345036
-0.09873588219339023
0.2194806461857265
0.1874648192295748
0.18066460453204786
-0.15050545448254826
0.137952614050181
0.14716519233695552
-0.17498557313906565
-0.13450973514923373
-0.13934544633899118
0.21919330773251716
-0.16682569662018806
0.11147976830434306
0.12465189131965605
0.1291299898742915
-0.14834634859459234
0.12976127978329882
0.15739295724230884
-0.15769155321175313
0.1273368191432965
-0.1368329741417635
-0.14971945465593664
-0.13792946492438055
-0.19048821528543383
-0.13128212794512206
0.1175635741802051
-0.1398339232466485
0.13714214787653872
0.15815912571735014
-0.19953200190308445
0.14687711837272627
-0.15471267962385532
-0.16981979026546598
-0.1461964006740426
0.19817185487830513
-0.1471317318813039
0.18672199896167718
0.22091000339539735
-0.21865385501073348
-0.13112785477121525
0.23291510434289006
0.1919494250861938
0.16534993191085434
-0.08590844853315674
0.14575100251984022
0.1887525277543988
0.14282651460675502
0.16142836918296488
0.159912908531652
0.1246461068401242
0.18161590653766027
-0.15893377993345417
-0.13614677323266597
-0.1932095206034105
0.20472654216619682
-0.1408363200985031
-0.1350548578991474
-0.21674026286201023
-0.17908072104214415
-0.20395515584738969
0.1513829705116223
0.21005011970584414
-0.14589942228941294
-0.1905385413532218
0.17841178547763165
-0.20665180726344728
0.16894388586163406
-0.18262182005324823
0.15337825333992258
0.1517609737278687
-0.1619978191331961
0.16639953617140774
-0.2476543768851577
0.21312724538094613
0.15159134600264765
0.11102218211395852
0.18049142932009277
0.16472653325162184
-0.11358301059416094
0.19101800048588982
-0.13609395935893762
0.11565251797926539
0.20689228420822245
0.10708653520730482
-0.19661846445748557
0.09959676507467327
0.12940707200508914
0.14690544038229902
0.27363255589569635
0.18181148077327902
-0.16356565451272453
0.16373821136129407
-0.17283181144936555
0.12743860126438
0.14767382077820554
-0.12925102108335168
0.12392904673627206
0.13129352042450618
-0.18509427109688267
0.22523967629384128
-0.18084494303427526
-0.12212409985871332
-0.10593642204364771
-0.15700099509484794
0.10540062876398032
-0.1570074415370885
-0.15232744496088407
-0.12284185955832046
-0.1595396596773649
0.13085790824149052
0.15908466087391485
0.10803996326441571
-0.19384899911831754
0.15070381090873441
-0.13505443715864915
0.21517151425856262
-0.14719397571671566
0.10702369886471813
0.17562827543948248
-0.13113935479881875
0.220327259099731
-0.19218554374953256
0.18107371145070925
0.19127130649751592
0.1177544479703197
-0.14702042920504954
0.0999866831029554
0.13052364590187493
0.16477888190543372
-0.21169216016481462
-0.26829814802555946
0.15567619494362156
-0.23143139355620337
0.17663883303376926
0.13125546700802715
0.1390436699743771
-0.17223447434044897
-0.11007236520544782
0.19551667848871657
-0.11267012206156053
-0.16176074646549984
-0.15957246378894174
0.15069880973850017
-0.2143726733321029
-0.15361710851182186
0.08841396643436757
0.18773460625343125
-0.10242427651070501
-0.1784726033439752
-0.11870094827415467
-0.12599647674151268
0.12377133739399102
-0.1643369631956073
-0.20936855394041542
-0.08583663378072176
0.16262741895323088
0.2149534754560505
-0.1678206775177267
0.15299308828352706
0.21130229384071608
0.19799703909326818
-0.1894459382444544
0.1692883448542408
-0.10063232609805906
0.14306669717999865
-0.20028591341686877
0.11285399804013717
-0.13594786799600034
-0.1738636337978808
0.13326246922473142
-0.1890681149118018
0.18131653466765493
-0.28869774703084206
-0.17325800610652525
0.14209780052287868
-0.12280985704431163
-0.15007583669993438
-0.23556462601300632
-0.1415483596765348
-0.16448250789025382
0.13769150613933068
0.13467236910441774
0.17645357468250167
-0.17855413597737063
-0.18228914474835087
-0.18128341395595562
-0.1202581957012444
-0.2378405923125234
-0.16658242730329392
0.18099571825800195
-0.20991219853409152
0.11292818458168596
0.12019048115189757
0.12728857657397116
0.1458208219511009
-0.19954493406954815
-0.20329017756571371
-0.10223828506053023
-0.15361569476730283
-0.11770542160785179
0.2157627617352548
0.1395565739056131
-0.24524392632037362
-0.11401473185725723
0.1366325317188536
0.14625342479552672
-0.1269187128990945
-0.11521817415882397
0.22721881568846938
0.16267442552817388
0.10388651272235296
0.1482546608130466
-0.1933957955278731
-0.13806452288447768
-0.1890712031526385
0.1552963869125301
0.10907882639576935
0.13655399347140085
0.21087442996556938
-0.21416101997265263
-0.1545031800043298
-0.1601053503542265
-0.14835683666816118
0.24766224410428037
-0.16121692771890825
0.16505078417560895
0.19896586520633291
0.24612140115148365
0.21888918186375003
0.12841786751232176
0.19092513151327142
-0.14728916113481977
-0.19494495422529012
0.14444534110018512
0.35716703646931763
-0.09832141201911479
-0.10625321239195068
-0.16207251075522675
-0.231460346447208
-0.08957362788876995
-0.11891888343627532
0.2053167231936004
-0.1446740801436764
0.2054300748965742
0.09353856741630862
0.17238695682596475
-0.1915672753478378
0.08063215306505248
-0.18970918142185014
0.1847524478661519
0.1998217387272999
0.13346925158011883
0.19904312324032525
-0.1874777181328505
-0.1602325662343489
-0.15585670756626688
-0.20847408651859067
-0.17677042952199454
-0.18339855192540006
-0.17150679385821557
0.15821560650731875
0.15989310887464123
0.13832250614199912
-0.1105059597495483
-0.17809986419235666
-0.19955746499314223
0.26951335161140133
0.14578325909926235
0.13631058980875424
0.1491470805710505
-0.13667071654064486
0.17945011397582994
-0.14825604357785596
0.10180184066152075
0.23133602116162183
-0.12504159905926693
-0.1422269137576226
-0.16809288942577544
-0.1360586106840305
0.11897686441595628
0.10254068561793397
0.20666805489602247
0.13865345674555968
-0.14482752810400187
-0.20390349796363685
0.09973648433648892
0.09108156812388422
0.15735990798665092
-0.13051287332482775
0.14194163276136934
0.19522934989785767
0.1839699781503551
0.13017701465871254
-0.14792438983240694
-0.1494997819890291
0.14444614277969978
-0.1333674942109076
0.12332459231389546
0.12618989258501723
-0.172093712667101
-0.25754815016423815
0.15650842833331532
0.12509046587305298
0.20597527108395258
-0.19534739190846245
0.17748393540357657
-0.15160793336686496
0.12102144685486876
-0.17152762306856983
0.1457148527392048
-0.1361096772176071
0.1155018291745833
-0.13077660258645046
-0.19987695492316074
-0.16061079035478762
-0.18482319998510177
0.19757239441572622
0.18578441392603123
0.12044039313694956
0.11778846918910549
-0.1709590700320699
0.11034403683960606
0.167729860501353
-0.17646112824461427
0.17693806996612665
-0.1336303472460614
-0.23458407984838586
-0.18722925811245397
-0.2376473412305653
-0.14040116938884087
-0.15963010670003897
-0.14699893637363293
0.1909966826677265
-0.1921120741611361
-0.19212067477260958
0.1282425404172545
-0.20995891511515363
0.14489765399806645
-0.16160747643689172
0.16027190208626227
-0.1374782685653901
-0.13245880044339753
-0.1045940523913062
-0.15848219268348374
-0.1270836273816035
0.2231315981917191
-0.10935798894488576
0.13089012859188456
-0.17522386219048605
0.16197753312666352
0.15067259057367943
0.12403133136528752
0.13948719818883537
-0.18661577221880257
-0.10804659845273042
0.20891941303431133
-0.15205438858063963
0.19510241648651092
0.18029492995566723
-0.13583806806008675
-0.17019859760145625
-0.14784960070438288
-0.15724294221146587
0.12090698967615145
0.11356561666556572
0.1733164924133898
0.21919827394617544
0.23039302438662504
-0.17914367649438942
0.13823387407797225
-0.18370543075577425
0.16201664675573457
0.10845709750480893
-0.10755907582960567
0.17347730362276195
0.1461633690164651
0.1501364012004936
0.11326873837447567
-0.18113594085755808
0.17771199749019775
-0.1366594920693566
0.09968937993151045
0.21417607861670945
0.17279946378878575
0.10851239015109189
0.17626173962843486
-0.17649392657975385
0.09917764005718657
0.12599191104137436
0.1788478944036164
-0.1806440684580058
0.13137266863168315
-0.1731378407071084
-0.10836005147821577
-0.16669269060695727
0.11645934286103471
-0.15848367037010988
-0.13808440651947285
0.14127044039276024
0.16512388984915438
-0.19841002235483485
0.201039204847662
-0.19439649625355437
0.12238165928448667
0.1869541030650431
-0.13912244533072893
-0.26249064714474746
0.204526418988509
0.1279512959478086
-0.12431858340356361
-0.12390474159230952
-0.13414352816038586
-0.13761518408730478
0.16767000693652584
0.16057619572332663
0.1847535943055846
-0.11726972627323098
0.14210571765520066
0.21553049657665013
-0.13357357223264346
-0.22413922811320217
-0.2523567976247732
0.12050680525398363
0.18577718665121246
-0.1286242745591688
-0.19775146141953154
0.14697050302190023
-0.10997640697987651
-0.2139938467703641
0.21445406566248246
-0.12976602743426027
-0.217597724198592
0.13252154042311498
-0.29496721960675043
0.12112219056018095
0.11438477304253726
0.20236321423206652
0.22812060295778067
0.10383185633837133
0.13148778996856908
0.22710449594240753
-0.14986064225587922
0.19243035925986218
0.1739287047162699
0.30590439334072944
-0.19142470748672763
0.1789765735929375
-0.15233636333132106
0.1290106607475522
-0.12968272375116346
-0.13598735947927842
0.15905405678200385
0.1079818819734395
-0.20037023600038914
-0.13983298753881648
0.22374550988840625
-0.12990252303061056
-0.22573097565258218
0.12365995814739651
-0.1588556491268415
0.15322936633552012
-0.25940836676775453
-0.16280964982097768
0.30423620146841
-0.2913841531968187
-0.1454523823707424
0.19119771958700657
0.13148223162125186
0.1985024702694899
-0.1354558808366378
-0.18002795128892699
-0.21994267121858016
-0.2309225170293991
0.17168120719032448
-0.18312799824159143
-0.10678546359183493
0.15198649124311753
-0.3230639989718534
-0.09352918980343222
0.2276631198360816
0.12236601524881185
0.14487539240862995
0.13075536493833134
0.15303722961007904
-0.17807874773536356
-0.13046166587283067
-0.14437330134140122
0.16419234154700246
-0.17649309511978742
-0.11313425641848321
-0.1375065919898682
0.20766810193624977
0.19008984507637985
-0.09677614862343073
0.12822440285819134
-0.14380958338048655
-0.16721228563896337
0.19924650200454194
0.16740139222793382
-0.21419843173060843
0.17297354494647346
-0.1777785956075986
0.205085789093808
-0.12026756588231576
-0.20768482101397356
0.222175645983447
-0.12880685304426318
0.16816061510360217
0.1352131732674318
-0.18791669901130828
0.14040383785921456
-0.11624624160230676
0.19042940237606068
0.17481961556428147
-0.1582697320859496
-0.14935889122617566
0.15650668385706992
-0.14263492047067292
-0.1562950279192849
-0.12557299919607157
-0.11678043627477186
-0.1638424729948786
-0.10796472671004992
0.2029576924895695
-0.17128971635491108
-0.12300703827862285
-0.18328502351314455
-0.1377500422136492
0.1460167116641271
-0.14527924581879403
-0.19060488157277422
0.16858704803147462
-0.10404020725465458
-0.25066686303480074
-0.15397238918458062
-0.11242161388977918
0.16806786057446585
0.10819850380070908
0.13417678444939193
0.11580424354900845
-0.15000022269332755
0.13604712967177873
0.13491727999286215
0.21531300662697747
-0.154428532986115
0.10714090346187909
0.13587125042572026
0.13469925708785233
-0.10271221139830047
0.12444145527907918
0.1196520613819207
0.1814166293055029
-0.12618928240449906
-0.1360576335387665
0.18981356645326533
-0.2007573480018556
-0.1602875267148286
-0.2878473295227164
-0.15012224554175785
0.1315305644876459
-0.16170961436414752
0.15660365183153246
0.15566811466829744
0.1937554206561561
0.11202926065153984
-0.10747999439137312
-0.13640257985169346
0.09643806659696036
-0.12796689743979064
0.20373694428140404
-0.11181672645226835
-0.10350962797760102
0.15877116974063807
-0.1299268575730623
0.17546694281196726
0.13014718611558618
-0.19838007506084157
0.11373968238267834
0.1561670344005074
0.11340912496092959
-0.15737795042621547
-0.08150299195111914
0.1950607361047147
-0.1518560826834677
0.11878130141233781
0.19906962609712497
0.19197727614227478
-0.21512317355908056
-0.15995488612736125
-0.1577868148170385
-0.13088539156260265
0.19021792898134635
0.16665987781118088
0.23979894856446432
0.2120069354899848
-0.269048524220042
-0.1717848374096879
0.10636637749892232
-0.20415573047739272
0.14795709306730526
0.13693046765251718
0.14769954450841905
-0.11696749451811486
-0.12963107864444948
-0.14113361510435046
0.23612024184164881
-0.16566121909299647
-0.11755395886274812
-0.12859885196484305
0.1480374559567355
-0.19144669605225997
-0.15511415737511375
0.13601627111515524
0.1333724504724712
-0.15750821145935984
0.1596751831780769
0.1696080426597938
-0.1374809641577035
0.15479496082772112
0.13325735847291495
0.20418090205566933
0.18563237495731458
-0.1227699040279112
0.18063222182850788
-0.17575108496011538
-0.13291166957806153
-0.14309323967341153
0.09618129736148257
0.15986145661526216
0.13190261418659613
-0.122447956994006
-0.17619901365057267
0.16487312055486852
-0.1384122899703368
0.10801520158458727
0.16826352175175818
0.08776666237488179
-0.1363299424246
-0.16635521601196426
0.14170415726344857
0.12454786603315286
0.15183550668199544
-0.11033346630612557
0.16223685389356426
-0.17382608909269812
-0.21229026441477397
0.1478906978902541
-0.15779673304474076
-0.13892874359765997
-0.17719112168778586
-0.13571686293092247
-0.12701256660440943
0.13944859640295007
-0.15379694531520077
-0.10614080019397255
-0.12308928402294542
0.12304422048207245
-0.12281577731886867
-0.18164083408839837
0.13376693987156424
0.17754566492410143
0.14817457390598332
-0.09924893007719846
-0.12732017743780996
-0.26385987432025493
-0.11293162519742289
-0.1469114715536625
0.19775510971738325
0.2372378847576571
-0.1787232342318567
-0.15026986201228518
-0.17904099521342673
0.2151054479838431
0.1823224239876009
-0.17161094942264982
-0.10244942089176191
-0.1314503836212561
-0.17697182748650372
0.09854908326139326
0.15058549327172974
-0.10071453776270015
-0.16430918831450475
-0.22567904173243802
-0.11760823965400583
-0.23850732068314173
0.2080695697552178
-0.14010126469830048
-0.1426632946612107
0.16155880119293595
0.26251878018171837
-0.14353958543109632
0.13295850459160796
-0.16334215407185382
-0.10543675730187037
0.18473649944977857
0.1719187325237932
-0.20631749178954017
0.18247619246767513
0.17355506661203735
0.18031154813385525
-0.14339290769162744
-0.14621431286895878
-0.1916393481690645
0.14169362333979998
0.12392447532267144
0.15985245522414082
0.1259871799776102
0.16400773661535595
-0.13124989659967698
-0.16462586082299577
-0.17262966185154255
-0.23647428173903545
0.14839755833653015
-0.13638296728362623
-0.20577651476893125
-0.21599276926875555
-0.18899105679601097
0.12424676481789196
-0.11612483646731593
0.10655621288421029
0.20732528799887465
0.1679672069853581
-0.1491020445000053
-0.1238810878378845
0.16891897396175323
-0.13389620249241196
-0.1440921481235325
-0.14281629338855256
0.23047008597829977
0.14769077990195817
-0.1668295923549825
0.13283060653431333
0.21969099030904526
-0.14636231058489266
0.1503216853446374
0.19655859634410763
-0.1688654460314206
-0.1652162165463589
-0.17709811365910338
-0.2506092414018047
0.2214639485209389
0.1048167921027953
0.16610373804575598
0.2029828247100662
0.1048486710245454
0.176259152392837
-0.09973428731482654
-0.24264613339165939
-0.14921015095145618
0.14818468488910913
-0.23081163718198947
0.15512427072463436
0.1479081533816891
0.1689014729827724
0.1675322940683853
0.12626815387563664
-0.11493348862479105
0.17223462653330723
-0.11441936300952975
0.12013776669198045
0.11907372073320298
0.18407357832034557
0.20413361651456682
-0.1788356210009182
0.19475978685066736
0.14453938917777046
-0.11301868039037816
0.22417117241985512
0.19040526884885828
-0.1054807984972468
0.1284851253263851
-0.10711010101296392
0.21105258449312705
0.20003429789714447
0.18023630759756623
-0.15554187434074018
-0.12105208352488073
0.1642217192579591
0.11421593065338598
-0.2589194747410998
-0.13063657713268118
-0.16685796431095581
0.2067645772986977
-0.16352030236611673
0.12076914652828495
-0.1656494973344175
0.24455592745153948
0.16710980017257998
-0.1439123163398411
0.1374801711829655
0.13341617191836974
0.12589228349058304
-0.1972474630440108
-0.11753935007898578
0.14401738597770303
-0.17240126934528288
-0.11893719036140955
-0.12260205511928668
0.16431768534597843
0.08830951630572272
0.2002029855980364
-0.19190627097198357
-0.13395932653518297
-0.24165608805049574
0.22749646651132144
0.14951694217280367
-0.11451433578433907
-0.13746934817575301
-0.12675663376801377
-0.2043515297462867
0.19191358512182952
0.13528481792408628
0.1191806018414688
0.13451170429418297
0.19037385592800574
0.13577185254197519
0.13311252072965496
-0.17950723075632788
-0.17486662680601353
0.16233180094458993
-0.11401570005806695
0.1470194692568889
0.0882809137045066
0.12372728977336074
0.1500854143556023
0.08195780028070002
0.19819148856767232
-0.1388424506525101
0.23044064209901405
-0.1891567819576107
0.2179035534278908
0.15969811061585468
0.15017752564329825
-0.17177548625997488
-0.1465625832712358
0.12241511103965547
0.1814153517080381
0.16604378998902083
-0.10431258792684323
0.09805244099224099
-0.22105541195274933
-0.12982578811558787
0.11190290498881271
-0.22973019216923954
0.21463263593725315
-0.22377932016109273
-0.1297733294177871
-0.2061437649337767
0.1815137023900266
0.27046682657043
0.13117430555050244
-0.15763143100587526
0.11479585745216504
-0.15019046049362123
-0.14380287382849033
-0.2274474972172014
-0.19568910276094736
0.14919513481634808
-0.14565091575112438
-0.11401492057372663
-0.1756673098658089
-0.2015641641633961
-0.19920599860130253
0.09732271686005947
-0.15362431568957122
-0.1657032050980663
-0.22237149638126313
0.1403491337490342
0.16526410399881772
0.1735210192033724
-0.16725535873322547
0.15417714522370518
0.17833894730808433
0.1756208915376494
-0.21886168419458074
0.14121366757212245
0.18878078958074368
0.17843847120091721
-0.11448338826344003
0.20522846063220693
0.12587086805541262
0.1857842401297154
-0.11801417447995387
0.15926432334345272
0.10097954149581109
-0.20144256665354987
-0.13180078049193106
0.15271390058349665
-0.20408957752317086
0.11428986429362806
-0.14551895933499318
-0.1446822872687299
0.2093453233610308
-0.17062664564271998
-0.1901662658316219
-0.21310285018176678
-0.15011713084249695
0.2121494532842766
-0.158884537148283
-0.2511232546349283
0.09752575408792716
0.18891620047616473
-0.11652689037032908
-0.09934902517526616
0.18429809530365496
-0.19950917302756976
0.16226533595591194
-0.21858314490032704
-0.13163738204684614
0.1550457727378061
0.22428557872525973
-0.2172667114901197
-0.17107487673215033
-0.16686959502804774
0.2066554698512278
0.13367571552118124
-0.1667831280187013
0.14802423507967005
0.2389901681401882
0.16512014978351874
-0.1828763342508065
-0.11307151574669673
-0.17098619458628017
0.1781185748432882
0.16166104247794638
0.15229419604011551
0.14168446963422932
0.13133953643956192
0.1630952765918913
0.10435039005906394
0.1534319263655457
0.1756438291590338
-0.17405673461370574
-0.1847353634121912
-0.12255452981663079
-0.16768505733280012
0.18910917845285108
0.10280832132040602
-0.1798699497439523
-0.19718574611767528
-0.17592154759915948
-0.13839739559250486
-0.12522006778579162
-0.1967154085692231
-0.15168990581780709
0.12871539072650337
0.0891752012627006
0.28733321940083045
0.1305508274056335
0.2584548270161429
-0.11768863383420913
-0.12176539806556708
-0.1392648008320218
-0.15276479666736784
-0.1263998597709103
0.18837372783126466
0.17348564681580386
-0.14549121493163922
-0.161157326765469
-0.16494511575220003
0.1653283530247075
-0.10720255104775593
0.1773875773243333
0.14920749580412154
0.19632656972421753
-0.13577316869325984
-0.1383315775928737
-0.22441947112796198
0.08281319838668623
-0.130510328372667
0.12089367418988155
0.19393647647552115
0.12574659913989825
-0.14595182860928013
-0.16506009741960334
0.20720295520781132
0.1523981082115976
0.12003326192814023
0.20480617645127885
0.180100176268512
-0.1397994775733214
0.24290684331129553
0.15696750066709203
0.15146390436802068
-0.08911330675179198
0.19324111017316867
0.188959867380128
0.11219805195376506
0.17727535458225566
0.10749530658446543
-0.16590398811600743
-0.20125504030116395
-0.15291222534806723
-0.14770430004926063
0.147415829814376
0.1205428082425037
-0.15039204928027403
0.1547757567681966
-0.1795493271388917
-0.13753731853847623
0.10876337433982768
0.2657887582454964
-0.10788816418689538
0.14787410396678488
0.19257963541361323
0.20575146983817955
-0.12095662252856078
0.12056579622326109
-0.18199087573924733
-0.2425294054182243
-0.11249943141188007
0.19027947961304048
0.11334119402812665
0.19031552236306495
0.2093398527499382
-0.16938642948094304
0.17518644978211992
-0.19066657512410337
-0.18348594726110826
-0.15274067054831492
-0.10719953739958928
0.20291528381325463
-0.1626310823480368
0.08228888525637018
-0.1402280999448724
0.07430740989202197
-0.3335346030731243
-0.2654217747423463
-0.13605691669908995
0.10207636329177724
-0.10991038801740835
0.2302871556381628
-0.1402553575326911
-0.16365570420886139
0.17217674206722447
0.16233672687124268
-0.1736737419705936
0.1688931068056878
-0.1094195718891359
0.19794541948689953
-0.09457893064465488
-0.1441196125678836
-0.19076589766138322
0.1148719843625092
-0.2597636658446055
0.14873730154290918
-0.15216373675714884
0.16897860600192957
-0.13708936059806986
-0.2900423630747476
-0.13748346256131
0.14008266447070425
0.1816800991089967
-0.19523624992245928
0.1872662282533231
-0.1308959672307477
0.11284057866173518
0.16441109284873262
0.14007029720976955
0.165345355989002
-0.14848052075832943
0.13714686850880825
0.16099628728216966
-0.15143241393388385
-0.14906277578584365
0.1692227963508433
-0.13975718911362248
-0.19312026932527113
-0.13487786362906734
0.23816503583118237
0.13517571823512914
0.12803746006416014
-0.14242924230429768
-0.16774324419006048
-0.2082292842787881
0.11629914509252569
0.16549350613330396
0.1487094530982609
-0.15328218056813417
0.1952880460836563
0.1718705055636286
0.1377089483317347
-0.17987504717327116
0.1704322473872868
-0.11229264779103312
-0.18020090218771884
-0.2179623607686794
-0.15301660352419158
-0.10351021387946123
0.12941945189231147
0.12832805871227318
0.15288524976307202
-0.10982076212912764
0.12207736523206847
-0.2547333217089484
0.11414858336588156
-0.09098937481701058
0.14002533044592003
0.14607426894883535
-0.1870788435895562
-0.17252457625042975
0.18561700605300097
-0.20711573835682864
-0.2753359969075231
-0.17675525365471928
-0.12394490733485856
-0.1907633468334907
0.20611510802511598
0.17766151613949144
0.12522891535895175
0.22146699082038393
0.14582294180246705
-0.11674045625947595
0.14376880714589665
-0.09888412201992734
-0.17561138371328883
-0.15612886296197606
0.11378468254355391
0.1758789526302597
0.16410382425498862
-0.2019911335069305
-0.16373685527900592
-0.20699070172389986
0.15570880810199128
-0.17038506018272626
-0.15090301850760615
0.1257589168125814
0.18058129737961195
0.17963762267529684
-0.20515018968127524
0.11795979489215896
-0.16864842170486286
0.1763487536821281
-0.15135718973827147
0.27763185370799237
0.19364277254228374
-0.16463018615542455
0.13759263726113546
-0.2892347341707117
-0.11023894008396316
-0.21446905138031805
-0.12957269129308646
-0.13570752390989096
-0.1499013856498737
0.14880121643307945
0.18334772857618442
-0.19965652678946458
0.1716562255477771
0.11596401530514706
0.14212909716040478
-0.11506367770760992
-0.07937756554268703
0.16789857131190788
-0.13647772404200048
-0.15241103833959546
0.1743798955857146
-0.12844293762614364
-0.11448688634051131
-0.1491456557706133
0.13917040161918326
0.14319327247830121
-0.16093879013722748
-0.22074850102234744
-0.2382571404442543
0.13676506778107375
0.14211342833546098
0.18749494911018422
0.15508386543857466
-0.17442684589086282
-0.15033839590539588
-0.11131315178310697
-0.17760002997744398
-0.10624718158806928
0.1441583851026557
-0.16607158047868145
-0.18026855316758275
0.11983693840878909
-0.14717512480694514
-0.13099858912904605
-0.1605662178635888
-0.18207604985261722
0.19529451644566234
-0.0980890642702097
-0.20178794858908528
-0.14840672189326368
0.17182154127392057
-0.1424636577039073
0.1431169827587378
0.10683110793031403
-0.17146087077149832
-0.09833318540282068
-0.09840320971750742
-0.17768964380532948
0.115766730971644
-0.20332530753794117
0.16429301895828752
0.15500359499149546
-0.17472725257615926
0.18373927205683752
0.19191733898717864
-0.23279196777665745
-0.15409938603790388
0.2502017992730477
0.20820775930536692
0.16747779807604865
0.12356611458097853
-0.1021708567500394
0.16374292189947698
0.17332683063850418
-0.16650076133774067
0.2275161925905407
-0.17005638756981128
0.18531870707178297
0.11824173755989195
-0.1866657430523372
-0.13196277043051394
-0.15393331606057747
0.20547630588701246
-0.11618035786150077
-0.11705161961764259
-0.14310588858026344
0.12553467569182383
-0.168386043717401
0.1390056147143787
-0.16624250988682052
-0.2035746246200294
0.15662323161568845
-0.1973117962942245
-0.20080560210745182
0.1321667909921918
0.12290472145853158
-0.12483313215582711
0.11836775101461204
-0.12040556196828685
0.1474165563167807
0.13833146654531464
0.18878672967987825
0.20803358950280468
0.12736918395062216
0.137307165925822
-0.17323867718243002
0.12564083116310207
0.1700816167795545
-0.17230392674549871
0.17801053165046204
-0.17604389868082632
0.21922532270890246
-0.1880326565871485
-0.20234703775443172
0.13015787017554825
0.20594041619570674
-0.12915688927715943
0.15771138193820552
0.13455173887580066
0.12394771321340832
0.1954548501356089
0.18115639495721034
0.2187584455550156
0.18968579671068123
0.16511751665299798
0.1214272161187773
0.1804539661189601
0.1281574043378368
0.1685693801665727
-0.11743752108267473
0.11238276215390926
0.21842353146452187
-0.12918310818835807
-0.22467257937600782
-0.15469509602240203
-0.1668023184386949
-0.14659376044949435
-0.14784168530826403
0.1387455311305446
-0.10610596405848026
-0.176965144679483
-0.17246971965433117
-0.13728152975968141
-0.1342693510450611
0.1917963329377346
0.2049637287228577
0.09190118282288506
0.14894283813152717
0.14796349011837012
0.2215490403187009
-0.12582602937124981
-0.14093634355424375
0.1295793656125275
0.11868974454527316
0.1521040076329078
-0.1250950329796862
-0.1256745700827207
0.12089461723124995
0.08999419185787413
0.14554738029224698
-0.13729530074446275
0.20563576779557663
-0.10064325192198847
-0.14851101573928605
-0.17697599523621188
0.15740476349866941
0.17747902491265233
-0.18529906220281406
0.21853251404327395
-0.1871210832753613
-0.1397379503289217
0.12254844756134341
0.18060924358041786
-0.2782838312460936
0.17301992273937852
-0.1346188257556392
0.15511195379936119
0.1059878219031863
-0.10820104061304758
-0.12972822373663487
-0.0954985110414776
-0.11313999729323464
-0.1349800945552206
-0.11758051631709233
0.15430772706823634
0.18192541047449215
0.13945170492012107
0.1476403975990508
0.14626598447680816
0.12945368510289965
0.21312821454955053
0.2553970522843706
-0.1982611506981682
0.14981654744746112
-0.19958925014231796
0.22456774938748347
-0.10650518086276442
0.1948525960437764
0.17258058890720318
0.11017574105023992
0.14654768793907066
0.10746416121264703
-0.15071869128821924
-0.22745022095084855
0.18386622898119406
0.1381159107684224
0.16423295050624837
0.13025112733271904
-0.12097309740109917
-0.13325346749428077
-0.13709684651711226
-0.13135123018888847
0.20589501484056305
-0.08336666361525154
0.12490318075934588
0.12271049073412542
0.23321457368033321
0.13802774687129407
-0.1557635939959749
0.12787855153003094
-0.14854969486952174
0.21510956661167224
-0.22305536269485599
-0.21547125958653382
-0.1494537482643899
0.1763011553366108
0.19732720693796546
-0.13940284542013956
-0.10236284261952198
-0.13428121284971642
0.1266394248265364
-0.1282711676862895
0.19394229841366933
0.1286112804087386
0.12995650220335428
0.12363524694581494
0.13382951146676353
-0.13314892013243845
-0.2021566790122936
0.24417569473744788
-0.23848464536189046
0.15316214535857675
0.11019200492318316
-0.2003812684363452
-0.31990866652135735
0.15467969299675333
0.20652611106043967
0.2551135716260308
0.2616158732409665
-0.2757570299328969
-0.10570061495301336
0.10085038181334272
0.13967583681702297
0.1392551741129965
0.18324249728811567
-0.15506464245958196
0.12979773636299216
0.0981195250578832
0.16857985796646086
-0.1350931400359769
0.1590819357728142
0.13819390478193677
-0.08053175552931652
-0.1832055726198958
0.14507886229722222
-0.1284860600653172
-0.10949759131749842
0.128492575682939
-0.18695027042242257
-0.1156299342371683
0.1096142911785137
0.19434095565813211
0.1655555171486758
-0.13762068240772332
0.1323335095625488
-0.13034127486469035
-0.13720508967324108
-0.21250765461159915
-0.22985683022254866
0.17004584702135656
-0.26925753098448385
-0.2743385935606997
-0.11657095520966873
0.1731124318903314
-0.18839139973638885
-0.20635687142026077
0.13638860886701273
-0.09557030843761948
-0.09903811666977576
0.15636166194987522
0.1289346639642441
0.12263402635622109
-0.1476242113178348
0.18980343875615982
-0.20496961023198462
-0.13760937081148544
0.16101079154119385
0.2216611230151041
-0.15436845557768247
-0.16484838217613554
0.1720886143424574
0.16029618311438532
-0.10629891985403318
-0.1185703806377253
0.1747467704454864
0.19520134708044812
0.11291058400262452
-0.0976689425508718
-0.19297502969260286
-0.14422537498017426
-0.1673847795197569
-0.14351712239466372
0.12181390152847839
0.16902154546280934
0.2056446889467037
-0.22830855029249172
0.12069559385330543
0.11759271058687716
-0.12384609601588857
-0.22629678896749542
-0.10948290016517463
0.11594048201025842
0.12119603169179828
0.21604232069879006
-0.21697763505876255
0.1019222299612822
0.09130783273506925
-0.15836852657076514
0.19836908963786126
-0.14339472852923726
-0.14624826009821237
-0.1301643853842348
0.12582623760809217
0.1566937862410068
0.12201728395135568
-0.11589799194611275
0.17111435427495078
-0.141040013520602
-0.08953214847432103
-0.1103723437256502
-0.20272121045994
-0.11098767846838385
0.14955225957252696
0.2241835585135674
0.1183758752133827
-0.16294724901839597
0.22182629705812787
-0.12513342446260686
-0.17887442935403441
0.21603196331297772
-0.2078408465149656
-0.12910174407075398
-0.16625191985557644
-0.23330307853552973
0.15093805160597837
0.24427772679188522
-0.14748061936675336
-0.2197289230195981
0.1433544365626946
0.16160171197044151
0.14090909159366802
0.19294636935286935
-0.12891697388993187
-0.12823332252010758
-0.19820546058402877
0.2023336179518166
0.11928410693448
0.14849363987980704
-0.16675565057360153
-0.11326077760217476
0.14381526970252959
-0.11641924812244549
-0.20688089902023934
0.18770182552620077
0.16838368711076557
-0.17668344245422515
-0.19099820764947198
-0.10792864777580559
0.07232007732235748
0.1888817396826275
-0.11656499130836279
-0.22532501170327882
-0.13250658297378487
-0.15036691468109376
-0.18474678969233646
-0.14925226412775117
-0.10102583869987408
0.18284400337123283
-0.11358040495910193
-0.21740046768447377
-0.1038720499353913
0.2075427714553777
-0.20024340945030897
0.17353627047671186
-0.1857008810693527
-0.13083218758779927
0.1960160824269747
-0.23831731884907786
-0.1700722771725151
0.17412657488220065
-0.15216944243991382
0.18955719389890868
-0.12886377296267404
0.10444153963265046
0.15716223820246467
-0.13972262080522718
0.2425919712172328
0.14628452126231525
-0.17937326722954375
-0.10412380720674977
-0.1610354940252394
-0.11245960418164931
-0.13359038530844966
-0.21358619396102557
-0.13362822756857767
0.15069162416878887
0.14388343234980217
-0.14895155389754708
0.17869655564434483
0.19912224778102253
-0.1597203664116269
0.19800874223454892
0.1171187897111578
0.20563328872846393
0.13498229349618487
0.13701753439249
-0.21580884205869555
-0.10589929411359757
0.13497382175127814
-0.11136257197688643
0.1772110355110031
-0.1910510205952322
0.1807592295553477
-0.19815249582442274
0.19259767379230291
0.12251306796069361
0.1276171491857802
0.16054777059818115
-0.20262913948445377
-0.1851145896059921
0.14898063542088458
0.23886943000602096
0.15047727553500645
0.11407657746001308
0.16268987595456505
0.22295044883885579
-0.18797237032400174
-0.2739841835635163
-0.14178073404810312
0.19329270211528116
-0.16514934211749127
-0.16022198974724605
-0.1905625684378574
0.20440427193979116
0.20326359538718705
-0.1343922888915672
-0.17674737340217972
-0.13530957966180954
0.18359769612910404
0.1685232123760185
0.10768315241340042
-0.13078201573911657
0.14413979846548666
0.10838881086917215
0.10663439431253421
-0.13193901034871114
0.25766602091412494
0.22668998123563827
-0.1352052838353375
-0.12016221771561524
0.1841790439837258
-0.11628875718383487
0.16134642460489673
0.1835498981822342
-0.08716821743598198
0.13431055294564737
0.13007495186500806
0.22862220158529198
0.10761337305073626
0.14097689570006952
-0.18315517549072402
0.1628157646078272
0.19540465240764343
0.18589310870537204
-0.16900141454180936
0.18206369356313062
-0.09912213385619235
0.1836767039098046
0.18333745713788363
-0.1572778013810473
0.17423132185006784
0.16553971076664414
-0.12819780669513678
-0.19344853881762186
0.1810608103319899
0.13605062218823566
0.21688559871986793
-0.19650930924193055
-0.15377112924338768
-0.20583359646065286
0.14780285034186966
0.08897510057296916
-0.13761059927172767
-0.20985863815471945
-0.1228813113768878
0.1748433791808477
0.23059260427965725
-0.11484698836773391
-0.12602397785683242
-0.13423836108113668
0.1275905395635813
-0.17667698939582777
-0.12533674152171106
-0.1873363893981981
0.24406459442486023
0.11488138679536401
-0.13481765935867712
0.12309623266521129
0.16922293103997152
0.22257637707262892
0.18608960255726675
-0.13766201359637767
0.12927763078998447
-0.17648368448498655
-0.18230792439606341
-0.11492736209371052
-0.218180241323023
-0.19914766405762555
-0.17008793692897461
-0.17160411241991433
0.19359685305307117
0.1584250026630206
-0.12020329440409294
0.12210145602773807
-0.1459613279535428
-0.16197114001044596
-0.15678351164427684
-0.15830941787428898
0.15233833134309455
-0.26994961021504893
0.18581587045057738
0.1304733003131585
-0.12209751375234276
-0.1468048740663366
0.09863912872015587
0.17009483543738882
-0.13351742611419093
-0.12162185774945249
-0.2143578815568336
-0.2221021201948343
-0.14692055809947904
-0.1772377902706784
0.20041457986718023
0.3185678485814984
-0.13654809587322306
0.26886484586392256
0.0947664711486753
0.11370931879351225
-0.12779908008593102
-0.09944684290274966
-0.16739825041176326
0.2502916281583567
0.12254623948723097
0.1488027139319077
0.10792876742657063
0.10938571164281694
0.14698206226083105
-0.11413193756253132
-0.10100514536164237
-0.11767025282909643
-0.21193521336461557
0.1657169257549082
0.09854196054092819
-0.09692165334743312
-0.17963805159609908
0.129149314386053
-0.1346042954506562
0.18409964860728686
0.11874113024862762
-0.15132441569104557
-0.161400839965913
-0.09960285073392937
0.10606101647641436
-0.21122963088085278
-0.17107281697522897
0.15723110063997445
0.14539895625108346
0.1559276078504252
0.14538201592489505
-0.1673046605600317
0.15080264668632432
-0.13507843093930122
0.18785413997450806
0.15742017612212922
-0.14042553026820886
0.10935014498702081
-0.15658792252570958
-0.08903078283804779
0.2420168539556923
-0.14421645409945885
0.16524015842589845
0.14849477924108867
-0.2388423748234572
-0.1505448281231399
-0.13389482974860828
0.1459253871601437
-0.16472707117087956
0.10620518235721021
-0.21574816880864806
0.16897500452938324
0.20903615491664776
0.19985148707214445
-0.12155419473672656
-0.1624178237806089
-0.19661206584291724
0.21404452613543734
-0.2650635461493742
0.22582770299739208
-0.1406519201787955
0.20357572934511284
0.17195276017438432
-0.13630830256494325
-0.11949489008192585
0.14542996264272484
0.17486191492501973
0.15250105631894584
0.2513274440127259
-0.19553687295198205
-0.20119444245569862
0.12525224810440838
-0.1004904683131611
-0.1316810283137393
-0.09992065442304797
-0.1436135757898443
0.17259266598025685
0.1249344889753832
-0.1966073027111172
0.20084091737132115
-0.30382893760942614
0.11146870471003748
0.14786151104821277
0.12581158563650346
-0.1504868847101169
0.14788635512052423
-0.11293583863943957
-0.11035273966897247
-0.10402363912089393
-0.11476300458570247
-0.12290076783092749
0.20585456814925082
-0.154780066770981
0.14802823192402217
0.17825354290406795
0.20325301811055074
0.22019457007401375
0.18563577732361267
0.1398204425203977
-0.18168528955429072
-0.14806145848140012
0.16610769996114894
-0.1069912386450997
0.16559998918324545
-0.12832862134066414
0.14898359230787847
0.10094646228078057
0.18532947679277512
0.21720479622733999
-0.19836956773080727
-0.15653653284437544
0.15651742252610376
-0.16333207854096396
0.16261814033120633
0.11503800700406903
-0.20285921713720248
0.18438743250097536
-0.16016457393178832
0.08276869961558557
-0.24473630012739472
0.11241130329120463
0.1283595152814815
0.1745030369509371
-0.12820281603585965
0.2029929066850295
0.16461983114544482
0.18133425552895266
0.12532629663692854
0.11904548966467624
-0.1563470465429467
0.1043809868883128
-0.16842330870896383
0.11251242776691305
0.22801907987501602
-0.17449499092161908
-0.2185439879782319
0.10288974705020194
-0.11907506318807907
-0.21140872820256187
0.13213854570834754
0.22080970675119074
0.13498254154689987
0.22719834159376842
0.1123031348742678
0.1357208025718493
-0.25027741789577035
0.1759956660992715
0.1133849647820815
-0.10437249123312833
0.23529516469949593
0.151972667515513
0.26144615052989006
-0.1234017748329408
-0.22197109136294357
-0.1622903833792382
0.09603514537330035
0.18321530372700762
-0.13969538263109896
-0.0781169709963775
-0.14687254550641313
-0.17918989144474068
-0.11310997671057821
-0.11059106158951311
0.22576296912603533
0.10157819636983989
-0.13138184710544532
-0.24843253369180773
0.2272679266097036
0.1676696940374319
-0.13581397053051017
0.11814799953933318
0.1476056466831801
0.1242555340916888
0.1929661628480167
0.2370276035853686
-0.20029905136274342
-0.229122878905616
-0.10395022121703504
-0.16281459009389174
0.15545941999442278
-0.2680212351090503
0.1409993143373309
-0.223335254799398
0.14473060723882814
-0.19477408112321073
0.18752262169020523
-0.1715790710593427
-0.14749114906429253
-0.20796764965653383
0.09882910325482533
-0.132767960393712
0.12830369334488503
-0.19416028429164917
0.1482631766902688
-0.1718370488903244
-0.2061226396300845
-0.18326156715234296
-0.2244591004131177
-0.19776547289952282
0.14951661450946893
-0.14229169652021664
-0.17512240167598275
0.17535520203399446
0.1742968136652487
-0.10569543863163339
-0.13690777225858033
-0.11732198672731049
0.20555292493638097
0.18568992610556348
-0.1476232845133613
0.17203951952867333
0.12825659127425323
0.1092519188167478
-0.13727182021991693
0.10143559547860456
0.28863005129299046
-0.1613713127010856
0.12127206552162402
0.2582786365918814
0.12978175440261341
0.22682470858890985
0.15242947769970447
0.12282488219548564
0.19569859101609063
-0.2175237901065897
-0.16430874769069573
0.1502901452187236
-0.137540158024775
0.12944247975506468
0.253795091695711
-0.15697530094894394
0.21362960675998977
-0.12074621206856276
-0.19368374551979084
-0.18469737273828352
-0.13655084805084472
0.1485385988982385
-0.15994090842477646
-0.15635116656380157
0.18790450776730813
0.16663309824135547
-0.17414368151240217
-0.1472116813814248
-0.16835362897752065
0.08716874311877275
-0.18136624465911474
-0.11051323104997385
0.14306853911227968
-0.21816607871421953
-0.11203575361096184
-0.23521162189935077
-0.19719870337543205
0.1208871455696741
-0.23557439589680298
0.2251727767617493
-0.14802013547464365
-0.14769810947046733
0.15757349907999454
0.15724315529261154
-0.20826412166396835
-0.15590423042595936
-0.14003563315723053
-0.1353825587181105
0.10521610876278091
0.12088623200809105
-0.15530811950017173
-0.28443878753959373
0.23272257714649142
-0.2163199596332127
-0.12055268472140655
-0.11633688608822747
-0.1403130353492025
0.10537787328911484
-0.15941558295450955
0.09980392687979808
-0.17299553139890533
0.1481578088891031
0.12254799160785845
-0.11667627132924827
0.10921847067350782
-0.16874703593173995
-0.12985413529272596
0.12812704842618608
0.14433867085082192
0.11655391986351382
0.16631674133619825
0.15961576539290798
0.14299937647172203
0.18063278847686823
-0.12817097951626474
0.15455981424896154
-0.14471336430401568
0.146030878511681
0.17703049102025845
-0.1341902148697863
-0.10371176119259748
0.1514904357610571
0.1371787483375355
-0.14062320621821578
-0.16432160530347892
0.16390658419392493
0.18244924027944662
0.11202974798893255
0.14845132199487976
0.17526778679064484
0.12540647824682688
0.18737361430772087
0.15803960786030893
-0.22512057349246792
0.26551241756846594
0.19829615713755944
0.18316085612143143
0.15088746922298119
0.16822435188608456
-0.19513508665591445
-0.16201038795824055
-0.18839774273012994
-0.1419713513790241
-0.1513759923741687
-0.14250438431685744
-0.15979962276340906
0.13687879133193515
-0.1730151003898254
0.11253205322320246
-0.14156636587476693
-0.22673053216439656
0.1746537614181609
0.18923236819316983
0.12382965874058166
-0.12934522085334008
0.22151467135212272
-0.13698651937113426
0.08706239036994344
-0.20025664356916137
0.18491836159493225
-0.1548871746211645
0.12086206031855697
-0.19805253725857225
-0.15812636226409088
-0.07647252269853644
0.1558041020647892
0.12780032474776523
-0.22223119328107302
-0.10679522659364338
-0.18610401751228825
-0.18566377334584314
0.13858320563708967
0.11053947012664789
-0.19865576145925673
0.17472516232999483
-0.16717887362153946
0.12665898141387424
-0.24944744417851503
0.14681525794618516
-0.19589509776218691
-0.1945649875206892
0.12724275619426395
-0.14724015636913582
0.14306553967182287
0.15798969337705915
-0.14428934995879703
-0.17492958122040436
0.16020130924396803
-0.1441671669925916
-0.10283526094824685
-0.19253528071635578
-0.24358541017581883
0.09346091217491581
0.15706430753263706
0.13618092896549872
0.268267673698941
-0.11105926245534135
0.2477329514405207
0.15416768532725675
-0.22307254088771022
0.18990763117960743
0.23281243639827007
-0.1427345229642282
-0.12275092349882645
0.153349027215296
0.12664378691842734
0.23513489603931334
0.1357621601922937
0.14754403018423823
-0.11693055067552392
-0.1410875881078955
-0.16331496030750517
0.15889175868483935
0.2302536331384406
0.1480284163304551
0.14901884929921497
0.16554830332327816
0.18329019138388958
-0.16419361369342103
0.22790816008778214
-0.12519418296036727
-0.09969467787186949
0.11749460278267615
0.21697720624116662
0.1280784734513983
-0.23044672741800212
-0.11327477606178075
0.2082916760239883
-0.1597866374214653
0.14439934861664555
-0.1479452869641108
-0.19061172053293296
-0.18775163424873972
-0.20919957092779554
-0.19375034431476795
-0.09682570229141652
0.1929965894976625
-0.17585864923308028
-0.17221907791322208
-0.16540814164689216
-0.12686162179730212
0.14238902472704748
-0.1690706239644157
0.16497500783933175
0.11011947996327706
0.2715312055493386
0.147704789753153
0.1763874599611463
0.11988601899762148
0.11533421441309268
-0.1680573516167759
0.14230100169657742
0.1591609534697932
-0.16729103185923763
0.13270884024782717
0.12452756792029522
-0.10506458800320213
-0.16741636888573905
-0.08721322877653485
0.2016182900645918
0.11679779228023411
-0.11401104940970691
0.14237339400698698
-0.1331583584634469
0.185724404898056
-0.16268806108723224
0.2268395929134273
-0.12067882894805836
0.086668889035799
-0.095363634770797
-0.12345311040468952
-0.11648708461023267
-0.12299849121565407
0.16445147373735908
0.1891530666242262
0.1266220624943331
0.15229172196823185
-0.1912348820284658
0.13437957129650613
0.09336282583111552
0.10941727530316309
0.17441817120312744
0.14898140513127117
-0.16201734366859805
0.17153899665456787
0.16050918909538203
0.12820355068387448
-0.1402846477852525
-0.14753665298443552
-0.16861631145793823
0.20252791705361045
0.10912794425010072
-0.1836234006425267
0.15777397492826184
0.18585459263685672
0.22500287207462813
-0.22479911338109976
0.1313322409964892
-0.12315216490567835
0.1424128347834109
-0.09892523356876101
0.15470712022905111
-0.159272732009793
-0.24454507190088032
-0.1706636002026787
-0.1673566960144204
0.1616101991527024
0.23245249565525958
-0.15483601449184503
0.13394675460195493
0.20896898738403444
0.16151929136657728
-0.15747349523804488
0.11871655273768522
-0.12243488554935462
0.21224437314997335
-0.1888301647430192
0.22504887642990132
-0.15677058029769558
-0.12875521044078814
-0.12401437345380045
0.11591500733903128
-0.11350361636944946
0.19880578799910895
0.12113578096940243
0.19967625671977482
0.09796646599106933
-0.19434980956180561
0.06454332635038387
-0.17327759028775203
0.09530295778826284
-0.11205855265898079
-0.12658042709395453
0.1017820860569428
-0.12233730448366975
-0.18470951787028725
-0.1845066108335924
-0.184249133146179
-0.13024649098363142
-0.13158259025155528
0.1892128117709907
-0.0973165699206321
-0.07205213078287398
-0.09138176413181634
0.16221999510219512
-0.12635283016005838
0.18727904253889302
-0.1424149437729893
-0.12715729466661246
-0.22423460041909044
-0.18225095099240046
0.13692441587507387
0.22449072840276013
-0.11419958753510535
-0.11808290379743816
0.24572411686647488
0.11197649865053837
-0.1140004697493965
-0.1610200626809751
-0.15435494666917443
0.16598859413227512
-0.16446898181753944
0.2527894917013385
-0.17023715341298387
0.20315782414014855
0.16465102443636118
-0.19938919130802035
0.16226943354178772
0.2170546194235928
-0.11159062193857407
0.1456911176918433
-0.11780616818952232
0.11311903631350027
-0.1404675676737389
0.10905539920315103
0.12556687756955046
0.16531697461772746
0.1313759316072258
-0.16830908923296775
0.24185719781327158
-0.1098532456440816
0.12729781241793386
0.22088342375105488
-0.11994475311940209
0.1428263984540595
-0.12881378481233957
0.20578043644196947
0.16570239264881814
0.15874441175549092
0.1359538604898102
0.12511909203025803
-0.13688917007957419
0.0923416092101218
-0.20739934247599254
-0.11409554442497213
-0.15522514786649952
-0.203432769852835
-0.14485976994009986
0.13043096890828113
0.16317070733808947
0.10456022050914124
0.1552741506412782
-0.1580235157190965
0.12981068478682503
0.1474342105478969
-0.071698404086601
-0.1775282412420012
-0.18359680471621984
-0.12299150107128216
0.1256908239279465
-0.1366891721027556
-0.23094058093440945
-0.18192470025974394
0.14777697899704362
-0.18966779041542342
-0.17552076238109998
0.18392164546733614
0.19158933601453693
0.14241607406756765
0.11784273181850898
-0.16729785077004383
-0.16199589782097706
-0.18224792193610997
-0.1577730849609851
0.15199387577080264
0.21148234302378532
-0.1835830854488709
-0.18001401249941526
0.22621585438087294
0.16270995169207275
-0.14180534774585224
-0.12966951609577868
-0.13266967952893904
-0.13355013066928573
0.15795201428519776
0.17899766940688108
0.14002396024668715
0.2057460015039921
-0.12902118567935475
0.112716589172334
-0.1500147210427576
-0.15894821609498133
-0.11955328052602718
0.18789190224529492
-0.10519797121665643
-0.2217255557359535
0.1738738786764831
0.24439392639769986
0.10682591057627007
0.242074839840866
0.22497454906852019
0.13450787047780338
0.1531419761985235
-0.21474215164905033
0.17059586022539988
-0.16011959511261561
-0.12060799337704264
0.21503446143793278
-0.16944346582462858
-0.13691990304642748
-0.19784333906334542
0.10275381383976848
-0.10404307869698147
-0.18734941759160426
-0.11650154104646633
-0.15889577342190928
-0.20748894385283498
-0.17428868560925664
-0.21128614039348287
-0.16545759932816975
-0.15188642403913688
-0.17798795393404512
-0.13873676870695453
0.11564800306955386
-0.17279461116532943
0.17831615785606836
-0.1511475566108148
-0.16356228789579047
0.18288979980184905
-0.15762557328018387
0.15102046929752141
-0.1962922056939367
0.12970552171280164
0.10296288258243813
0.15451757947129147
-0.1567927063817793
0.17360687261210916
-0.1261143893643339
-0.12952221786499324
-0.23627375565278705
-0.14575455724044745
0.14351740378973307
-0.13280940221620208
0.12737980488641518
0.13146972501837112
0.19630051036926732
0.13831359413171163
-0.20215233103697716
-0.16458404849893501
-0.2217596644947894
-0.11160482979230514
0.11120141447346903
-0.19112096835926579
0.2098066107862911
-0.1613608944366303
0.16049961859857909
0.2143558759709306
0.18146149057147476
0.11464367978587739
-0.1438506204375568
0.12923639616971108
-0.15266978572410883
0.08171205516522681
0.14651400760896477
0.17462235206907098
-0.1372327695346225
0.1728386125814218
0.09959197308028417
0.1562974762235419
-0.1776635945371155
-0.1958959518808846
-0.14779430193106347
-0.16360868753715335
-0.13012080823809646
0.16335637652450052
0.09706283420349708
0.2324702885491434
-0.15798978383177573
-0.1872338122291258
-0.13578808286879293
-0.11093666321194574
0.10061887115424863
0.11486697945509243
-0.11345257305409036
0.1613981171745805
0.18380712163356921
-0.11615460351980489
0.17926198892687129
0.12027438122491962
0.10683739142637416
0.2432152226622099
-0.1245663695571256
0.2056670440978203
0.13083849047582383
0.11718492904634831
-0.14248714570095083
0.24571330697554838
-0.09050452004282035
-0.21787483572764316
-0.10262329962863567
-0.1531015401424954
0.2216377135116339
0.16488085322176405
0.12797789821438388
0.15517872687229609
0.12070371304773948
0.22890004028893585
0.15437486407930456
0.1195192443003597
0.17456780423214366
0.13201336474220202
0.15808864297689307
-0.14334927306204157
-0.1807661530778068
-0.24787825517027273
0.08703545068276403
0.10803484667868668
0.1705499645840283
-0.10392911369814566
-0.19183517053317378
-0.1423260625366929
0.1804722715479885
0.18844470131395877
0.18504954926097933
0.12157352191442623
0.12967460626125513
0.23084966547102656
-0.12913107700508222
0.2132842980331931
-0.14806366747507216
0.10984789792404394
-0.13363050945864904
0.13167920278554146
-0.1474290165409354
-0.1236049742937699
0.13173363495559723
-0.11506477926192021
-0.17644341019781812
-0.15485041876659655
0.22215417570099377
-0.10510209159528941
-0.1452907778213681
0.1393602018451558
-0.13911555422680189
0.1174603840103985
0.11945923124289452
0.13942478581499146
-0.10994593914103026
-0.16686194071871552
0.1691118708483223
-0.1742140547360779
0.18870069920917334
-0.1886685604401739
-0.11952876300852791
0.17447998719105826
0.16836621884407196
0.13404971878988284
0.11910224281189502
0.13923322268856686
0.1337081689485765
-0.1955974320527943
0.11100658026028473
0.11179637294964914
-0.1531158812557938
-0.1081566746980253
-0.1850710656735379
-0.14818284627788678
-0.12180819183665222
-0.12784499579837902
0.23009673666148295
0.12389076371353139
0.115076934152775
-0.15381123422868614
0.2594518376004338
0.21350282461352918
-0.1347435429849664
-0.14906970829632632
0.23431997577104147
0.1962436246799242
-0.1453707862195614
0.15461652334246118
-0.20837205880822066
0.11643706112403175
-0.1500486929310378
0.10915967584772734
0.13379296227278106
0.22101808973919487
-0.14021932149549005
-0.1736191518391638
-0.11584758666289474
-0.1729398587607136
-0.15849518041563185
-0.17635914437912065
0.15589374857169577
-0.1517032470402078
0.11177111695217183
0.19127457868023315
-0.18265025438892046
0.18104161762277113
-0.17703729320250478
0.12696595880679473
0.1388703554127211
0.2792345083803138
0.14434303454622244
-0.10867280574488682
-0.13536075770840733
0.1578960373522578
-0.2135145751048632
0.22976703507983331
-0.10288041822644567
0.1685002535941221
0.1553584048373272
0.19156804178816286
-0.11596481214796288
0.10214161942535777
-0.13785138349371795
-0.12476034966557949
0.1762346738592494
-0.17362994951525562
0.1964512906405241
0.12795328886303126
0.12069851774591189
0.15332998596931363
0.12050184024247619
0.10669469869549833
-0.16442183121518145
-0.1481067848778383
-0.14682854576878296
0.11903193398293072
-0.14938410335685054
0.22473493358357188
-0.1452267516390169
-0.1668145534507489
-0.17053939575911348
0.13498657157679528
-0.13195204260389745
-0.13235632586446913
-0.1728634753544648
0.1347428268602855
0.11510727221244571
-0.19439347648431884
-0.12421105437831781
0.14669275427117287
-0.2163774741526716
0.1877511406153042
0.21394735667419892
-0.2545545096559537
0.23033676492651703
0.13332156748422708
0.12090546219454971
0.22795639090814498
-0.1020709818443417
-0.22490603108392737
0.14388331938434729
-0.17808470536328846
0.20224940901364494
-0.1168753588222702
0.20270408532053694
-0.1866336640093291
0.10061766599633686
-0.22665185709023838
0.10918734447096211
0.1610158241138072
-0.1302632677087526
-0.1664074612469906
-0.12312877396358543
0.14095775559481388
0.10710787883098713
-0.16636294666579407
0.16803164198825737
-0.1864236795420903
-0.10005959383181284
-0.15213936657567562
0.17479058386895352
-0.11663365736236943
-0.22233049249806933
-0.20495021571287414
-0.20445709573896625
-0.19620387581446697
0.14387847260798847
-0.14242973564538775
0.12118757749333443
0.10721954237307947
-0.19187555551265278
0.13025845386522722
-0.14240382279042546
0.134782389066936
-0.1557722021004665
-0.15432937602216673
-0.15071265195370184
0.11112469208724096
-0.2070195969067258
-0.2048787196845321
0.13523383281668427
-0.1595958358942553
0.2697110075204559
-0.08549427563310079
0.1173774904050058
-0.1817171545990124
-0.18984660288530472
-0.2307709237613474
-0.2072709581406596
0.1880978221624609
0.19882707981444378
0.12495190266568633
-0.18766447059024055
-0.21483143062928908
0.18521041811270886
-0.18448080238453066
-0.15352554113837394
0.1183672458387357
-0.1513928716712486
-0.16951862952433408
0.18394174537807198
0.19981454663595344
0.14618792945946607
-0.1485153994278752
-0.26136368020219936
-0.19403475555239086
-0.1224902929003653
-0.12104507010908491
0.1852187645943869
-0.10584504353418829
0.14423139232731766
0.1516874219093182
0.2127131797958471
0.14696478631036433
-0.14806560252981918
-0.16185115454280904
0.17879702668890018
-0.21201575274914086
0.1224586894032936
-0.1452361347190381
-0.12701250823153173
-0.22428906131583226
-0.16944127546175486
-0.17301576939957877
-0.19660993688252273
0.13745541869381364
-0.12670298385564213
0.19082649900728896
0.25086643731383634
-0.14468746638913124
0.24050351492332783
0.1574379814544324
0.21615591189239747
-0.19229667311273213
-0.21390032339109805
0.1165566993544553
0.18877583022080563
0.16215387378250365
-0.1357137118362868
-0.20047099005622485
-0.17031844421405137
0.19307313895517428
-0.18212459041885992
-0.29645278607449294
0.14715848130775497
0.21677878512871346
0.1195048021275997
0.213386522187079
-0.12576644331126233
0.12700804120764203
-0.1935781770357035
-0.16845065683842908
0.16062078330606155
0.1275545046976794
-0.15492851652201708
-0.16340559284948575
0.11320482286758694
-0.10731748614655592
0.17520043737001625
0.14718598828842896
-0.1370864592825191
0.11662679463135464
-0.11696895800512311
0.21448816971519244
0.16134970491006706
-0.1296466254467867
0.12444803723197966
-0.17727676360135394
-0.17190194943837495
0.1335384095756887
0.14208239678352558
0.1147535582479568
-0.0965329686706685
-0.12966213093666426
-0.17796940816958157
0.1493965445702179
0.1122098058499183
0.13695586045616148
-0.15114002257306378
0.10476951931041129
-0.2036484881811995
-0.1410822530973966
-0.13676086053053643
-0.1878568106286076
-0.22899555125013266
0.12066588122074887
0.2004950059978185
-0.1722402516879383
-0.17406466470683166
0.22991088282925629
-0.20643417267917732
-0.26376289670116626
0.11115772164420026
0.1974463870853321
-0.12506383459709422
-0.1098193827596615
0.15613079987077477
0.11733614718048384
-0.11063833848281969
-0.07453190205309722
-0.1571380973513501
-0.13754301925641152
0.18032531657825504
0.12979168018711734
0.08984118270339835
-0.1516261898570117
0.1408714871100309
-0.12368083819254379
-0.13423984667133113
-0.2060272385876861
0.13805152961630762
-0.1994726820522118
-0.13683623840968023
-0.14392170885193603
-0.15164793918573682
-0.13856872461281375
-0.21034706208364667
0.15017858299123246
-0.18910011652736064
-0.19357429436041698
-0.18121970903439444
0.1577781642394582
-0.1247888819920995
0.12056421253205987
0.13183197796958487
-0.1611113822735893
-0.20106339387930214
-0.1378482646623169
0.2146586306463635
-0.1269753568842825
-0.16080249697846524
0.15581025235895749
0.15820994066442448
-0.14584996462944141
-0.10198648443732368
-0.16581463783801462
-0.22218446122331303
-0.1872116011412699
0.12196668952661242
0.1843837435754075
0.16425739443927587
0.126016579037038
-0.20064482828403343
-0.18462693891125584
-0.21181944244533
0.09654009881655308
0.19751708356387254
-0.18328481374431818
-0.12971231432059468
-0.14720379817816825
0.12422333748944049
-0.11166054752285198
-0.21178739534188096
0.12269153370407565
0.1924635106535572
0.1345011958058705
0.08435369656661441
0.21884893743348624
-0.10849360099133662
0.20755376529320718
-0.19547167251825218
0.15564139753560471
0.14916008755710633
0.1070091439601659
0.11254605162009905
0.1217354355103633
0.2504077361941846
-0.24850613855042766
