0.14386401018462505
-0.11716168537670653
-0.07714139940823332
0.12672048648275128
-0.12352204390305496
0.09978821366725228
-0.1086580480262455
-0.1211606872329282
0.1108461463967151
0.09772170644834981
0.11586696229002026
-0.1192523928119027
-0.10389129573045407
0.13716751096179486
-0.11009838706886743
0.08127186427572208
-0.12466691962482294
0.08673012147860377
-0.11832424426377229
-0.06989610411076418
-0.0842993206007497
-0.1467123461986952
0.10642792716057348
0.11391634228062665
0.15200806816006615
0.13366402566319407
0.10877080696206998
0.12787884785291365
-0.12382883533240915
0.10370052774762921
0.11415305428620164
0.10627116619150494
-0.088355305707548
0.09612760497590983
0.11866150778091422
0.07262163386005539
-0.10722402769719144
0.10089744140990276
0.08649692085125638
0.1075042192124345
0.11699428222991398
-0.12055055371583899
0.14090886959124424
-0.10254618939688256
0.08237481718566023
-0.09086686911040072
-0.10339914655052952
0.1155446539400378
-0.11371290371180931
0.08082899911947292
-0.12684631840556695
0.1178349442010767
-0.15063335298964411
0.12348230744211389
0.10872374693506591
-0.11855660727954609
0.12804034360678984
-0.12223711821878364
0.1180604203678517
0.129012700675659
0.13930505466598428
-0.1198081815734241
-0.12997007076229658
-0.10867882589125351
-0.10807853119710623
-0.14418266274224617
0.11858663156712053
-0.10208666129841885
-0.14330041382978234
-0.13454442944163994
0.13489510586155376
0.10319673335527262
0.13848487614572563
0.10892431333371133
-0.09645764978905255
-0.10045801757088695
-0.13896155643601002
0.1238455839951363
-0.13650564793426914
0.11031649900436903
-0.1228543360702915
0.09658807050777421
0.10770183052765547
0.12028790289016793
-0.12633543846021253
0.1246241500683176
0.10972749642945977
-0.11629779116369943
-0.13235997581558134
-0.09704731026218996
-0.08447892915297928
-0.08343209793213763
0.1159594867255154
0.12429778128979463
-0.1410634156744945
-0.13702535453786738
-0.1556118708420128
0.12403814735157913
0.11704810894941005
-0.12096918645386993
-0.12307625423538959
0.09768120669490826
-0.10788911079730786
0.11628385839691435
-0.1205454008810299
0.1303291650803937
0.13864910160047095
-0.13633781618937962
0.1413007877435279
-0.11402103175154263
-0.11250865701435137
0.09981081190744515
0.08839916421075625
0.11620697617549222
-0.1889928027124145
-0.07668488468655045
0.10852646895711048
-0.10439842819976525
0.11065415662509741
-0.11749211454423111
-0.1084776860876334
-0.11987889776245442
-0.0996078047231569
0.10386834441715251
-0.12173277783144806
0.10649495963025807
0.1148470578294427
-0.12731971500359027
-0.12795499693996792
-0.13995651055448932
0.06888924418439807
-0.1462898853860963
0.11325629954570647
-0.09896624697233959
0.11881570401967217
-0.10464931320620509
-0.1501349513852726
0.1276490997565495
0.11369585678957227
0.09660693625510024
0.11892641985331119
0.12225622734643955
0.08421165568103908
0.09614835109431678
0.1374078616014382
0.115006544744955
-0.12057471233548733
-0.10690607384727788
0.1253462386412576
-0.1273495404605692
-0.12135169005662347
-0.11395286361047435
0.11681112085316915
-0.08161890458077602
0.10228933794762285
-0.128633686917185
0.10963644266800184
-0.11917437265510022
-0.08518675474581917
0.11966219347461998
-0.12382884530590546
0.14669870666250515
-0.10486049370645184
-0.1449396829179648
-0.1528870418316423
0.14150669144068845
0.13508250515750922
0.11698669677164762
-0.11522029906838498
-0.12985756211276203
0.1306139783090201
0.12350085915039836
-0.09228016794535328
-0.1324007183474464
0.1283125396787515
-0.14452435200457536
0.109946405838872
0.11980961411152342
-0.12286063251931725
-0.11782766162941263
0.1151684945270573
0.09255922101369667
-0.12327235772823174
-0.12656629068163935
-0.1051062856246082
-0.147040396001431
-0.13864831209630038
-0.12848071113085993
0.116536990919923
-0.09785904923127772
0.1446220916078702
-0.09211193066769796
0.1328819371014473
-0.13441246615860558
-0.09330756870335535
0.13663121248087787
0.08646527859384066
0.09155577460114216
-0.08605811426990044
0.09336960273776196
0.13280037230461464
-0.12733161213647973
-0.12775470628674812
0.10527491235973728
-0.12313256280162427
-0.1290767232166477
0.08764882310058217
-0.11300297529161636
0.09805428324059537
0.1189452282610972
-0.11027085191510966
0.12486790941669457
0.11803254388427659
-0.09545018332711921
-0.11940126894874777
-0.12183006291182528
0.11638471484249321
0.10938893623052445
-0.1397217799521554
-0.14507114925608705
0.15017279018918833
0.0966548917178525
0.17101429518350897
-0.12748235645237385
-0.12920801944649699
0.10737822318527807
-0.09495182749061538
0.12575914874060892
0.09523262730828914
-0.13263304458403877
-0.10486482073860469
-0.10337485121859845
0.11682564696262296
-0.11899740666397213
-0.1510984638410637
0.14004622257178564
0.13965700834684502
0.125829348087301
-0.13194873022978676
0.14270114151978797
-0.13436512165098724
0.11520354906264738
-0.13483814116958562
-0.13363986770931097
-0.13271892718861286
-0.13958448107104604
0.14412017426602466
0.09748398480152526
-0.11995789176580025
-0.10927589005311214
-0.12638693542111315
-0.12615183034739713
-0.10493654522615001
-0.1306249591687424
0.14572642160136862
-0.12929972492808525
0.12975284539579177
-0.12339042183252143
-0.1413455844754598
-0.11451062504404545
-0.12953101009823675
-0.10064449869308274
-0.12233722058771443
-0.09419454305147573
0.11830622022196584
-0.11492997738856743
-0.12037324437490694
0.15776757508576736
-0.11240143577942358
0.13985614754004935
-0.12974461890840613
0.08964833570973607
-0.14236019093081648
-0.09667119207637088
0.0784068245925558
-0.14841282199447364
0.09343510408418582
0.1322364740929708
-0.10348343321862415
-0.11054594883954444
0.10726725011918979
0.06474047876599996
-0.1128512794491626
-0.10862995927320813
-0.13072507803048664
-0.09042976859354068
0.1144261057261996
-0.1403546245574547
-0.10833488927154945
0.13211555720925527
-0.09585175815274223
-0.08682086824817592
0.12265661822166558
-0.09896247897187405
-0.12015485495238747
0.1391992778475949
0.127194682742905
-0.10107459609093875
0.16074527941647368
-0.0999873035910917
0.10578168624548205
0.13555830353038212
-0.1400173648618782
-0.11566337075526327
0.1563508301118429
-0.1349637144267616
-0.0863325789839754
0.09325493396666333
0.10576090076548324
0.11167157837093965
-0.08665023005152825
0.10600824890995378
-0.10219634719920774
-0.13130353012866428
0.11045830560475296
-0.11517117279985954
-0.12274568780198646
0.1212975102802177
0.10766797477396838
0.10766315284298864
0.1181685208854794
0.13415477412032414
0.13203902650719485
0.1223000230629303
-0.1422888896046647
0.13914297991490887
0.0985218782694816
0.10288166872905814
-0.08719197695784059
0.12969516758637778
0.13473934935179804
0.12116786737775774
0.13542862072851106
0.1386852288923596
0.12514491902118058
0.11957190432112345
0.10197749796448749
-0.13348561838537168
0.12475034524457614
-0.13841460364506444
0.1438035468195717
-0.1320916287692871
-0.16200237195893347
0.11325159021573313
-0.1231465596236431
-0.1318371398986122
-0.10805817041536314
0.11804392823319837
0.13795910428376043
0.09818878701264173
-0.13081907241288415
-0.13744765487857546
-0.10606476782765005
-0.14095772901453307
-0.15670534034589806
0.08876968136962629
-0.11589194175585041
0.1552012089273657
0.10235160249686406
-0.09767540868786248
0.10403780541471867
0.12531163129531464
0.12197593515721929
0.13885319473268518
0.14173798774292318
0.1192796038749866
0.13675603146856638
-0.09988094921989545
0.14982920656867468
-0.12726163362499035
-0.12356976147367581
0.09981695382551359
-0.12150614980321811
0.09324760214539124
0.12003245606814396
-0.09766883673975878
0.09776738172776443
0.1362688543711198
-0.10533122910721826
-0.11748128532787194
-0.10416271392868291
0.12124003616156663
0.12671958304086864
0.14105290363416276
0.14251396316841697
-0.15619532183273838
-0.13903535175395054
0.11909176623043367
-0.1372067447586969
-0.12086513436018466
-0.09698788638896969
-0.10430129475998218
-0.10609523395849839
-0.08147047541108252
-0.12724031506235267
0.12703305293641162
0.13543037036103156
0.11667807072634102
0.11259503744655591
-0.11839506916492802
0.12807600007125214
0.12867686166737646
-0.1488522968797831
0.11293587039655932
-0.09348794461338567
0.11631563787822442
0.1178759013584939
0.08813432842933878
0.09662950579806275
0.10547241737948523
0.09438440890102112
0.15858951787662107
-0.16138522779974904
-0.13420626306322167
-0.12962175037770032
0.11052620382298001
-0.10521681823266135
-0.05906202123547412
-0.12970138396794817
0.14492874551667065
0.12455719212560319
0.1202379230215125
-0.15381909568116237
-0.1149464517778752
-0.13073097482437065
-0.127611444131402
0.1535875766488072
-0.13164569834503087
-0.17351355311990532
0.09793691813272096
-0.12867076631717944
0.144286202113771
0.1386622196493207
-0.1183973030128004
0.13978286186314884
0.10258947104219868
-0.14036992649868285
-0.16301316418350323
-0.10351059394515723
-0.1664804384349478
-0.1103292679732551
0.08684898541398461
-0.13442831227445412
0.13415144625925546
0.11378572552352617
0.1509423944126213
-0.13347483840088065
0.08462445977623508
-0.13958752015456335
-0.16091200101299588
0.1293788605842447
-0.10619769513710488
-0.14018176198716042
-0.14078928113686218
-0.13219754344700663
0.09163027955609561
-0.13730431592126704
0.07369217045982188
0.13889553689705872
0.11131142376085171
0.10166779535166134
-0.0853060055991512
-0.05475291282876037
0.107833184043849
0.15670171578512238
0.1007253359735225
-0.11686135226332987
-0.13224921656972347
0.12032379048246601
-0.11527752977577159
0.12114495042712137
0.14743069234511538
-0.13994160671084596
0.1153354788810663
-0.1317769450598927
-0.11613996689802587
-0.11519231246197878
0.1348357849147778
0.09913276872893938
0.13442250518693855
-0.11603745086418793
-0.13551217862006046
-0.08156326387072277
0.10666282765284801
-0.10412042062705149
0.1297823172177645
-0.1414826672505056
-0.11881564372822408
0.11460113090582034
-0.11975515957846619
-0.13715660717931083
0.11812877302461561
0.19250776188531793
0.08721882066814156
0.13263608451043093
-0.10302603481443823
-0.14842531436549808
-0.11504078365225207
0.1598367166456239
-0.12322563376492553
0.09856338537688213
0.1091330268448967
-0.10579771469588338
0.12175429780610633
0.11806496059357885
0.13861937533440633
-0.07993983978064226
-0.11409890220871367
0.09947977441780254
-0.14459923757154902
0.12903730553683945
0.14257103870429333
-0.12185030760434219
-0.07058214153344172
-0.10454991966428875
0.13084336592413207
-0.11515644184762407
0.1117685685145505
-0.10682860311989825
0.1565372101672312
-0.1199702149745324
0.14075088347402429
-0.1464159119695603
-0.11821232254733872
-0.1246610149409033
-0.1436201864384805
0.12420649683127413
-0.12154218669444299
0.10465163750663371
-0.11761696456666913
0.10223505175187568
0.10112204315482703
-0.13348058637070812
-0.1054986232787637
-0.10096485557768614
-0.1342780933148792
-0.12446160649478188
0.10235380434779764
0.12967732154343312
0.1109871356049335
-0.13774943945443954
-0.13675441419144618
-0.11622555942672806
0.09540626407632632
-0.09330780490411382
-0.1140454630111088
-0.1271613412860779
0.12754943207154681
0.13370563197023427
-0.1386808656836135
-0.1571028985849275
-0.10630969103988785
-0.09045959725662744
-0.1243381176246107
-0.13096065068898355
0.12592363035599835
-0.13481522449029465
0.1299915722622216
0.13304424966650755
0.1015778562423493
0.09396016977181988
-0.1142571187966086
-0.13039321750418612
-0.08730316913262001
-0.10887593043560541
-0.08905064779835635
0.09600864771137181
-0.09717030677270912
0.11296946959268783
0.13666152390616162
0.10200116986309342
-0.0968635209502737
0.12975801409747212
0.08435258180951055
0.13834527706654376
0.15413913836642873
-0.1486057544454118
0.11684084887975525
-0.08279142923032416
0.15599832297096175
0.10913660848561897
0.09354397551949274
0.11603066399920525
0.13348150805200978
0.15434335183673673
0.10711861670764612
0.14330473200759508
-0.08159116720139938
0.12151762686834931
0.0829235372426501
0.10189887575617923
0.14576098838981016
0.10557331271215861
-0.13167348820657657
0.13346206580354397
0.140301997454797
-0.1236179342881595
-0.09427670801292413
-0.14271680773151169
-0.13868862547086255
0.12035039388295826
0.14778044492784256
0.14492635017487246
-0.12222493290165333
-0.14352015479588331
0.08428212848736676
0.13167409873085287
0.1395252851055665
0.11450911783196124
0.0973959481865406
0.1352998054026745
-0.1152691269867846
0.09497565555060021
0.13323060656234162
-0.11185416962581299
0.10483228445752835
0.11030233970530776
0.10337249906560195
0.1075896179154146
-0.1452436215326468
-0.12217877556421386
0.08390019884745341
-0.1116887223373662
-0.1097022098913865
0.1266726940381935
-0.12169564300751178
0.13122842905646145
-0.1346872489946759
-0.09464889631474523
-0.13692586841248136
0.08263945776568508
0.13990128188264073
0.1473915161510224
0.149520436461946
0.12205898757990521
-0.0792749643628607
-0.1168696760702007
0.12788275966649582
0.12071553289383266
0.11373077686761084
-0.10665365232901612
0.1194759683398941
0.1252531564330352
-0.09255564969784866
-0.08781075021816605
0.09694206705475382
-0.13456786226071116
0.12295237460575804
-0.13458965557260294
0.10759787020471098
-0.12789210188682268
-0.09427995597805555
-0.13508091442752473
-0.13093249987596398
0.09799357927530626
0.11396066614505387
0.13096096757367615
-0.1329305092075089
-0.10122937637636072
0.10421495334144071
0.11425004588489995
-0.12391634674725979
-0.1291888184446629
0.12774820361882458
-0.12963743791942575
-0.13960554222235544
0.12721410423652355
0.1251076556704273
0.06796378264391294
-0.1451418633745815
0.10627640290950453
-0.11943954143430993
0.13000395264267664
0.1533614813973233
-0.13218641738085815
-0.10733845583332978
0.09802188844168944
-0.10106801798465255
0.09003430288063181
-0.10424917075783711
0.11897892666782815
-0.09789510642618908
-0.11614678399727668
0.09520856709817055
0.11096016755085114
-0.1511088972837848
0.08853495763442333
-0.05822545712924203
0.12638999020784533
-0.14539088143643958
-0.14458124081591775
0.11483383097243244
-0.13875523458279584
-0.1197984294941944
0.11555453552831754
0.12764745243161907
-0.1347659658814556
-0.12399234678095579
-0.11644040388903942
-0.14027211509929094
-0.1551349279781826
-0.10190138018560128
-0.09107638568732619
-0.13057335726808766
0.09058445820815568
0.10147041133491932
0.13989614666649594
-0.1545184490747661
-0.13808474093503534
-0.11692763814541136
0.13105651467276286
0.136762250105284
-0.14207534446646428
0.11098602417761184
0.1196512177457754
-0.1281061783943439
0.13629917977994566
0.10411308859757067
-0.11706562120886148
-0.10809822834586556
-0.10717037046167589
0.1345974213177233
-0.12297219552408634
0.13105638005301545
-0.11865021641120749
-0.12927554787595702
-0.10472946631627351
-0.10783932671284177
0.1211420904416179
-0.10406159450196689
0.10838487298373341
-0.06922676159691805
0.15135471560127722
0.1277844365071776
0.10153752157010563
-0.1359969045146788
-0.11730914956469674
0.14216605118984627
-0.11890764425073293
0.13381560652759042
-0.11104306689146551
-0.10567942273481853
-0.1190335733893691
0.12322862792653233
0.11413152786465754
0.13125216898564016
-0.11224613060551807
-0.1438414818731514
-0.16017364911048165
0.13388361313255176
0.147794800569869
0.11394195348037235
-0.12360511749013195
0.11923299170617156
-0.10072575832351055
0.10909890290089304
0.12092625440307822
0.10987390793262089
0.06468649751187762
0.09379933687349506
0.15204747349203449
0.14157139742943195
0.136590700029425
-0.12240779859726987
0.10699341985901276
-0.11199352768064842
0.08751524368018891
-0.12398831547234417
-0.16432560019869888
-0.13841901533490528
0.11974176044794521
0.13188648106534429
-0.08827039216161765
0.13679281371445903
0.13217726534466864
-0.08935512441199893
-0.12179799233662976
0.09140334158617511
0.16354914643274213
-0.1452445113217797
0.11692597648595979
0.10303944810991042
0.14085727395316838
0.10012412788652018
-0.13519584702185877
0.05732895989563741
0.11003623336328881
-0.12086461864078095
-0.11162687730356081
0.12348229964644616
-0.11351379295160424
-0.11902513138378883
-0.13269239114431963
-0.1311308805816817
0.138705671093233
-0.11778983016816216
-0.09618668388222062
-0.12260954327473875
0.10950057931498006
-0.11459265368749966
0.12883970039785844
0.14894182647816676
-0.13322813912575093
0.12776838504831678
-0.14794343630006465
-0.12916908920204725
0.13962281216936642
0.11191997221025682
-0.16394725756395842
0.11475045290968351
-0.10772891262165844
-0.1163564355067347
0.11490911267937443
0.10971173901177986
0.13433837011615693
-0.13553914210045204
0.1173795806809404
-0.1384680954654137
-0.15381899189447598
