0.10413016178140244
0.2241305245850343
-0.2089573903186915
-0.09214236156547623
-0.12115146802123175
-0.12581167676414
0.17576034020857606
-0.14049328386552665
0.1628203447955171
-0.14751650472215616
-0.1633858608448569
0.19670970234675733
0.15033790222282659
0.0868283949822248
-0.14395090884524792
0.12135466380860868
-0.061184213534827295
-0.12935239320483394
0.11721132013394298
-0.10932084225676657
0.13572635936875355
-0.11062389497921721
-0.176658583857809
-0.11776427800278177
-0.12432393441121055
-0.1514714733981351
-0.11699522149952801
-0.14123398119113134
-0.08892134673824875
0.12439748073275138
0.13803058822852776
-0.14405608585145216
0.18269020305062877
0.19174199833514127
0.1537197458577878
-0.08342915821427412
0.12564108797564144
-0.12039266497764411
-0.14172127515102728
0.21353430558372785
0.10354672402533747
-0.12836065972347022
0.15967183001276442
0.11819943988261555
-0.11345219775787174
-0.13185430197891812
0.13254872145534394
0.13597556451085024
0.16809876832520065
0.13498664407809807
-0.1608595444618257
-0.20639821915315915
0.10907197171638798
0.12400883249877365
-0.11243516454829765
-0.1453365119188329
-0.15388644850897837
0.19089001847840903
-0.16764454377768706
-0.10045780427774242
0.09869286967237162
-0.1621939528251358
-0.13932810476597202
-0.12915200946862426
0.08917974273914347
-0.11371431470644089
0.19163625230058512
0.10323787503373456
-0.07605859603591546
-0.1691174868647504
0.14969606401324728
-0.1888944448796892
0.14460659011954297
0.18216846207174386
0.2558544742535085
0.16612816293709692
-0.2234030583964287
-0.08686887969625118
0.14363004729946974
0.12009061193475973
-0.13374154639143654
0.15114455906583868
0.09214851436074828
0.12451898406546638
0.09831023284118671
-0.12283305585694554
0.11842145648745502
0.2100790236128178
-0.13544774478015215
-0.15135573392036172
-0.13474679856770913
-0.16842011395412326
0.1669621695106313
-0.12024837010956366
0.09951765300203981
0.15024085506691418
-0.14509905635758086
-0.15300442868201947
-0.13271400927859656
0.1364294254009247
-0.11166527258833331
-0.18305045022769922
-0.08949223848409793
-0.14594163399452537
0.07606959146230696
0.1793716804353309
0.09863772643545816
0.1262234873054637
0.17346386545106246
0.14767971703620028
0.14437373930669023
-0.16144889713974342
-0.13821330794614145
0.20551416525111937
-0.20062273327654598
0.14716924051571956
-0.11740745686274041
-0.13133312925645696
0.14312101230931176
-0.13536249495370362
0.14383905417819193
-0.11522670404517286
0.10485016791406337
-0.1595771255531114
-0.09150163050824459
0.11236060889636589
0.23812542230624834
-0.12349163261934934
0.20582979159271497
0.21383280466327348
0.09244228812537471
-0.1308187897465638
-0.15471513574651935
0.13735410011519983
0.16601420258114233
-0.11127705450431313
-0.16038695246198015
0.15112832931203718
0.12413819244915876
-0.13375717555214206
-0.12210735651276071
0.09693478232440148
0.14558247031842664
0.09444897904351235
-0.1339512114925148
0.16922393953897355
-0.22768315913789303
-0.09741343843783985
0.17411088800457514
-0.20142463587918732
0.10146783027202065
0.12982906467549496
0.08785769558746163
-0.12184065441422232
-0.10869808936658432
-0.07519370974072034
-0.12021477732217162
0.14824762268250902
0.21763964369305097
-0.1263605069117008
0.08788052086246609
-0.13298852900902855
-0.1465624712522861
-0.06498809365065968
-0.130520640358328
0.03584691375021976
-0.10638664191311405
-0.09959746315316757
-0.1264954575572241
0.13705785005542018
0.12067779443560825
-0.14031743811843883
-0.1283260154157519
-0.04946833599228763
0.15833084602951597
-0.1281956726274521
0.1413311938541143
-0.16576162226627508
0.1297441388403222
0.1514658086404473
0.083769778772968
0.16747658793291298
0.12570223549969956
-0.2042095912546861
0.17508201950054006
-0.19400747207376787
0.16768078466412906
0.16685785923562363
-0.17888561752058904
-0.11176534924178624
-0.18001223097131228
0.13225606647647833
0.12506705908938368
-0.11945489019735331
0.1602708788550653
0.13140364262153087
0.14554522712996398
-0.20054546311796234
-0.10241404465403108
-0.155601995260065
0.15346197335714207
-0.08901750325910553
-0.14708256282989024
0.14300665179956384
-0.15521096285668748
0.16138019391685748
-0.19080191996915424
-0.21703766949433223
0.09998108838244305
-0.09395687202103466
0.15144543628492932
-0.1273132217943771
-0.08886840873394547
0.11340320420599599
-0.11261305195446135
0.11012489096089546
0.13669353590061495
-0.16716583259165907
0.19756372025182942
0.11544857674154207
-0.17299613319185111
0.17428108887296664
-0.16174576103033708
0.16740815624443492
0.1374402346077428
0.14447925845538148
-0.18849246746597395
-0.1876695035352377
-0.10507379705366066
-0.18245088595246395
-0.11684469902853867
-0.0911386165561108
-0.1341087370822018
0.13040525750038318
0.18078239524344056
0.10891161510011786
0.11150059119992614
0.13608009312924624
0.1126942444426662
-0.11242557688557472
-0.19894530596907622
-0.13431458563905024
-0.11603185553977723
-0.11757386703644274
0.12150618026708661
0.14474970152135452
0.13365973955616045
0.23919425712969536
-0.13177924072515848
-0.1939658633228833
0.0984967807014728
-0.10817838990313502
0.17916069314940566
0.12573958005518318
-0.18215205981400828
-0.083950800414929
0.184173941551506
0.1726968745598165
-0.10303952342961586
0.19013422670721794
0.13420479624954096
-0.08490277933545254
0.13888760491844035
0.12819688909451038
-0.15614367389790612
0.13136707135027123
0.19729926909595638
0.1596319601947164
-0.08217732882600211
-0.15057464318284738
-0.08274948622915435
-0.151354167566368
0.16253843858821926
0.21854271562519673
-0.1450856181625783
0.12555541008428778
0.14140000159721974
0.16304146651127618
0.16871597978799785
0.15852129666478637
-0.057564111135346194
0.11541240825783142
0.09171438550236699
-0.16182724749652533
-0.08176318378044029
-0.13252904177922958
0.14254822746724288
0.14189654874766625
0.15618435046498114
0.1912579260150835
-0.07004943636999722
0.11968145975212077
-0.16558944703879866
-0.12253135007365742
0.12474306229306384
-0.09575222047690012
-0.13351901710980627
-0.16531934612397575
0.16117994660370807
-0.1066258576780825
0.05803581549388666
-0.19042367798628415
0.18515104396013596
-0.12693292544461446
0.13822111265933246
-0.20604617061632874
-0.13575807272195417
-0.11642241257927237
-0.2471025830348628
0.13723082530703354
-0.1780518469427656
0.19557129538807083
0.18027589353533907
-0.20370930408857663
0.19995853423449458
-0.2430368369272235
-0.09898608304456978
0.11580172270570868
0.17582140482138808
0.12184908253318265
-0.12244592442521772
-0.2562252633319865
0.2357305505751263
-0.14913400731202742
0.13958831388226384
0.1027239588780708
0.14919683194996863
-0.14544624203732612
0.13475097482235493
0.15879678074630343
-0.11965432681162617
0.19768682815707356
0.1673133936823195
-0.1791088808110005
-0.13056979486070186
0.18254633631126255
0.16784043050230663
-0.13900505974129904
-0.1200772807210038
-0.10449551260519449
-0.07728496386675254
0.14445663227513628
0.16093213071814666
-0.1374178633788869
0.14098945781468591
-0.08474901047789432
-0.1403053147722605
0.07193754464200652
0.2033377979704622
0.18870082224541584
-0.1526866070193182
-0.14940789173426297
-0.1503713486576348
0.08164098101015038
0.11402756346701282
0.0936887000216446
-0.1418016761696711
0.10739658086862938
0.09665637198815691
-0.19053830024359386
-0.14104258117931484
0.16230631599285222
0.11393625123447748
0.17506620038029966
0.14890098113224542
-0.1001910703211166
-0.10058974775878532
0.1713470282511434
0.10994393233097298
-0.0850203042581969
-0.16898097592186895
0.11276710119983409
0.12661517386596016
0.1926755501089142
0.08128359433037363
0.1609097672388068
0.18067719200778737
0.158776034855148
-0.08327575329674507
0.16344352887394153
-0.10399206320228527
0.022837658499076232
0.17591812453660843
-0.16008787652546855
0.12816804208492505
-0.1024185706883183
-0.11400251790481564
-0.20897995206856151
0.14378750295323847
-0.1663053214099213
-0.21443674055528764
-0.1944137656530137
0.11819126562199588
-0.12544660220634207
-0.11875370020020413
0.1813645778267418
-0.1295507141129661
0.16343749253172932
0.12739968447544203
0.10149357774988546
-0.12671866591968411
-0.1932799292290267
0.13468719369333126
-0.11513929397108974
0.16781486412388327
0.1090291129209889
-0.125539511851755
-0.1656281851937318
-0.09255237545945938
0.16243464598829727
0.13625336409932298
0.15299924824569539
-0.09990040208502717
0.21063678194023888
-0.14761879465585612
-0.16885202709855268
0.14314375944564228
-0.10137563847275868
0.13569921979878186
-0.16907053689162582
0.1317685186939681
0.08048581605019654
-0.11786015783715567
0.2168805631940838
0.14629852904863605
-0.12718959032055216
-0.16512700795490867
-0.16063657557146996
-0.17400702942429103
0.19813127985520868
-0.1990435281948759
0.12380794254340033
0.15151163170109622
0.11507592648056943
0.06673838957786234
0.12242502969931705
0.18167847253490588
-0.10867085580794424
-0.11421523336822838
-0.17309878465867062
0.1640881473226128
-0.14657391614924406
-0.09594918343992874
-0.214488777169451
-0.12666401483894538
-0.09222137066428451
0.13657622774642036
0.20544744627137584
-0.12133091872688043
0.18599929423224898
-0.13612178621711177
-0.1290134281994344
-0.1995924796774352
0.1654941465421253
-0.13788216295241115
0.15137514592476525
0.1229182018198785
0.12020358866768538
-0.13334657356016302
-0.1588547215370702
0.12672403631730386
0.08295906722640595
-0.15333129023779915
-0.14219433153767014
0.1553663676046394
-0.14874333873953985
-0.2035821845600616
-0.08318696528393615
-0.2124837039921188
-0.1220587922296815
-0.11583366286719902
-0.15619937073584977
0.15346703628182046
0.11106931287787912
0.10847021432280671
-0.1150912784136392
-0.07563090896750113
-0.12679464852692962
0.12480172826670093
-0.1483986499732887
0.10158884265155137
0.11995540313560801
0.09473783839143925
-0.13661766142840773
-0.08546559726303783
0.10763653338207384
0.11681152067135558
-0.09722267118443123
0.1291214026080246
0.12094208315571113
-0.13705076576258907
-0.15308437357093907
-0.12549711676458541
-0.14561564515770392
-0.2580428823006635
0.14570329171485608
-0.16739290640115168
0.12394273378256425
0.128443005159896
0.12929561656593308
-0.208789575537916
-0.10927095020168269
-0.15301925215439952
-0.21134157056486041
0.17235779816664826
-0.20269678931742235
0.1311728803907928
-0.16847729607779574
0.11538019023432888
-0.1332363115612954
-0.1133718620143166
-0.21404447305088478
0.1741291999753403
0.08889676404956719
-0.10499159708183389
0.08639965159223091
-0.20034486440821248
0.14280041334792895
-0.1622699105098528
0.1257658197343729
-0.15843479408466726
-0.12842712326150849
-0.1836906415418722
0.09033238915802613
0.15661643889692378
-0.10553046981940926
-0.11425126237631522
-0.1553207297463563
0.11826501609258551
0.17601194354897814
-0.1957175068002826
-0.12142559296332435
0.1926033153809904
-0.0856064637634688
0.08407696303649498
-0.13917215507899688
0.1785484794451269
-0.10343305056161634
0.08460481051506083
-0.16842239770011402
-0.17121845449248688
0.11605176530181088
0.14812514748642494
0.0988292024802408
0.1296900270147454
0.0946335410291885
0.267458516775866
0.09231914107478607
-0.16513272667801976
-0.1439027359792829
-0.06968117398910964
-0.08293129867824142
0.16667886023847983
0.22168855127715906
0.18604999060034855
-0.1350949399828847
0.09267220078415223
0.16525256182263048
0.13110444235326316
-0.18101346157982165
-0.1317467219638304
0.16832689403616793
-0.05987590584150989
-0.14394218422932303
0.18029808233327763
-0.13169890466162157
-0.129563697342207
-0.14099553427427428
0.17261376384403831
0.1876842276428894
-0.1887432667779587
0.16912344913349983
-0.10990160050603515
-0.08867733909139673
0.2386928666599282
-0.19360275632671023
0.14661516694550686
-0.17312093856334654
0.04860184714558792
0.0996361715988492
-0.16652252993201339
0.13423343639668295
0.1155353397917235
-0.13448062306654915
0.16208571466639435
0.09142651158970252
0.1343174935342908
0.1394017485871735
-0.08045215011667062
-0.14270851055192077
0.15140569606211393
-0.11453434616827957
-0.12832472701050723
-0.12320811447486195
0.14575504519108978
0.17424508520181636
-0.13943597023496487
0.10449436269039782
0.24705501391374
0.16313386633011998
0.1831236467400601
0.11978533772324473
0.14297032091163286
0.13198111048554848
-0.17510873439451533
0.24452319775733458
0.15175478996301156
-0.2016529514770816
-0.12403995620386508
0.1968361512789325
-0.10669251055231349
0.1083789193116686
-0.17296419686358547
-0.14234940554544642
0.20304569437363063
-0.14158217953311691
-0.13357146742553747
-0.09086923072364379
0.12036966001949868
-0.08859848641197872
0.13525859542014323
-0.10464280369915588
-0.09467768297353983
-0.11864368208512147
0.12081420386156831
0.11286884224541917
-0.1350927451917121
-0.17082412806819527
-0.14313936994150492
0.2088747005148202
-0.16812872349565963
0.10862306365183734
-0.12512210634580365
-0.12310959744615928
0.13049348916752876
0.22240779315603817
-0.12266806692797677
0.1603436307553833
-0.1527063037167148
-0.16839537964211077
0.13161520557264633
-0.12514008248543104
0.1288209328298426
-0.18711155185525197
-0.22308284135339165
0.07089755773558744
0.10565365223037815
0.12189210627849362
0.2196267925603063
-0.16076193542353895
-0.19102754607073438
-0.1107138765962486
-0.1589599364322959
-0.12785607010104952
-0.11113703539244993
-0.14337542381481272
-0.10282477246116639
-0.09079546727318225
0.12115751297602761
0.14635423543795037
0.10045607171799083
0.12348751485353844
0.10569156521315498
0.09254600269050649
0.1489997530588856
0.15144905319644103
0.1291774993557245
-0.1527290815940795
0.1652669077762878
0.09596779069778229
0.12392949514693738
-0.11250321273707742
0.18606166733937957
-0.13544155910256547
-0.14311459343182775
0.0984751980390713
0.1624077948208519
0.15510656031483094
0.08995676956140898
-0.11087352958054301
-0.15090947766609236
0.13898671241337746
0.1228525242762019
0.13418549287023024
-0.1066984432178408
0.1798972109663417
-0.10580631616202019
0.032345797193061514
0.14361900366988586
0.20296619985513728
0.2017986360442517
0.11310625790299492
-0.1826900029112561
-0.1502159018218366
0.11933988398099818
0.1297444139514612
-0.12833418105552402
0.23309520227949151
-0.08261747232524744
0.12669852734802547
0.1076157403156301
0.15958851338015034
-0.1170719261904338
0.14421948226810669
-0.25695689253563864
-0.17425713208957438
-0.15575923595177749
-0.19924631199413884
0.20871175066224312
-0.1029790699423725
-0.11808739547098933
0.10978105972144366
-0.15147070264358337
-0.13211006699238464
0.15937791430679657
-0.12979778192431998
-0.09936193926890151
-0.17124537313465588
-0.12779524221303476
0.13885227188232607
0.20725709437484735
0.1474464491189242
0.21090401884007426
0.16577755293823768
-0.09755694080987626
-0.2427497019316493
-0.17571099636819232
-0.12087484071299645
-0.04673826607458789
-0.18095681779482473
-0.12655723752629042
0.16062488108627593
0.14322424245056772
-0.12332652943404662
-0.1691864280439992
0.14288355324136007
0.18258970334636837
0.1868254436698762
-0.11612495571567392
-0.1686407182798299
0.1379448379600881
-0.15209173785770858
0.18393264220640987
-0.14713974214774386
-0.16124449605068136
-0.20628197717595148
-0.16404306630210572
-0.10032901753167002
-0.1604533410885547
-0.11331045648009144
0.21781144600716684
0.08747296973625707
0.11143365581916928
0.12398905363277803
0.13019189593382038
0.13605404349616537
0.13593409812493387
0.1431454157736392
0.12044623463018686
-0.15890741538168968
0.10004762875428246
-0.16045646810117406
-0.18016523083274075
-0.08708171385093631
0.08330360673286574
-0.09949753532121419
0.18579173261742093
-0.10912579997518722
0.17687629859871912
0.13066835084437353
0.1540356949530534
0.15161878423890077
-0.2123637314071123
-0.1678826042110231
-0.1290268226773635
-0.13180628968523087
0.1300691705772316
0.2042351886074298
0.09606717144469212
-0.1323665636326789
-0.10658463989863982
-0.05410186067304761
0.0975321279677706
-0.14686089887633638
-0.17718473499130974
0.21223600480036908
0.18798624482350282
-0.10662465770857835
-0.15452868337622738
0.0999581879256174
-0.1606830577083492
0.12645528178393817
0.11275891723338474
0.1270821096665321
0.1548208801087834
0.16766654728077346
-0.2626283595504878
-0.1417024503857101
-0.0817004469821837
0.13315561210467058
0.18106055112725505
0.2178339154143936
0.13380718031584998
-0.14596332663308845
-0.12777778455305996
0.15978450483610537
0.13053298360287457
0.1456407493384353
0.08898784241179084
0.07000101657986957
-0.1514175598883887
-0.11784286541942894
-0.1737403157961969
0.11413809684952232
0.15420291157587243
-0.23093966191748314
0.11178147399137325
-0.1507309802472212
0.20519714872201802
0.11093897318200314
-0.1591930349434653
0.10950561279876042
0.20191885315895072
0.1872184785666187
-0.13559126608761285
-0.18435146831638133
0.14751783278644096
-0.11215720310150823
0.17362683870331436
-0.12013943175374095
-0.1705519120602393
0.13812100692480833
0.13131834099149733
-0.036871889848718545
-0.1214185336406259
0.07784865885296202
-0.13125924129490907
0.21603449627357946
0.2568432682488194
0.2195260866065756
-0.18175998880817773
0.09186503718124908
-0.17685042158605807
0.16199400501884764
-0.10041251425657283
-0.08644728652338704
0.05340682424935753
0.09134834434966832
0.09301232593847
-0.11538015601472594
-0.08394149379107776
0.13465918646071245
-0.18721300853691214
-0.12284551721136303
-0.11615866357205926
0.14920736283141472
0.1394851648525168
-0.1592699887688868
0.1590384026328522
-0.11666208088739782
-0.08242057757943326
-0.08860505595378765
0.10010994948918475
0.06898996254075059
-0.1798332630734073
0.14616015142712055
-0.17977809395739736
-0.07808256140889666
0.09988650846130569
0.13520587211747237
-0.12850010586957542
-0.14940105219502475
0.18436982598462742
0.16629019744917567
-0.15117911735355144
0.14557991602979564
0.11194721461133035
0.14832821649376107
0.08299037119175698
0.10500961180665067
0.13665301788355366
0.1162359717123956
-0.13299782105365152
0.13606480127740697
-0.10081654373139234
-0.12655209114419824
0.13921142767466657
0.1623760156888957
-0.12341272156177496
0.16849609038072721
-0.07330695006409199
0.06017791477723379
-0.15442559038282255
-0.1747459103514396
0.16368035354339794
-0.18529976708406823
-0.09893731293351783
0.14621357029696286
0.1718583589629071
-0.1131269960124966
0.13171230148616575
-0.10920452904578695
-0.18514886050534407
0.08553786294846684
0.19043416943260472
0.13635982477641065
-0.07571621645818344
0.14816240872063746
0.12323086184239447
-0.1556502790787086
0.14080460161289177
-0.09510898310944671
-0.15468577261935684
0.1392693740161145
0.09893977182287311
-0.15313975922819156
-0.08399800101379927
-0.15830032238232467
0.12419638732894805
0.16956908743618265
0.13856723865994025
-0.1421768102838088
-0.15372931633394116
-0.20543104105704468
-0.09284682603523789
0.13632752967031259
-0.07601137852778955
-0.16756554077590835
-0.17248768837551215
-0.12936576165435926
-0.21956016379443277
-0.17667016451596307
0.13811375879414944
0.17306834584696218
-0.1364969604536143
0.13050936540832056
-0.09797486018981426
0.11773078394500523
-0.12559217732161726
0.12338007953758307
0.11018228948233823
0.1694398346556919
-0.18568975497513954
0.13824088409864815
-0.2250626062958721
0.1441357093048971
-0.13200469759220756
0.1179976973395592
0.11981565696766025
0.15587857252500176
-0.18482267481883177
-0.15415317765075914
-0.12436883177133208
-0.1451014035554441
0.1831446989535734
-0.12126567862316466
0.1807586118533992
0.07890231808851697
-0.20552429974567932
-0.15310435311965226
0.17287698355523978
0.1866745036577594
-0.16215380410720262
-0.15932200763459917
-0.12608834406812908
-0.11460303801828772
0.1418758848711216
-0.11781296291181459
-0.13574749666027694
0.09683931355337061
0.09584999410791564
-0.08775264936334853
0.15042842298590195
-0.15993129308392065
0.08192981983925691
0.1427993917319583
0.18717673640250496
-0.08727222274142617
0.1318982407169963
0.13649112320456275
-0.08178228667404733
-0.20873665841426473
-0.17205731587937698
0.12907778949429927
0.10133802708902939
0.17982855427064776
-0.1548830255561411
0.1518516603915679
-0.12056968405095357
0.17702591328499723
-0.1301389636061064
-0.13144893320889653
0.09694098779684165
-0.13538197565028182
-0.09133121540074815
-0.13708773296955673
-0.15632348173252406
0.10312014996141095
0.19136995478520985
0.12407141700541365
0.11262063159359165
0.09770987192180755
-0.11803979019816938
-0.09219535185799421
-0.11955623976221173
0.07895335671041942
0.113392366365547
-0.08847095244518503
-0.15957522726202
0.1864596221410188
0.18185243736436715
-0.1071672181879887
0.11299359305191925
0.1091851143173088
-0.15334355144398937
-0.12606149844050338
0.13501495298222527
-0.11350525593493749
-0.13692319494674327
-0.1562739661164677
-0.13458338500480105
-0.12535481807224025
-0.08994127087471537
0.17156597402235374
-0.1513408877388338
-0.12261277486039371
-0.13309262711197764
0.18836334471872193
0.17739287175303006
-0.07213249206815332
0.11616665276476516
-0.1608632973995732
-0.17182752099225712
0.13730330337207636
0.12345807210388104
0.1558980978973245
-0.12542496027597078
0.08999175197690103
-0.1846199796715792
0.17166154680734072
0.12066241663185451
0.09042011929365204
-0.088940157088105
0.1321005188956285
0.1444377367415744
-0.13202908329544763
-0.10854463946634138
0.10798506148423291
0.13388896481890117
0.14076109112397528
-0.1734281529236974
-0.14597280798678441
-0.22051413483181365
-0.14284460730269177
0.13474085092098267
0.15415230050899043
-0.12525733203154385
0.07354570480151952
0.24933077724692757
-0.09696536305315984
-0.08606564035488046
-0.1777641833284512
-0.12525591619663087
-0.1835133776268122
0.14654051013471042
0.21193841474623312
-0.22203597736249628
-0.14312818165126634
0.11771343038779133
0.18212800063823065
-0.13251227197138463
-0.09109584599124701
0.0853001484829095
0.08602488254216317
0.1435489791789718
0.11118542060083343
-0.123093589486045
-0.10203869924044304
-0.16049639594931728
-0.1332492140191081
-0.1513042567923209
0.09282713178142353
0.13929486329907156
0.10305558935014975
-0.12422151267581866
0.11955901934926068
0.1247946290798388
-0.17171718681304943
0.14993565175575313
-0.1013718451612012
0.12749935099319232
0.051904433109642246
-0.09636335187399281
-0.12716983547368854
0.13366415354270575
0.13752797700411118
-0.08278953648778127
0.18281517925130725
-0.15736370710191486
0.1033434011497765
0.13853971211621727
-0.10708070765348597
0.09660216303154777
0.12026584250815603
0.156068073751833
-0.19490654297783064
-0.12454791909236412
-0.16450621119226086
-0.1409298956653154
-0.1269869958542671
-0.15270992806955783
-0.11340976972613234
-0.1259512110101619
-0.19671186874217128
-0.15189804347854421
0.18012710953629857
0.13909092387191632
-0.17027961477971285
-0.16885565085290033
0.12327868602088426
-0.0732336099934506
0.12188264896892334
0.1709498071995971
0.16844693558648188
-0.14139177794927507
0.13593614546053548
-0.14791668736278316
0.16323644790772757
0.1388149469547333
-0.21720705847682803
-0.14567385088101792
0.1128050643394661
0.19107218063978074
-0.13085063504791195
0.13525747149996287
-0.108024863786099
0.09657297430462913
0.12568939102665005
-0.10203344268706915
0.11018110587932253
-0.1479842769793845
0.0813393855372296
0.11943812140567522
-0.13487948117254628
-0.11186670375823551
0.08722866474785562
0.14507708860743726
-0.1308999767421947
0.14579693050144107
-0.0993913607501875
-0.10477280607774342
-0.08222220856386903
0.07652829241022727
-0.1613932306685767
-0.10400907532412185
0.18770576534824845
-0.14762442802267578
-0.08470339302694985
0.11965852469249218
-0.1521531591732057
0.15643170868345435
0.15352452013572893
-0.17746252518783637
0.1476572390575216
0.08458005269230409
-0.07619385352220773
0.07820951979283267
-0.09850893718332696
-0.1549860417905588
-0.1275691413200708
-0.14500865996843906
-0.10383430618991615
0.15626435062909727
-0.15531889246681524
0.08357882120578475
0.12402716073705869
0.10684320566121143
-0.15457232635175044
0.17063860452115906
-0.1431696453181116
0.16596156234581344
-0.14606531028439484
0.09226811614589431
-0.10485030918741228
0.14537177204801463
0.08771550206403333
0.07656122485655183
0.1592166641570451
0.14236440287931168
-0.12903105562816622
-0.14403411715701964
-0.16313476775796354
-0.13224368182773788
0.19520625596367178
-0.10617799897839668
0.1294006951807253
0.11275165104021989
0.06447771562276242
-0.10810723134930736
-0.14622186142314236
0.14888100398233495
0.11933529568927555
0.15584479574396665
-0.09891064530081223
0.1403252733118982
0.034255701135816316
0.16448577616323018
0.19229135375382894
-0.14107687948357273
0.13452140510148283
-0.17309103812501697
0.12015152862778233
-0.09874029073787272
-0.1526596320500922
0.15584180773668094
-0.09282663890890519
0.20238966763003574
0.07663236681618901
-0.08717947821719477
0.279917768450037
0.16562880257895268
0.12756302326410118
-0.11813192303769829
-0.17370912667088667
0.16933109974655133
0.14768124162570428
-0.13431495057562673
-0.14384788702159942
-0.07750186990726647
-0.16514479584112746
0.14654325603212578
0.11996415014667809
-0.16275690774228815
0.09894682414240841
0.08954647290671484
0.11930451195755803
-0.13466146054557251
0.16269856753092324
0.15376794169077826
-0.10231408594359416
-0.08979140745865258
0.16423175487772174
-0.17570927062432204
-0.16304423362092987
-0.1773254344779864
0.10067997657455921
-0.20339410025720817
-0.15423887256199648
0.056207478038159994
-0.09844322376824385
0.09786498865733287
0.13628583032809924
-0.12872762614063646
0.1684031342132164
0.18384408795076457
-0.2142474675965663
0.14081179021521142
-0.17320003205445694
-0.12163340150436742
-0.1298105407320417
-0.15659896065328124
0.15957314790688018
-0.1454440155589506
-0.1360130427090876
0.17541543417375216
0.2227224215134156
-0.20683644235424747
-0.11389047656624435
-0.15788455801830142
0.09034999910934674
-0.14827356661141208
0.09256193519434325
0.19922030547550723
0.17184790654760904
0.1319879951021756
-0.0821265579291704
0.04946040831834772
-0.19451321195751003
-0.13442321381070893
0.11137751697255435
0.16822521110399113
0.12086299837148272
0.17294145408874972
0.19171837846206555
0.13180660124668256
0.18971908939799745
-0.1449912984738471
-0.12247728365590199
0.140369361342158
-0.17921483855896567
0.2144480823631005
-0.1281063617254094
-0.11050672089121656
-0.15139394418795277
-0.2019709556443195
0.08436639716345715
-0.13136341334830234
-0.2046584180271166
0.12720339484214077
0.10294067038656841
0.18332059458774352
-0.12110392837951066
-0.12578979501460297
-0.16496682036519045
0.15180180034485566
0.08670059851697798
-0.1442781344936643
0.165573426769934
-0.15234804128993415
0.13957604569202414
0.1164058807975352
0.036183005896999625
-0.1613598297339735
0.12021751394072669
0.1732419537935745
-0.12980314506584623
-0.19035653204432826
0.1331389080102723
0.18425239978361613
0.1691891884668354
0.14990183233035204
0.13005766987234352
0.14061040602211722
0.11787830676203133
-0.12480775892774287
0.16823231509668066
-0.1255589725223185
0.16506433200748621
0.13149463000116593
0.16061939272035974
0.1525560956498509
0.15873794203730746
-0.12469958618133516
0.10575518440296078
0.18847040053421352
0.13189126104280396
0.21828934744663758
0.13210385382164944
-0.19085154886063355
0.1265701052877003
0.19224523818822198
-0.1807920597971472
0.14522850725149572
0.10850801966744786
0.14157465771040337
-0.10900862071437305
0.14740123009898695
0.13709096367425738
0.08660177431257256
-0.23602586036604323
0.2638832085238318
-0.12832322055871243
-0.11309016198950875
-0.12342567738904621
-0.11187171943391412
-0.15259057796867376
0.11116213219606697
-0.10758588138241207
-0.14671950161703992
-0.1624742792889304
-0.14573364183678433
-0.16561880511736496
0.13287385671906723
-0.12111118070254644
0.1146559326961635
0.13799368568877235
-0.20350570226499703
0.13601725614908539
-0.1516103438992591
0.18947478538828788
-0.1485970919563708
0.13354549601174642
0.13946739292927005
-0.14072733803238935
0.19299748984151507
-0.1933557699971121
0.2149831764691754
0.18808846857271824
0.17287437293252336
0.13904624191591788
-0.11972515294000843
-0.14162626619867547
0.11855545902259468
0.1662898133964903
0.15000414292672004
-0.18973916978541866
0.082997026184174
-0.247070988852394
0.1308694455981836
-0.18902862681918434
0.18168006043978632
0.14722458369786728
0.13750335727210192
-0.14731033494892742
-0.12431649515836099
0.15955297606335855
-0.1768658044490603
-0.18127785744482464
0.1266196665196454
-0.18292103392753029
-0.09245108870213453
-0.09381448735007
-0.12382444196454541
0.12117607525150134
-0.1845684038046869
-0.15517160816717557
0.0848548905098161
0.16384727873325156
-0.07633772829670481
-0.22051803243140713
-0.11961777132236845
-0.13353539537781317
0.13577944641574535
-0.15342974524379221
-0.20740684832308726
-0.18512323071772063
-0.12466665069234695
-0.08255431576057587
0.16791409276604952
-0.10589747209959352
0.16564626031100088
-0.15142765739190742
0.17840481802901956
-0.17072250619292578
-0.1234311442784648
0.14152016091507985
0.1899053046844455
0.13448040000734757
-0.13046157099627212
0.15894044770608978
-0.13462606390705484
-0.1200960188366549
0.15469738883663886
-0.13806561154139094
0.09460910641241263
0.09737924146256856
-0.14654496125438682
-0.102150521685452
-0.14970772410698358
0.12089601743989113
0.09499101179310464
-0.19195770325699404
0.22150460976573738
-0.20853150928884973
-0.1755169692071245
-0.11033575458857783
-0.08574466017089494
0.15127320177233983
-0.09974056908931675
0.052320367754059474
-0.12146733756847101
-0.16072851502004765
-0.1937225081718802
-0.08358800669622488
-0.18283757044940516
-0.2068985316992711
0.1600913477212404
-0.060852630985342736
-0.12071034505712203
0.1388296617356975
0.16779219207177376
-0.1727443193436719
-0.19256369541989826
-0.17511758599116684
-0.12096259143184684
-0.16929582676850177
-0.20738999236775518
-0.07725910698381913
0.09579646324609328
-0.0910428241917707
0.151807209123098
-0.20377856754660933
0.10518151984190069
0.11467384533726233
0.12437442160858009
0.14681191259544987
-0.11977742422255214
-0.142429380849256
-0.13806723375807956
0.10349921285799805
-0.10114130701114699
-0.13683697606837433
-0.15010150423807087
-0.08930117826675776
0.18883359287062507
0.11608376455141065
-0.18549101791466194
-0.11996860125527056
0.0494189938856688
-0.12854322472679067
0.1258871115682186
0.18724623155865333
0.1384041168084984
0.11270438873721145
-0.10662793472729805
-0.18491626763871644
0.19840277466756812
-0.09723261651458688
0.12440914991639054
0.1528633093899808
0.17882006885471577
-0.15099404561195767
-0.15880309213285868
0.15161429952520883
-0.1673625673596237
-0.1561318921785815
0.16272940500331817
0.163228850813669
-0.1428808635715696
-0.08000920326642003
0.13379537312210235
0.09372641208442178
0.17436113884368667
-0.20833404063041983
-0.09941735981127767
-0.11526111696029219
-0.08078942055855695
-0.11413612783480233
-0.14403946047911578
0.08656651350265801
0.24252898724654723
-0.1650698911644421
0.11810921250974565
0.11761571995928148
0.1680349473259894
0.18991465024282175
0.13963853502576876
0.17385806640066287
-0.07727997874222645
-0.10928741240232909
-0.19855727648905694
0.11724431024371824
0.35498644267983903
-0.12777961202320742
-0.09924965726454427
-0.22222086539058328
-0.15518191025971428
0.156753932598381
-0.10766257790764283
-0.09512256518835632
0.16235971197476942
-0.1387252573474755
-0.15217070149534778
0.15070602980590556
0.14343545046649792
0.09722393467495839
0.16023675745030633
-0.1644032408682227
0.10799511577170931
0.10652843616679485
-0.12269851931770061
0.1482578543924572
0.1518093819736013
0.09434832874751733
0.18276276396229924
-0.14766514189299385
-0.1250719634211231
-0.14338322703075518
-0.2271584821792343
-0.17890786635419015
0.09469939837933616
-0.19266053446522596
-0.1014891611862887
0.04434926967667727
0.12093883037860169
0.1301520602258075
0.10417438799280294
-0.14320281440335794
-0.14512328498156782
0.10960577703537452
-0.15736601796645244
0.21054890615128774
-0.14250517954205139
0.09606699601246217
0.12209212410816356
0.08586079824837534
0.1488207456262084
-0.1330011500150603
0.09378606008168314
0.13843006707826733
-0.15350009654797525
0.07448138101333357
0.18478063383571747
-0.13527349646890505
-0.18039177327030537
-0.20402951551563542
-0.12583019767448422
0.14623166628750908
-0.1298860391154562
0.12829384822404308
0.20411349708870813
0.14322956114816165
-0.17516081540563513
-0.07084990173011557
-0.14347164210715518
0.11971928216292804
-0.1362625476425504
0.1266340269844067
0.10578998184419942
-0.15015404041598274
-0.1391772032265836
0.161114649747846
0.13613636538085105
0.10591862428880472
0.16237340019964377
-0.14838943873854188
-0.082256031893704
0.1925028775480251
-0.10268331793903986
0.16369107002732108
0.06286969329676628
-0.030531300386935165
-0.10060603696201798
-0.1704532965292543
0.18147040357515667
0.08577273899031876
0.1999597436000142
-0.09902134688338896
0.12672149277396744
-0.15835272852429533
0.10909754462295267
0.20890593515137248
-0.18382574298198662
0.08435404147630562
-0.11866841214322595
-0.10135141744530932
0.1231946508996743
-0.15241940317001626
-0.06968324857403821
0.08325006224243059
-0.12662986644056543
-0.12523680981010296
-0.13395344697155445
-0.11999287688747659
0.19606523542824492
-0.1467439048317059
0.22747942204566646
0.1311909757941216
0.0962535065766402
0.10802024450780814
-0.18223867533803262
0.127862424119682
0.16483572022050486
-0.1413679174966516
0.13977607997049146
-0.1207829554955649
-0.20649101467195524
-0.17065089894127175
-0.18372011230214544
-0.15210406900057644
-0.1578304474596139
-0.14105476593700758
-0.08460493297910619
0.10005793846199129
0.13434002496075076
0.13825369443132457
-0.1711556260487051
0.07539145493264199
-0.1738238101024176
-0.11876428792945405
0.1327826051830196
-0.16818714807773527
0.1052507622716475
0.08602090369439581
0.1448779319952594
-0.18134492753426212
0.10904211837990843
-0.15120378896855116
0.1832914645633098
0.09348560353710177
-0.11270589667789312
-0.10151182016929194
-0.09938246366185921
-0.12415895124535828
-0.10426727859291371
-0.08935959533305433
0.1805485625721252
-0.1435436816291941
0.14002994674186298
-0.13208236418445232
0.11334549739656252
-0.1431134185962357
0.12576678859041274
0.12994105340000656
0.16763835447045106
0.1517731242335176
-0.13599857276738506
-0.09367044159062848
-0.11785504161602142
0.15992673804664587
-0.11178553518618899
-0.11216602560694985
-0.1738640586532612
-0.0886946520264695
0.19108211487784987
0.1430803526642724
-0.13033514490886178
-0.1977860544798059
-0.11343956439398203
-0.17687053585291485
0.0830463226168536
0.12719467755615235
0.12649890054924792
-0.06707745865996792
0.13742429012990437
0.09806673784531754
-0.08692547632403592
0.190659504488957
0.21765743777121668
-0.12514257908262974
-0.1324303659239212
-0.1758220791022392
0.15820832515210298
-0.16871134373986355
-0.10707126156005939
0.169907721665087
-0.1532948570638292
0.10118712615961414
-0.10394667759626496
0.13800002876393644
0.11396233121133317
0.10083255738277123
0.19444719726638604
0.13353871856232896
-0.13185940952912895
-0.08597532637321156
-0.18711580274586675
0.1328730744369566
-0.1198470079568945
0.12779021310352812
0.19307443466959942
0.1337148371473055
0.14057822713819368
0.2066886983537884
-0.10059956069477911
-0.18702894846067783
0.09868708029124268
-0.14047977129673825
0.12914956768233848
0.13503314268990801
0.08899134407888248
0.11944082473359796
-0.10835339570136444
-0.10461610295869256
0.12073186188395292
-0.1477429562982316
-0.15241830359319053
-0.21896270941847998
0.09615962337349479
-0.11919192632105724
-0.08221228958916538
-0.1515575242675122
0.15797279083983984
0.1523893206308481
-0.1633361827416747
0.1872646326520778
-0.17382117215668
0.09582783694095726
0.184845247959935
-0.17059576625517883
-0.11404800729299387
-0.20397345423863503
0.2085098988254675
0.10323681871243809
-0.09141938432306099
0.08131477865165163
-0.13776472640110038
-0.1419115560568966
-0.1271998313727969
0.136535519577743
-0.15489720186502726
0.1362227316742959
0.15108174770027682
0.15886238796867536
-0.14774323689062271
0.14335245735840413
0.18695824444705733
-0.10350864183658345
0.1817810881311823
-0.09024779398592156
-0.11346852382494502
0.13372447138922275
-0.1834991547083741
-0.1899823170153545
0.1347637419921416
0.1534893656611922
-0.11879878441544328
-0.19322370781460163
0.09319780710912448
-0.10336953148741256
0.094933969564655
-0.1722957613658711
0.21313229875608247
-0.13671710644475824
-0.10077756384058668
-0.20072654004372611
-0.12696562670502057
0.12751492167525214
-0.2253797584996721
0.11853780297514664
0.12030539669353138
0.10660963278310825
0.12675736483139008
0.2435384440633288
-0.1401240693899246
0.17036672165045533
0.10024199312272923
0.16145679091639048
0.19181519255207266
-0.141454721837654
0.20071112987938183
0.09868554613269488
0.133572637120549
0.08612938510601018
-0.107967358034673
0.12101593218779008
0.2757815264226148
-0.18068049097149777
0.16113308843081325
-0.13270565648661586
-0.09721975339980565
0.10932239619621548
0.10599557424553316
0.10248563202840243
-0.09411508538626243
0.11963507330506942
-0.17116864524055833
-0.10658957657924009
0.1728124438520678
0.1332035153759837
-0.1859917646463486
-0.15171699392255497
-0.1140977345370231
0.23883385152221137
0.12905065949793307
-0.1592438092362421
-0.16238318727338746
0.14572103513432372
0.12240254560546829
-0.1341648371549919
0.12016263538149227
-0.33173565813571537
-0.08990324467146849
0.3374009051499897
-0.2231431892721803
0.11707789417830448
-0.13401771884409688
0.1241085067984313
0.1373811346586894
0.1714943230586375
0.14491196711547177
0.19545010692457762
-0.10290226777604045
-0.14059697976963298
-0.1977599312494835
0.11683084729057713
-0.17676935795298396
0.1385217758850535
-0.1314524954377837
-0.18425664566496838
0.11186952354278948
-0.13184504303270544
0.16864563334991223
-0.33096482224498447
-0.08350481047703295
0.0905093042632943
0.23975770037643204
0.15751885830309187
-0.12244977180651173
0.16099309103064235
0.10375511604252662
0.1406319092347269
0.10466604520582193
0.12293458902570104
-0.18415203431068905
-0.10231329976995694
-0.13571719238537855
-0.13422220210423175
0.18041082941032888
-0.17983538436308955
-0.1355222303270988
-0.1665187812925533
0.15338443077995348
0.165685036642325
-0.11344445437436153
0.12617324458204227
0.0973693321043003
0.11876945996059392
-0.11940652199578183
0.08605840927283312
-0.07598660374002629
-0.10740390776365336
0.11147458091721006
-0.13766343478676063
0.18116146716210307
0.1643426938509775
-0.1794457349984469
0.17559569429644767
0.11133604621044454
-0.11285522929876052
-0.1902970207347024
0.18572450598957918
-0.17215550839951949
-0.14273922778817175
0.1962567429983948
-0.11884190031020325
0.11309479716297302
-0.13425422937864367
0.09354914786326429
0.18257022639409998
0.09925455146003692
-0.183127200488356
-0.09856822284615549
0.19569666203639752
-0.09351971554303719
0.16348315780948022
0.20376020598925598
-0.12011803685388578
-0.18652771632291268
0.13819663357465495
-0.1236075032587678
-0.13262463053964993
-0.14146605691850692
-0.1301051522943406
-0.16601025345429318
-0.1285608282942566
0.19408975264814626
-0.20137917566746857
-0.16077070153920933
-0.17701924971846486
-0.12210659406296985
0.14968437912042581
-0.1372587406380991
-0.16568454982419453
0.18155027826619277
-0.11635745879254417
-0.07867438617839348
-0.16714183338493688
-0.18025291403466703
-0.16564822799178075
0.11867002290617407
0.16998482551778302
0.1164282465065045
0.09904874218125984
0.12635879036445827
0.16824169979528314
-0.1372441724049389
0.14999802203364831
0.11607645504517153
0.18266937145317935
-0.09357806703646206
0.07715838734145396
0.08642042990293358
0.10306543525066744
0.1047469489066862
0.12727880815351086
-0.07686228683565641
0.10331953298968263
0.14289976661998222
0.12209342863868551
-0.11355611830450757
-0.10829815775690045
-0.1702366079264203
0.1488172506756338
-0.1299350378121726
-0.1806372945406889
-0.2444848600355636
-0.1552751965974099
0.12573687404504785
-0.15003888612697025
0.1273837189055944
-0.08674478067227742
0.18338275323666867
0.15866357611946394
0.15251870389891692
-0.09544489952823773
0.12166291981184342
-0.1468598130997204
0.09017629984291971
-0.09147995930513475
0.16900118998601896
-0.09055919839333719
0.17216082611649294
0.09376120474518734
-0.12774516008632547
0.18025799422526056
-0.13643935236878574
0.15055164104803026
-0.11870758709489579
0.09622767189863413
0.11175290981894666
-0.20057348154480742
0.10005350388354659
-0.06272185188960361
0.14883984027071173
0.1460615005280923
-0.08213868930071977
-0.09292000222344074
0.08699693126752395
-0.12025758546389806
-0.07463272767981215
0.160015994660841
-0.07422978133140837
0.14498662758749595
-0.07513133868844594
0.16289650068043127
0.16555857287004624
-0.20928776671414215
-0.14419828728883777
-0.178389454355886
-0.0795674616235027
0.09109918057347674
-0.14194864569393328
0.17799582429903277
0.14442983713668872
0.1744624430759674
0.17957941110493647
-0.18479986483550445
-0.15498266070197753
0.08483192737718845
-0.19003515001969284
0.1456671363251597
0.1500763933940915
0.18590899192470364
-0.12794390073701314
-0.19289271553182544
-0.13038371053222145
-0.11973797215048322
0.19070465400293088
-0.1796891794964085
-0.07903488355647137
-0.1452898336790403
-0.1244596220304284
0.1651592914541305
-0.14455471156643412
-0.1444677420558407
0.13734480034270385
0.1130072372905571
-0.12304369888040559
-0.1236523651897563
-0.11779166923458691
0.12147485235257978
0.10378724054239474
-0.1580425801065561
0.18388347352452994
0.11599744080880074
-0.09706336017666362
0.18770760596701672
0.17316075849292872
0.11738529049258098
-0.12557672097995926
-0.1727888467079125
0.1368309303941827
-0.20935888377551093
0.13812063949545494
-0.16639429209350795
-0.13029764938005392
-0.15288070537274917
0.11162316995097812
0.1698176985559236
0.13805885394129547
-0.11037799900610148
0.09491622497379153
-0.18315334764969157
0.12267307377968957
-0.11904594629840537
0.0918966832362843
0.07888182162268556
0.11799718371948681
0.13051987324261208
-0.1342512489134293
-0.1836637115016292
0.14187733960803914
0.1092014705284937
0.1514574813544961
-0.0933179210234627
0.13204044015342378
-0.13973609868232692
-0.14521899437997182
-0.23519668786404305
0.09999721443548033
-0.14869402537001797
-0.19365628681910146
-0.13958659563090425
-0.13717003466153965
-0.15892970654288735
0.13390160737110643
-0.18959286768304393
-0.06241859494232306
-0.11247674324539118
-0.11262374471245937
-0.1614971310655615
0.13047341538230567
-0.19067633111443066
-0.1934960279483112
0.15335234174482126
0.1853633362932273
0.15581493176330652
-0.15953679052268446
-0.11530459825603265
-0.216811569420877
-0.09878573569943627
0.1491334384356854
0.11073520945332044
-0.0957393159787617
0.1637697107470133
0.15942439874764017
0.12052122063322827
-0.17545054006410207
-0.1795116817592912
-0.1870265674422937
0.15207962105335132
0.18334471737572838
-0.1353288165645806
-0.14157568346688842
-0.09655550413767315
-0.15723705264991078
-0.11679347922923897
0.11895077419252373
0.16706986412401326
-0.13811295017584047
-0.13899602803949207
-0.20724744281434174
-0.10415997084508986
-0.148375038044345
0.2155618384371362
-0.14273068278687742
-0.1862236568986657
0.16647810031271204
0.2376974763702136
-0.15314640061400636
0.11689122229632556
0.11951870701862327
-0.14295184742835432
0.12323072804669635
-0.13711197764441785
0.13851628392284748
-0.10340086769371382
0.17456436123640195
0.11892546332461884
-0.12886540283815012
-0.13457572716795313
-0.10473934164487561
0.127954841949327
0.17783052220086545
0.13752265662476035
-0.1666005763223017
-0.1297747340784863
-0.1409401104107808
0.0910160811088858
-0.21924214140448248
0.0891581226638898
0.13944189596788453
0.140859260636552
0.1624490108697373
0.12944185392125854
0.17080640652020623
-0.19106964762803952
-0.13852627016746216
-0.19369407725617008
-0.20962799226438347
0.1329886755912995
-0.13424400401079337
-0.1983635193443131
-0.15610729288400002
0.1461281983485153
-0.18485675531690068
0.12786547385481256
-0.07912866342167603
0.15021369378825042
0.1783050256358134
0.17510029567677948
-0.13732380772726252
-0.1434836496364115
-0.1494002165188149
0.09515521928690247
0.16109435289490928
-0.11061597200509962
0.15433736889102456
-0.08216331027215924
-0.07780197688112991
-0.15268831523766954
0.1952670832959274
0.11082694134021828
-0.15238319176800164
0.12258202850543815
0.20142716380915965
-0.15440803515555546
0.14295288821703678
0.18529303242286138
-0.11325032844124712
-0.12158100048236276
-0.17353538919496622
-0.22604063600313065
0.1752763775651134
0.12258900811520948
0.16926712273213326
0.18580445230746798
0.11622474595999735
0.1904389392261472
-0.10499959490540678
-0.1752723065067573
-0.16952961713801518
0.1269982986055433
0.14210142400203352
-0.1053011112569969
0.11894199550350451
-0.1586058955890452
0.19228540197285343
0.1676277569244113
0.1966584759159662
-0.12004614257403423
0.16282428920831452
0.12545288643504957
-0.10031496441871618
0.19761631324256865
-0.09733356851348177
0.09431217881740439
0.13952455610831865
0.13898818617489977
0.1806938589828739
0.16846792731469185
-0.08779330422110629
0.09194045767005163
-0.09959038147295235
0.1655180355598507
-0.16587739431144027
0.16153405065781834
0.13882858410451362
-0.1727757345660903
-0.15471458102547606
0.2131388256100968
0.18662925639295969
-0.020661649764284237
-0.15321169086041037
0.1599362529883779
-0.08845396238490763
0.1615567481126888
0.16742962739338318
0.11738655264250306
0.17269832788987471
-0.12468282422104913
-0.13482734321765844
0.13997293773173308
-0.1127156781483119
0.10977645243918971
0.1487702075913898
0.09436294682388771
0.08256787857686618
-0.2243013513128534
0.12302114263530683
-0.1369863489770266
-0.1522724714624013
-0.07395117289916601
0.1791981686602079
-0.12339531849974693
0.0905699264104542
-0.15219860417706293
-0.10274510854476411
0.20331171254188152
0.12184183792653532
-0.17473917144088127
-0.07044393238661546
0.14223463170607256
0.0937015910952189
0.1130743523747044
-0.189508835039586
-0.11258124234512205
0.16484890896471968
0.12835811490296584
-0.1473535163959565
-0.06157673572532431
-0.09952813790731362
-0.0614179593578761
0.12730741813191823
-0.08259870188490422
0.14001800650694368
0.14923166166705837
-0.08061016720997174
-0.1325695089492271
-0.11917140076637368
-0.1376174641834139
-0.14337148739735267
0.22534053691915482
0.10214033934023184
-0.12034824700838712
-0.11316616293144044
-0.16877554265178543
-0.17813097840566927
-0.13731872549332996
0.12083923541308401
0.17775424571797876
0.10347197423749924
0.19820907971721896
0.14244323990067115
0.14298750313642758
-0.09312049283195378
0.10370618029894173
0.1480614562434112
0.12425625041105388
-0.14032332130927863
-0.18187600857994107
0.07884032502605216
0.10907304237588528
-0.0753099024808773
0.13327451230281695
0.11827144439815342
0.16129692780421276
-0.10459243554827787
0.14405627530752144
0.10059882348968262
0.1909580437156575
-0.16274108234605766
-0.12475891113241121
0.11627140274069495
0.20435029372802643
-0.15069838313865863
0.17307005761165956
0.14154060819423117
0.19506144660705402
-0.14651108501620586
-0.15021729084674038
-0.09697959149535088
0.10538907508672299
0.1890145730527374
0.17828474322006532
-0.1081226671549328
0.08362965729520967
-0.19468462225218597
-0.1896916165854526
0.12193316734437204
-0.15332733352558436
0.17916225603765099
-0.2397508099944905
-0.08935182447830572
-0.14331039978790255
-0.19400735114727904
0.17310781479440032
0.16345943381966593
0.13041249322524145
-0.1429551405604746
0.16671901408412212
0.11812691556106827
-0.12466221593274118
-0.12095359814384135
0.11177134893737461
-0.19041259246484568
-0.16443206173153357
0.11774386084952346
-0.08383694602048183
0.12165259351074968
-0.1196349385275733
-0.11286169012636801
0.08018507772936499
-0.2210642685714445
-0.14668750613581635
0.10171038328561449
-0.18609178470318136
-0.15237896660369596
-0.16787324181024035
-0.15796918891289047
0.14557754887071625
0.07485672958509838
0.15642127754045773
-0.1377711044886578
0.15773526121821302
-0.14036716176974462
0.09260582086744086
0.1831096741025639
0.14320651808811313
0.12860675481709216
-0.20787922481052726
0.1414248755271009
-0.11377376683182018
0.22626983429972425
0.1688072653732366
-0.11305644788425236
-0.12647958460397518
-0.09824275264005619
0.2097838951102513
0.10250756222333908
0.11222634320532152
0.1788469187147329
-0.10962458681193926
0.1768118188305163
0.1254848493797388
0.0944031819575755
0.1043100422303929
-0.10134355891810477
-0.18945568095746726
-0.13184583323311763
0.1635131939748016
-0.13447857381192418
0.1664776483187631
-0.19072983262354973
0.11717270018506826
-0.12323336574437156
-0.13332515666066344
0.13236770672958403
0.16067673298959645
-0.16518984514994686
-0.10214130553335302
-0.09527896219114332
-0.18962710748583694
-0.16802915477681418
-0.17324324599716082
0.09566170867428811
0.21469644670280605
-0.18874485239039895
-0.2349320951002764
0.16397998455867394
0.19781250817793306
-0.1525770465583449
-0.15511632248709412
0.15103723697136157
-0.104863803618392
-0.13979442064299774
0.11678510061812235
-0.2003029121312188
-0.15583652792124134
0.14138735959577478
0.21271002912683723
-0.17287678060090203
-0.14526109802441245
-0.17029302121963652
0.08939728339762006
-0.1038239569103932
-0.15309152264101758
0.14387932652726948
-0.11752376476258357
-0.10113933801026513
0.15651989828421634
-0.14025253363623888
0.0980299195045232
0.19353056306970462
0.12032155594791098
-0.18839666722204756
-0.14393191504345115
-0.17128299354729465
0.22415651317967555
0.12802118701008464
0.15259308623065224
0.1504002171042271
0.16084319824503845
0.15731226254476777
-0.07574485680993066
0.12059787441590386
0.18808421550348015
0.14462524427767448
-0.13825865604680457
-0.16980294540464494
-0.09545060884059466
-0.10272569778590304
-0.07508214905731271
0.09328070646847544
0.17780703944599452
0.11999981150104394
0.10489338095177546
-0.08479230915543876
-0.1666644326000704
-0.15829771088739725
-0.1527263860235674
0.13910895191821177
-0.15778883776717184
-0.18902684780401718
-0.12469642925019793
-0.13969744252815747
0.1342968741247977
0.15404390474048685
-0.10003574888377126
-0.11003075030803265
0.2288278425716417
0.15575285424314456
0.18378439883951728
-0.10846127603470479
0.12455427907314451
-0.09290973946500529
-0.10371100177209695
-0.12690715836941296
-0.12177115095918445
0.16376833247572364
-0.10676644428340498
0.17185628116670834
-0.06500471018888025
-0.0784727280190105
0.16601000122070106
-0.1127441294129612
-0.12310313882121082
0.12843604682164037
-0.07900255940833517
0.16868791752403492
0.17152729467154954
0.16607745039250582
0.06562197043650267
0.10545063809064519
-0.1511040405342059
-0.17443766227678797
0.12140951310628081
-0.2207898354322017
0.11106539445983013
-0.17853117806624413
0.1417005398071726
0.16587119256757213
-0.14590995663029532
0.17009115217589393
-0.08421330934239962
-0.1390608329125051
0.11843508215414712
0.13585068765170766
0.06572610497878267
0.13261100042257692
0.14460557427130105
0.17854547739164142
0.1694522177153477
-0.14541244932496591
-0.12360448815479887
0.2320251042308743
0.16554662096501307
0.16962007003358504
-0.11455625546235165
-0.19528992675754503
0.16832323943082678
0.1629501828643201
-0.034301732508343806
0.12435535985864574
0.1095344329197509
0.09029831629600751
-0.2027936630800661
-0.1899265562363339
-0.1757935431331526
-0.19587637053627427
0.16231469598117965
0.09636965280719098
0.09534695618454886
-0.12217645993134967
0.15650963945440557
-0.1857441817283768
-0.1468394815830445
0.12070270352010241
0.22316641464910017
-0.10768208480793826
-0.1541689200139852
0.10752361599032972
0.1684131566470853
0.1583757328161561
-0.109667175487705
0.13509508474081713
0.0883973784238233
-0.17947054516038125
0.10972134096451372
-0.22233323612025124
-0.10243007080873658
0.155846826517675
0.09926653036814498
0.1805305195393734
0.15219103191573216
-0.1927169053946973
0.1869896587240176
-0.1698319225274303
-0.19759750458392106
-0.11508233913921596
-0.12359611076745736
0.17808231937757438
-0.17638430108527275
-0.09911927035991026
0.1483590939808075
-0.09604936113147262
0.09335070567016457
-0.28535209016166874
0.09721608231137657
-0.22763344366684762
-0.1365492700471413
0.17102871580966006
-0.14718348775007742
0.11784927946002802
0.1495476207734734
0.10598710620237999
-0.17408838308539856
-0.1415843403742337
0.08032768925561974
0.16548061332741615
0.15684542612923177
-0.026724731109212967
-0.17086356829725727
0.16636439897754915
-0.11930125443836032
0.09858926898223729
0.21393045666471233
-0.09294721457415048
-0.11218115127199992
-0.17005672108829195
-0.09722640536645374
-0.12032299577260706
0.08824744619726382
0.11942658912899079
0.13817475251174685
0.13775107376831267
-0.20662626490292577
0.19935633650136678
-0.06546247220704196
-0.10348409015678273
-0.12730662208377425
-0.1290384483018087
0.13295944213957273
0.14534749586832668
0.10398087350712217
-0.1516297814519992
-0.09288685931298232
-0.21773212922953936
-0.12233228873476999
0.10722990528422328
0.17244369311015817
-0.13918027332416513
0.15360616886898834
-0.13691251056998605
0.13542058116954384
0.16774296328009794
-0.11912941938881957
0.14382631144739305
0.15893828857108963
-0.1080753767907228
0.13284068102234456
-0.08464522664223628
0.07831182622195473
0.11959666341903885
-0.12273064107247497
0.059109757349288534
-0.17584734226728477
-0.1261655683502739
-0.15055866499355425
0.15243080998953304
-0.15238608031249462
-0.13389711418916506
0.1652624157841413
0.12622140822725866
0.16340402544083452
-0.09477065110380559
0.23062301982437142
0.09057838196433311
0.17379503881233313
0.11511676380420247
-0.13724961882959433
-0.16633863786364778
-0.15307501630611023
0.11549078393784615
0.14662425068495255
-0.12085100658191861
0.10601330750372655
0.12464123630590658
-0.1470120893921276
0.22290333825181674
0.17116092935214983
0.1619129292574372
-0.19840775066131172
0.15432650827392846
-0.12482139415161426
-0.2207539063457236
-0.11153360969978184
-0.09742334343414213
-0.14124184922799915
-0.13039983187414544
-0.08825103965771763
0.08765670228377084
0.11340270752306204
0.10253558494544635
-0.10679352069285222
-0.10875956102855096
0.15804602858587538
-0.2655367774278077
0.12579763715674688
-0.10580727233334193
0.13559909474695875
-0.13085660746557196
0.13111190419039226
0.11916441767860311
-0.18222807836011662
-0.08077310455852652
-0.12267623821111645
0.151868697051124
-0.14100622803573132
0.10330480501902257
-0.21301023461662086
-0.22290424804926923
-0.16662626233372804
-0.11744346772450523
-0.15510918686253042
0.09313449158578352
0.2411028577662887
-0.08629055112253944
0.19282059585969677
0.09807629435943663
0.18055818333828622
0.1308769488568407
0.1230830596070693
-0.15022663590124707
0.13437020324847
-0.1495187185189869
-0.1936995510091456
-0.13912862874391663
-0.0760940313111184
0.13149344059460935
0.1722189814728025
0.16480494577252144
-0.15018246960857595
-0.1811079412656944
-0.16064854925768968
0.12288927748227481
0.15281422497585592
-0.14127087414658115
-0.08994985976071337
0.1444133314214172
0.16734096453133623
0.16265580897740023
0.12591191943811159
-0.16507778772308768
0.15227404535718014
-0.157663431834783
0.10816315653769493
-0.15546263555139225
0.2606193629118372
0.15642919429428376
-0.15932973035373138
0.10639266683665832
-0.257403185455894
0.09059489564534515
0.13598022197743911
-0.12184226610595181
-0.2114479649805417
-0.07712995106346263
-0.10199059594721442
-0.1632122416925938
-0.15653128495047602
-0.15711671435341343
-0.10921238887508578
0.1072954409005657
0.13352560726737606
-0.21355808460516215
0.13836097667966718
0.10651856447027236
0.15124162637140082
-0.09638945587258169
-0.10605935099724317
-0.1656361747685844
0.19728852426404295
-0.13909637656897367
-0.08772721818047502
0.09544766624324472
0.18499119959422292
-0.0946580890592926
-0.14383317767084064
-0.14189650766994225
0.16691015606360576
0.12823174828004003
0.09078681824273657
0.08884662583734788
-0.12811916950104393
-0.2173212150945959
-0.23890006515763212
0.14122332647067432
0.2001338545291167
0.21966030480618395
-0.14564452003762274
-0.10546118218208679
0.14523721631140177
-0.14683437779652603
-0.12697163722240487
-0.11541437143835032
-0.10641048074170462
-0.1675638005280898
-0.12067185617055276
0.1609460214800697
-0.12492356887411382
-0.16631875944589697
-0.150803426026774
0.1269771951122849
-0.1424071475559117
-0.18720443997824507
-0.1697141550146344
-0.14351450567543825
0.17219166305391204
-0.10568659745119327
-0.08661270036586188
-0.19299354833341026
-0.1531554411407675
-0.10098614200787123
0.13285068412797618
-0.12470281581728587
-0.0944960704185035
-0.10697720962896431
-0.12222576376623186
0.15130313690389854
0.07957607019459845
-0.14763949385439068
-0.1293814250960567
-0.08290297811300218
-0.1312729671740288
-0.1552701766837708
0.16677716679443483
-0.20000295451746145
0.10642231927324092
-0.10281936061232422
0.15093863949800684
0.17787842146641492
-0.17668227366005257
0.1561583875568589
0.11467152884146098
0.18979927765374038
-0.2433393514933531
-0.13919194089937323
0.21612891393569927
0.15500589166713677
0.19441572451853706
0.16237519573653147
0.13267932643343466
-0.08324155110317671
-0.12538089482234485
0.13189818705328527
-0.12148043792768143
-0.10221830090624434
0.17835965436102505
-0.15116811261753593
0.15243730223371496
0.20774079067767048
-0.14335822464888343
-0.11783386762654252
0.23617091066976648
0.1533947991588084
-0.20945491525472684
-0.21336347688517404
-0.1405785895122336
0.1272294642367205
0.20535663968766307
-0.16198518709160872
-0.11289395152335596
-0.14718027936072095
0.12241870284538817
-0.1309582399391691
-0.1540303758904957
0.09154245172826347
-0.1593291545167034
-0.1801328876733798
0.14628438328278281
-0.1681325141979003
-0.19632267947886434
0.12717578634680235
0.1347287283482474
-0.11870481594278981
0.07559383832233366
-0.16126478664566096
0.12542068967695832
0.12895975517222846
-0.10745808591800976
0.11884386124061615
-0.0710861180117913
0.1916479263212757
0.12269823328275596
0.17219789344914124
-0.0990053272442884
-0.14440278737929146
0.09009000605447819
-0.1278650653424366
0.14322526448949746
0.16695925902270653
0.13499625330470327
0.09341456110823251
-0.13510743148631643
0.14148194176798828
-0.14128818383634073
0.17482526281384003
-0.16119267039631374
-0.20501610400897097
0.17928042372364605
0.2010115881262696
-0.13896186675220928
0.10826956819399125
0.13048585688122266
-0.07560633144252396
-0.10431155475971651
0.18421091286804248
0.12667637874371063
0.14904165048582307
0.15629012392224967
0.20510236216435082
0.21526204082083852
0.19419376408083436
0.19191425088035968
0.12557524835844822
0.12357931904173197
0.09485186553727698
0.19190594872267533
-0.1293275035942416
0.18311061229561962
0.16996761785403927
-0.17456397422366515
-0.1926712686139687
-0.13017737124539353
-0.09580346495111874
-0.14825740913510543
-0.15085828643046673
-0.07520032879335538
0.10332117261058385
0.09144708175652763
0.06727481545087971
0.13539180263619155
-0.10594010888982816
-0.1356683474130834
0.13203425102696417
-0.1635551713208977
-0.14907775416765487
-0.17371238565892433
0.15214494936147704
0.1927226239533894
0.13089023786213488
0.18499877981355786
0.1338123678351106
-0.14329403160741577
0.14150578269447972
0.18876936694777852
-0.11595488360276032
-0.0730233985513856
0.08971256396256987
-0.12311237674746389
0.1261286180914346
0.11179159709938796
0.14273676861591936
-0.11579214719307569
-0.14903592876445293
0.1233612589131324
0.12542518955976562
0.1249611695705185
-0.16050981149399784
0.17846142569740722
-0.11300890058456657
-0.11060488231465732
-0.16520867894230154
-0.15814791134615885
0.18911480330882233
0.21005954547115957
-0.19403484453167869
0.19401596185867237
-0.14187522911942446
0.10063017871956181
-0.11128143314924067
0.13696406459330102
0.22151990511421316
-0.1680333758641478
0.2030016769739188
-0.1325758421438525
0.17855172592120735
0.1537779664100701
-0.13426130707241157
-0.10945604634170082
-0.15763073981115025
-0.14779950112736273
-0.11849113861966827
0.12732357839207847
-0.15989916249469766
-0.13175114021282497
0.13005406176051787
0.17371055766300653
0.15642804980972044
-0.14599215819510952
0.15420215752140287
0.09901463911225457
0.13701258989328557
0.08087829458515644
-0.11656587592457834
0.14462850487409212
0.1817332100516548
-0.1840715677446611
0.1781353446353393
-0.13497046686668565
-0.09159719540474716
0.09824028119617272
0.18239025831457722
-0.14284478139798817
0.10881752393559455
0.21919706866902705
0.160109424545896
0.13707095962767168
0.19631911651348394
-0.13364232144185864
-0.20854263768408401
0.1624567070016328
0.1258994512805753
0.1600556892172227
0.15766755225218393
-0.12380525606826534
-0.12875989731540813
-0.13338493060183249
-0.11169533905015218
-0.13134433810321916
0.0654488708474798
0.18057186444336215
-0.14068255307262822
0.12117855715083996
0.1596235958619463
0.15939193301985344
0.1936037133261032
0.17302652530207088
-0.19467761697149835
-0.11979871402472834
-0.10927773794078328
0.09280571692278489
0.13586162374654379
-0.1576359412010842
0.21131677513667332
-0.1640049600279968
-0.13074978456004896
-0.15528255196494678
0.1905871380098896
-0.03915984720140662
0.1394552981426391
-0.14243493015814446
-0.10701129770212224
-0.12820555885546805
-0.10739785785584902
0.1617884894686667
-0.1279268679702289
0.14740596383831184
0.13027802861948348
0.10884703152639966
0.12667764132437856
0.15992027520248628
0.13017122389867575
-0.12137333981885758
0.0979819188901973
-0.16192261785077833
0.19395372983756737
-0.1642345432427568
0.09753103334381794
0.15129082163502494
0.0905646796856999
0.1396613277934251
-0.09450831683169758
-0.07841203749643494
-0.1217183248929381
-0.21085109695142967
0.11200114154051902
0.1629834908260697
0.2142252280705902
0.2344467937622773
-0.19699538793719756
-0.12425775353437711
0.1261348947964692
0.12115853152739761
0.13987265804278934
0.17489534675529628
-0.1663694241540361
0.15146992252561017
0.12786426110119142
0.14938025183710874
0.15947312998392704
-0.15486636901637138
-0.08839512143183495
0.09505909991807329
0.15114930506689683
-0.12164189367084782
-0.11584547442991341
-0.09520639896427431
0.146901946870983
-0.13595880609556904
-0.10071126238551444
0.13029690234859342
-0.0993685802568056
-0.09485201716028918
-0.14110118335412306
0.0995695767612596
0.13833203150340329
0.1952690050411123
0.13508519018372667
-0.12759894536070243
0.18445178336494053
-0.14891317774083765
0.10374801312107283
-0.06197702982246013
-0.15138240066733794
0.09642714236281436
0.12807875717748599
-0.18639467859599645
-0.08798844287019227
-0.20257825260836165
0.14527414449724935
-0.09640885605001522
-0.2047947740037671
0.16149864087113724
-0.19827734218446086
-0.1241093224470713
0.1574524709240785
0.16395872730597458
-0.12975379231441228
-0.13438070044413924
-0.11647334330712486
0.12145875687115436
0.15113803892602018
-0.11581085399048993
0.14527154477650123
-0.1042731830863802
-0.09301280179083374
0.10039695096201859
0.13180720098301985
-0.09836700475310506
0.12561494360975647
0.12379363854732173
0.11534594451617072
-0.12493462873695522
-0.16937004584559612
0.17371110348515786
-0.18460602287163588
-0.1355603694763374
-0.16268662944476003
0.17747335737566117
0.18681268513314184
-0.12750443381372084
-0.1126441486364323
-0.16129110832892063
0.11694047874033524
0.15510046686977053
-0.12480794768673902
-0.08630047573211962
0.08987551600761376
0.15743479586552156
0.18930722837347944
-0.1155424040944949
0.11319972486196138
-0.10973233392385608
-0.11955215352385573
0.0985642705420482
-0.23909553244504195
-0.08750416166245453
-0.10477981510079408
-0.16010959037829028
-0.09110579015393362
-0.1418963852534473
0.12668785273059463
0.13247395484495528
0.1577374718970332
-0.24468645639125716
0.09707101679150908
0.10877428453168664
0.1425173518943948
0.14032821428630268
-0.12307788721357747
-0.15497056818985255
-0.1379692509215632
-0.17056875630977877
0.14096035902373255
0.154635229457606
0.09637631108952355
0.20775888692411634
-0.18913660918602157
0.13347562075571726
-0.09172059307618581
0.1165391327279354
0.09666882967829805
-0.15108353811266562
0.1593738000173925
0.10896728721679719
-0.11907418406259235
-0.1270698766161577
-0.09141045477122185
0.12701745583227778
0.1568680033023485
0.11984075930164967
0.1570416808764301
0.10724981055881458
-0.15015756603692398
0.13287312002710575
-0.15248851037352087
-0.15248111002292572
-0.15097929237963292
0.0921642457059843
-0.13742922898239054
-0.1200529640590362
0.13380479427106806
0.21067616640520315
0.11588916404971963
-0.07994566061857586
-0.1671156005797895
0.22380267371575066
-0.14354264338692752
0.08481691185361225
-0.15249281960513617
0.1668217424246208
-0.11686304501984143
-0.10629911670897577
-0.13275254011929244
-0.1891873425144483
-0.17748479395970726
0.17036912559440529
0.2352773957579391
-0.17497864236874955
-0.09722072823700395
-0.2539427203815534
0.12673410328647877
0.1454154307937447
-0.10217203417389592
0.1567193943136077
-0.12357462997610413
0.09460763427115432
0.15443506870241475
-0.15652552876123962
-0.14448433090929938
-0.06318489590833862
-0.17785309289910703
0.17746000821688823
0.17286912863950843
0.12212472111405624
0.0993287301092507
-0.15603383718245778
-0.15671088078350703
0.0940993838285129
-0.1210625141525756
-0.18169131194252716
0.17969855863734277
0.17362704245549795
0.11519985230798384
-0.1829852274030865
-0.15206317553307064
-0.1578286333207144
0.10506981269242684
0.20210733801639588
-0.1093966818889445
-0.19719264333690545
-0.1817421897194274
-0.1591842381465937
-0.09186748977396922
-0.13995802410916297
-0.10226496272250096
0.13327169300683703
0.17382177398568763
-0.08073950227274164
-0.11684739900485307
-0.1619896098188256
-0.09734456937609631
0.15627629680915156
-0.19856035279841494
0.09249236113453735
0.16929476732057924
0.07874171066890732
-0.004618034012467137
-0.16428291468822656
-0.10433423631487952
-0.1257554344188871
0.25269982366840354
-0.1980461999423798
-0.2082855473026527
0.1532998351621534
0.14499616325036316
-0.12396481318553274
-0.09835718893055392
0.132063940791823
-0.11050117059938527
0.0979487728503137
0.1680234235531532
0.15594334569766413
-0.14355333800437423
0.20120301860549006
0.12216778924761523
0.14588369040175858
0.14353576935624685
-0.17888927788925651
-0.08489811039378281
-0.10919798120753613
0.11507695684802766
-0.06533496353743556
0.1194070290596362
-0.14762884208913052
-0.15030058066204005
-0.14934860324673163
-0.14376864764267394
0.13487216865338764
0.13973852514621096
-0.10390523809860695
0.17877931401363856
0.20121417772240363
-0.14951506342213416
0.11973524459760727
0.16218980487922705
0.20102758611439855
0.12206775073727735
0.12559108783584416
0.13299866745374098
-0.2006425208404038
-0.11297204366625717
-0.11509950617568669
0.14518712406149656
-0.09861685006531205
0.15084818714095222
-0.1971892755906188
0.187837442009689
-0.18979187028113087
0.17722773680011183
0.13726373915130724
0.12197359429875934
0.15388712120205922
-0.15234180367205213
-0.13450886462091163
0.17431672346819926
0.20581709087092148
0.10672530177838631
0.09921106064645879
0.12429246550370514
0.2049942394451245
-0.08401612374750245
0.1752516623483532
-0.1970085969157142
-0.14620486999266447
0.09967341669622376
-0.2342347930384322
-0.11006555950250202
0.17115268660772862
0.1905935321147412
-0.09772245891593244
0.16226778629695585
-0.20472374403269655
-0.19779853610496795
0.1800740791511721
0.1623176506748897
-0.16000259766624586
-0.16078723076132265
-0.158474422456047
0.17331643320583565
-0.09950635987591787
0.16395969820234882
0.16054785576160183
-0.1151194318736944
-0.1208604397278182
0.15836987658478738
0.12953522411867305
0.13806808280514515
-0.13550760206038615
0.186702091873065
0.14562629867596766
-0.11271427456325184
-0.15993978622711374
0.15557663198430752
-0.10988383479584775
0.15295431259703693
-0.10313502058688653
0.14404353856558055
-0.1045525628104794
-0.12851673798386853
0.07973022770284274
0.12570743573563736
0.15062579295734807
0.0870511969533127
0.13333382428355356
0.12496518027951845
-0.13237983002773723
0.1913643907556711
0.21799385007685584
0.1385925766033385
-0.16331607841897733
0.20700459232547522
-0.13821631404126122
0.12679819924911223
0.11778106062251652
0.14927967920138477
-0.11233184222313042
0.1866594227577805
0.17188587233625227
-0.16878364553910857
-0.18578206935358516
0.19976707930127768
0.15205980576466513
-0.1478464686556629
0.2234045422231705
0.127603135804218
-0.1795522517071288
0.0917686223506721
-0.15402824046696442
-0.1674501268751114
0.11813491201150066
0.10117507598121793
-0.19615637908231315
-0.1531558789708743
-0.11839857562063487
0.19256410409050412
0.0632093309468856
0.17347552853520343
-0.11253904008672588
-0.08273540723656682
-0.11341715886914441
0.14126075724623244
-0.15723303980795414
-0.13276662150690197
-0.10662903798196244
-0.16871395851450757
0.20543984751630795
0.16181815703619876
-0.13521160292655446
0.12165099680541817
0.17634199984999144
0.15702037910192593
0.1678015116647386
-0.133787235474535
0.17999978454623078
0.08483709542873344
-0.16970846145203694
-0.2216342188540573
-0.0854145505673784
0.14135824286893714
-0.09109176925021605
-0.1324953434754322
-0.17096091422135354
0.13642607615145966
-0.1692398770220427
-0.12029318772517585
-0.09161769586035932
-0.16238015317335977
0.17297243007661744
0.10281723592170437
-0.13219446615787023
0.13222353326553474
-0.11538982953003474
-0.1708088992531037
-0.17413398856795465
-0.10928235988435607
-0.16926422553537715
0.1142886676345595
-0.12514416715600238
-0.22793529678381105
0.1871123507684513
-0.09900485934726488
0.23631130685516794
0.1183007374466909
-0.10600490424900844
-0.17733629630596306
0.14808161664949968
0.19230977975723157
-0.13254386825570524
-0.11605216993956667
-0.15708469579825707
-0.19914688398119368
-0.09833992196348895
-0.11696031962362374
-0.15583452151730345
-0.11981023001852757
0.1870477224376595
0.25147520719383615
-0.11812840262877795
-0.11446131904645945
0.23349506949637402
0.14402927746775693
0.1148106186710895
-0.11977285443750264
0.12887976701151732
-0.12368760667805923
-0.13065143085282815
-0.10260723267294374
0.21464763711947038
0.14646927779868665
0.11526151198134901
0.10308459617754107
0.1098781184970447
0.08071425256623907
-0.12851258644940194
-0.08352708591295595
-0.13940430686024308
-0.12312477172692618
0.15698079003694176
0.08771668068031825
-0.08640466085650095
-0.11265917818440808
-0.1482154938073726
0.20440621803358294
-0.1472961054500948
-0.13285682170110202
0.20755293729935556
0.158196020462415
-0.15748133080570317
-0.18838884788402982
-0.09539435776216698
0.13671628602168406
-0.1909057293358007
-0.15363003061594188
0.1408757614100833
0.12271456639545149
0.14504371512440084
0.1115266467493184
0.15893927506963818
-0.12159667789532992
0.05908586079605282
-0.15179206737345452
0.1382232882051655
0.10650017600749676
-0.11035277805499163
0.15753355320500254
0.10425650679281978
-0.19010205888930903
0.10852285314630666
-0.17290976905942668
-0.1324163087681272
0.2141029808645243
-0.14128336349675757
0.18031790406990766
-0.09274806150545264
0.1350055145548561
-0.19403336963907367
-0.11074896156203595
-0.13571870749499546
0.13935181228890564
-0.11848387208698279
0.14176663820722654
-0.1934321536502939
0.15523925522129742
0.10312731003874287
0.1561116762644818
0.1780839119965029
0.1920221731317132
-0.14244755353178074
-0.15356059726227847
-0.19581256890169016
0.14559392127112888
-0.27693125446729094
0.18732725045957715
-0.17075835847314677
-0.16251797813396215
0.13301644001469165
-0.10758485642860348
0.16974596177151113
-0.1809760492010675
-0.16114912076817117
0.1654037834179119
0.17724590284162706
0.13231715595454852
0.250236973766061
-0.18078339439642163
0.09930993331577426
-0.15073206497524977
0.17050862988171334
-0.11730418769514755
0.06152843813300341
-0.12665475049516983
-0.08667415382553838
-0.13189148506322568
-0.08603594110663355
0.1436440532682688
0.1354364383175633
-0.16317164281471924
0.1906275182334815
-0.2012896295829894
0.10811215009680511
0.13290957722120716
0.13467635728308097
0.14790890996048245
-0.1148123435498982
0.1054439549720653
0.12840487024773084
0.1415125778834963
0.10816237527769734
-0.11894607613869891
-0.11525876296966722
0.11608883496962907
-0.09830342794281564
-0.12886905685521768
-0.15054694543495684
-0.14466274911649088
-0.09653368245155945
-0.14937136911431473
-0.06893608437806864
0.10164296774729882
0.14370900148727786
-0.12988169801043414
0.1684940547144641
0.1467687378049488
0.10228488416096504
0.18902388152524852
0.09239370600092936
0.17748261849735122
0.17131292059653924
0.10775549456744063
-0.1553144097563181
-0.10129156672922901
0.17561020889389095
-0.12175919155091718
0.08198797453679058
0.14099851167230004
-0.09051620974798028
0.12572400111325038
0.12926945869968404
0.12373834609531016
0.10104379176483168
0.11937725326952424
-0.09685371644815935
0.15512535201064678
0.18388713941641158
-0.19611399574777633
-0.12638882563030382
-0.10367819054503577
0.1566777234373955
-0.10862958588568757
0.14684090943727482
0.12995695078749614
-0.16308015027460177
0.16699253875968395
-0.16180652145633717
0.09387560655908243
-0.2326316221203015
0.09978815945820485
0.1251798225047664
0.1554452939535142
-0.13098112194094064
0.1765442610270226
0.12231914939154488
0.14291435931632956
0.11036975393213017
0.09766448671886267
-0.08831205153461744
-0.15716013195076659
-0.12424651017523002
0.10103990783480322
0.0933048266840719
-0.14351327614992243
0.13041614106508198
0.14785124326437857
0.2000001176875089
-0.17444972622043808
-0.19666913301415861
0.10694057911781225
-0.10992875191603711
0.11917116463021475
-0.18160932297610777
0.18818611396935742
0.11186870676529012
0.14859554467555802
-0.15233944139557437
0.14819037633968807
0.2051986179418816
0.08708324106574536
0.10696069887634344
0.06266460771927007
0.1297179788304499
-0.2109905729279778
0.16639562087903048
0.14777505680629088
-0.12833720360171552
-0.10042929976026521
0.19571201992373682
0.1738798718378764
0.24484423673047842
-0.07864767608082593
-0.09969418289997972
-0.2115173075875922
-0.11205414124350743
-0.15870093367919175
0.13807330410233473
0.2092230453793134
-0.10937788371147895
-0.09211354547654316
-0.09818278526587475
-0.08942335408153611
-0.09628111882978932
-0.13914807763741893
-0.1115689767272697
-0.11373800861506292
0.20113625279063346
-0.10284484574544445
0.1671775213135086
-0.1303365734619255
0.060600302859943694
-0.2488846024957319
0.18074901257281922
0.1464062750890123
-0.1274218202286623
0.13014030326164816
0.11550203565547681
0.17255637512547572
-0.05100380752267285
0.1592306090844229
0.1576899725183544
-0.143661307947541
-0.10593154348202849
0.2689062788130527
-0.16315541878886308
-0.20042321003507912
-0.09235006752300963
0.1723027727006664
-0.1978630602383118
0.14714249346906383
-0.16261010192111694
-0.21545946681885647
0.17975875271548175
-0.17672482993960817
0.1337206118223787
0.1500957467616563
-0.17951560409405967
0.19295556139594608
0.11115205731090534
0.10712494411725043
-0.11019363446687445
-0.16520150204294914
-0.13056922095512014
0.11449247005626717
0.10416091733207664
-0.14803925006362334
0.15452367238719886
0.1268242449179474
-0.1823129162666141
0.16765135350333363
-0.15774713500081236
-0.1143017158887308
-0.1273438730410668
-0.12384818155109593
-0.2019725283516427
-0.22597219607405444
-0.12836509717593764
-0.2280441783830053
0.14918149226267832
-0.12014877893828008
-0.14510975497846262
-0.08888683389238254
-0.09316138973543768
0.12994514984173205
0.1618254100931003
-0.13024716015705468
-0.13979538949006493
-0.1502147594450645
0.10818308908628484
-0.1343946602071902
0.1829628343767167
0.195751332008134
-0.13427422782353327
-0.097445146118869
0.1633028558874164
0.15340606033868193
0.1187995404460466
-0.10060975965019953
0.07416798162994365
0.11458956149117284
0.16553630522334686
-0.14426288664246814
-0.07634925640923507
0.12434518230448628
0.2132117655132367
0.08914141840238722
0.08038495193278433
0.18967514387330778
0.07991186147632554
0.1448702088963881
0.19497097015016512
0.14595076908277682
0.0985832086409458
0.14186132530754864
0.15560373871470518
-0.18578723644886613
-0.1824151429435597
0.19371868181403853
-0.17059840347606953
-0.08387299216812089
0.13147417069319683
0.19031938402459422
-0.1158969265920109
0.19070679915591193
-0.11827243392939615
0.06405043417924457
-0.15796386158038725
-0.17019103717659903
-0.20591774999465282
-0.09007130256551081
-0.11459439003634371
0.15285344476771268
-0.16491854700141592
-0.17575476576528265
0.12308430551281972
0.1769418501830426
-0.112187615842537
-0.10086409186845685
-0.1650948171962223
0.10275921937343141
-0.18567028919733009
-0.07316952647106832
0.15239217662796634
-0.17762528722856935
-0.11141882731670334
-0.1924802558547803
-0.13869513403605638
-0.0850648485492748
0.14514936709545911
-0.13111521291628025
0.10866771550339185
0.13349694364503195
-0.21526180082463392
0.17416925474355285
-0.11109027815771864
-0.1551535120533124
0.23192321655152853
0.11659892243391137
0.12803672802448385
-0.19741287921179973
0.15260525390297627
-0.17165666091185772
0.12587053536300052
-0.13717763233454258
-0.10627148123915064
0.16458096212723639
-0.10618008036024129
0.11271708329063122
0.15107819240356574
-0.1484661918149989
0.08197884876409892
-0.21674718336562956
0.1219852475184227
0.18571548273856248
0.10677367052707343
-0.1981054073170126
-0.15237632814868143
-0.11694834902586641
-0.12461365569464022
0.1246480991807567
-0.1323618033666819
0.09667944717459422
-0.17808774600479793
0.14340779578696328
0.1042670691927692
-0.12279976285712825
0.10640930009888219
-0.17327529857439045
-0.12784797955087246
-0.08611259044050217
-0.1251080392435811
0.0954581476014451
0.11034115424694371
0.11998446121062699
0.1599913991584533
0.1467312718014252
0.12922724251813783
0.1380725100074145
0.12068069929283602
0.13293174624103996
0.19274355353390543
-0.1424546812160673
0.15300223818674355
0.1220207719098466
-0.11478524444847565
0.12925385072487763
0.16069333571641478
-0.09311962975020341
-0.13258049419239604
-0.11868964682040507
0.15194519286785363
0.1379423700475663
-0.17718905491792225
-0.11798937668670019
0.10002431318702625
-0.17155274089149244
0.13072911463223358
0.1984785036445167
0.1811565120558088
0.14071137182481067
0.1443674968988418
0.19746892145181635
0.08996284048807267
0.10311923711482285
0.14033722125613357
0.1282885679934262
-0.22604480235238944
0.24017691306054695
0.13411467518457826
0.19100551545859068
0.15971632530126062
0.13760062044977994
0.11047153845489445
0.19247847726016276
-0.18091436860093002
0.11335705561995046
-0.1503083899791693
-0.09685282999700041
-0.11062801744579476
-0.15604200600614793
0.09105184839528678
-0.13097271906272698
-0.1338980704754406
-0.15384272208708755
0.14032105095466973
0.10021963208843233
-0.05637561863177562
0.1282300829154518
-0.02465311705750585
0.13171541455468633
-0.1145152178526299
0.1250990629043361
-0.18209350174392608
-0.15305234423135297
0.15863515164868836
-0.11769903285051786
0.2047478386843285
0.16891664920788094
-0.13935156599258552
0.12923402454412797
0.13905712937609585
0.11140979910484661
-0.07866162054681974
-0.16326074606302532
0.11617511713902011
-0.11274009868909744
0.16251426229362112
0.15589836534641688
-0.11889023138800348
0.12631687285243096
-0.17058744818095048
-0.14185586991660692
-0.10354446060795489
0.1568578155560764
0.11777766832582622
-0.22596521158364236
-0.12089520810618885
-0.1461510546731319
0.13279731012349555
-0.1712473110627717
-0.1356969541779588
0.1262200716593277
0.10230084574976686
-0.10586487933206817
-0.14560595155726347
-0.11039635635345374
0.20309451141547566
-0.1324338595893416
0.11028604218829552
-0.12668295645744249
0.11404432290751759
-0.18521232775865595
0.169088461999059
-0.16993310486256702
-0.17280210960504883
0.1313053068530258
-0.16635918222724183
0.15266757480102844
-0.18013093570335748
0.16717490284047054
-0.1578007918584361
-0.2026472962274261
0.14063160849000844
-0.12410902463746
-0.15610764634181473
-0.14072503521830393
-0.11670410498618601
-0.22130415291537175
0.11136206337122173
0.1174156813399974
0.16006619641051487
0.23437025904653846
-0.1228256472942353
0.27088768216476505
-0.09882915306980107
-0.12581096360403146
0.12476339548015307
-0.21832756633817663
0.17369788352353138
0.19450673584920825
-0.15168662942827552
-0.12192906431066958
0.09232743531788998
0.13218934920645958
0.11377984507432448
0.11110850152516533
0.12557009951166492
0.17165068538384828
0.12641763530522343
0.05875353218075459
0.12269809809504569
0.15861592923570828
-0.16069382260621615
0.07615682136522411
-0.13028472232617394
-0.10948547291964184
0.1317252712291007
0.23856302231434562
-0.08101449317373072
0.15224685837953697
0.15371240566850225
0.16896722800848296
0.13891883833401172
0.1368573094604984
-0.13248227294814063
-0.1397529670963244
0.18264123576315716
-0.10913515204118658
-0.11658816170549735
0.15737952707821756
0.1294296184667163
0.12703892780299436
0.11061060603811243
-0.09644110216678171
0.10174566335731063
-0.23708319924746124
0.1660887273641219
-0.11597898643967777
-0.1263103904913666
0.20721355634181957
-0.12888167311514548
0.10112635725383227
0.15960687893128936
-0.18836596457676752
-0.16959060154801986
-0.17793641796759083
-0.17276709724553513
-0.2197454504592192
-0.11980949942432106
-0.07574237722519722
0.14123603647742838
0.12723497115054488
-0.141855826049883
-0.14568987861135213
-0.13519479430484002
-0.11542155949429476
0.11318727407096174
-0.1901178632824041
0.12076011164749804
-0.10303341898172808
0.09790882519244394
-0.09916179466230166
-0.11382258921184096
0.12214146639982171
0.18705125439423845
0.16381916122497664
0.14525611738605623
-0.07930831167230247
0.1060597808782989
0.12362317006761171
0.12655834709714284
-0.17487117331692734
0.17017627713607628
0.0990317200865099
0.0848437601710232
0.1397480009125094
-0.138091797762948
0.12000100736842363
0.14622722127431484
0.10882710560667981
-0.11572209261824686
-0.1345125307742558
-0.14048913044089628
0.1713498070181401
0.1290703068227335
-0.1145631626421543
0.1398832041447444
-0.14852769205446315
-0.09380468990287713
0.16083789997653958
-0.1119698735644657
0.17175048287725875
-0.13599454678488204
0.09311040886782086
-0.08574053517305522
-0.0906503189453267
-0.13201018089372818
-0.10254160384269678
0.14789659593902366
0.13764575238918286
0.16044183686483918
0.1094139633193867
-0.18680309800313302
0.1778646255003533
0.12799099685826604
0.12419954412159667
0.19990334976968632
0.17110548875664988
-0.17021989344406002
0.16247310082344238
-0.1088612633186794
0.17932587122227
-0.12960770494824486
0.15765954274874558
-0.11828772521146452
-0.13325480949546195
-0.11837965629079629
-0.14246481913087305
-0.12475108783827106
0.19636452299279658
0.1114942403370462
-0.18446186216760968
0.15027893219298394
0.19861373351208259
0.1942206226428358
0.13520145822614232
-0.1893175298009316
0.14391330161861024
-0.14749050538881642
0.12976687895952513
-0.1362610191419867
0.14011998959900604
-0.11043932114095316
-0.21196621543450336
0.12273341292411491
-0.18922616552598406
-0.17475179200604612
-0.16848122768680424
0.11506523669617462
-0.11552581469678169
0.18676722791577383
-0.14409812128998972
0.1137414047293243
0.1830595931495176
0.15819153493696284
-0.18994919438636032
0.09501466171456763
0.1502577082096572
-0.1523955040287206
0.165006976687042
0.10637150197921008
0.10281827277644524
-0.12894968305344637
0.13811232860932446
-0.14171341282528083
-0.15607042192281362
-0.1017708309579125
0.09566225409453145
-0.16195665564523842
0.14253296085520817
0.14513003327648524
0.16167664688987632
0.11328717309434269
-0.13486247414234032
-0.11458487411551355
0.11713628840128619
-0.10956884081650266
0.14638534954844407
-0.10806506829162288
0.08066184645030085
-0.11121545260879709
0.13004988053624267
-0.09495966395295341
-0.19657236039631953
0.10025962116938417
-0.14245148743501232
-0.0479969743310156
-0.13083156966112222
-0.14159561886697417
-0.10569902026090883
-0.09892551796477068
0.17719537932092178
-0.10691012936852343
-0.10866255871145607
-0.13661594836593488
0.16162584885150194
0.1278191583944594
-0.15301399764636914
-0.11860813557492293
0.16060417369746247
-0.13019418132410934
-0.14383037141327704
0.1394555001931018
-0.2072007266781515
-0.14015461837017884
0.12815482678817813
-0.1655783853752885
0.14154376075937558
0.21572656075938923
-0.14290808935093843
-0.17342004525231908
0.220815857242619
0.16932433337636785
-0.1657766402777743
-0.1848410746593595
-0.19837888191776853
-0.163190879936838
0.21266054193005102
-0.10727249641403264
0.15549482739048173
-0.10463574291591693
0.10288892520714218
-0.1551775188220434
0.1144810879228592
0.19127919445222896
0.1955858821799369
-0.15404740388434107
0.14899527913582278
0.1661049685474614
-0.11326581619004011
-0.08772154596698718
0.1390993878050043
-0.1582964970830734
0.09636927079870719
-0.044939779627755305
0.1306620427389644
0.12999421974429134
0.1591903715650288
0.11983582465763583
0.03982251480044262
-0.1335339147222401
0.17299467474183577
-0.09131889444662193
0.09380168280519227
0.18214302711752056
0.09555599068274737
-0.14864444424983725
0.168911132670015
-0.1409565970651847
0.11402997287250208
0.0663948959958624
0.15017315814365095
0.1096713090665617
0.17063767569100302
0.1270083460690855
0.11698895263254919
-0.13824543902910036
0.12085182892961027
-0.16912244165801443
-0.12683401416014944
-0.11514125877989752
-0.1871812791947205
-0.15592730242149574
0.15745008815263448
0.1962627224950121
0.10768912714619182
0.10541106555474944
0.16002016274145348
-0.1427637307807232
0.15990978312586715
0.10078533351211666
0.1421855157996347
-0.14638140891880616
0.14053038907539744
-0.1913558857321786
-0.18076484911496943
-0.08609632390533041
0.15156301236011266
-0.12665105590232567
-0.11840879520139139
-0.15831701661763004
-0.1536175473855674
0.13834267911772907
-0.13391574559746777
-0.16052802428324034
-0.15124314358186272
-0.14003214138775474
0.09347851949847473
0.1560132759723058
-0.09435567126168301
0.11893670367358561
0.07859918031875571
0.15705368510108275
0.07890799185515077
0.08946946057290392
-0.1840354752770125
-0.12775392889078507
-0.16406812779613159
0.11024250597230081
0.022619455775104845
0.10719090946534854
-0.18082300184328307
-0.10461920683769656
0.15706578999657111
-0.09982958461005925
0.15983099339022663
-0.1967574796987234
-0.1882173936053455
0.18267028615466463
0.09987619022186779
0.20627053653399172
-0.10905428281263978
-0.1287500804404995
-0.1516823289875003
-0.18032217029470068
0.15822940909917918
0.14012982550743736
-0.11900558735762294
0.14172323015158658
0.2610764647089333
-0.12781011744200527
0.16536889309883984
-0.11855675245999207
-0.14549240332463176
-0.1386261641835202
0.15032222073247917
-0.12611767403008095
-0.24640181218770135
0.15810848338075223
0.16575646113671902
-0.1197629398213402
0.11408313652865185
-0.1321590479010303
0.18294097369694157
0.1878873255737139
0.13607740713058308
0.18758235900730616
-0.17442831544798784
0.1417748646473565
-0.16376713371404772
-0.15952118298018977
0.18381468489029265
-0.12981138507510045
-0.13296567017037758
0.09155013272155632
-0.19376665504965485
0.08967562769472272
-0.12275610282306301
-0.1568596108395069
0.1030598206673262
-0.14712719093997226
-0.1768914227285383
-0.15774243905270696
-0.1656756561084788
-0.18254649991520122
-0.12630808994610843
-0.12890897843558607
-0.1946476929288526
-0.15088984047771625
-0.14532566342510328
0.14128046830983196
-0.12580848662471994
0.16674209532064058
-0.12865787444538374
-0.14006611168615163
-0.14466753182539926
0.10300096165391734
0.18475405969154568
-0.18660096093476383
0.16529619271472173
-0.12304082823502784
-0.11549515515638203
0.14663667174106254
0.11105161478571732
0.17731766068273572
-0.1651186451968325
0.16084395616679176
-0.1271005361777916
-0.13208987835103903
-0.1972132097642184
-0.10094299412203905
-0.17596408234178734
0.15950696250879426
-0.13543596641759525
0.15308656107353769
0.12607325456120946
0.17208232368747575
0.14192282573523785
-0.08404713751500717
0.11266122275705427
0.06198526098065524
-0.11699932183870893
-0.1440381275657559
-0.15415934183785968
-0.1200858550337199
-0.20062236957738042
-0.08819483483141964
0.071793494830245
0.1849198405949196
-0.15542896284992333
-0.11209192439664387
0.17754329890886084
-0.06952101478135106
-0.16153125095745002
0.10649940608418419
0.14645639363114063
0.14726404958681508
0.14826734903138122
0.09802324108734546
-0.08699931746450534
-0.10273186869174854
0.15078584416352106
0.10652708393859141
-0.14160442092126685
0.10671957325804457
0.12853469054177902
0.17216381321865282
-0.13269340282210462
0.1456242194578103
0.12361513307877672
0.10120331887047712
0.09799656864099085
-0.17924210155531198
-0.15696001269678014
-0.16184574912465474
-0.13845355106158722
-0.2088106269463757
-0.14474841021414114
0.1705341922927724
0.09086816431180486
0.1250098911185379
0.17387264732909016
-0.16962403584715505
-0.14525211735456153
-0.14159928634583194
-0.1376835819985511
0.14841189810985822
0.09384301825085198
-0.1399366288973594
0.13557366913495367
0.14780340389786337
0.11755994313086385
-0.08828410634859443
0.1416408744696028
-0.07839613852973802
0.16161584371912008
0.1081257366578179
0.15518662421328885
-0.1372333600194418
0.18789730268720362
0.14974622496931214
0.13023288332743643
-0.12361956828667349
0.19836005967953066
-0.10267716229510418
0.11198343899641724
-0.17859344104781455
-0.12580551812896446
0.11086254626847103
0.1987277646306491
-0.17330178566165408
0.1642335840080355
0.06924857323107667
0.12413070338369113
0.10735314527618531
0.21366626386090667
0.12935098172367016
0.1343425407635658
-0.10656908561698153
0.11428844603336757
0.20204299939989465
0.13761617865989637
0.17306461284490934
0.14983542787536247
0.13297999843901415
0.18122042254093418
0.14960374641008986
-0.17405622244522062
0.11945279182371392
0.11846324547860788
-0.1603054823162437
0.12545023277091488
-0.16940625723710534
0.09536774698160655
0.10687283092140851
0.07476115992119317
0.15063310761046483
0.13570933277863795
-0.11017565767646888
-0.13378232433659384
-0.20735339523918223
-0.18382975174652064
0.19343855457338616
0.19112221723881076
0.16698690338373756
0.1339229715656653
0.1087391346332279
0.1692750706353449
-0.1579023756787728
-0.1435352886605676
0.1733294240622832
-0.1461327937142864
0.13870115433856647
0.10562106804398116
-0.07880217420127802
-0.08641274053382766
-0.10574418877533767
-0.12122816317983563
0.08111287822342701
0.14215290967881294
-0.16472562895782553
-0.10875621015167092
0.0892165761219629
0.13452140061891335
-0.1132746567621022
-0.1709527658272153
-0.12612644712425347
0.19863086420223888
-0.13323798640415105
-0.14790747283314468
-0.10804734605662597
0.11119021638593801
-0.11144235054259613
0.08875930630444995
-0.09139362150220223
0.13071746129950967
0.1515009528918649
-0.1255034791599833
-0.17477868493113083
0.17909028311946407
-0.07638518668047703
-0.1406004252334153
0.10308559762008157
0.19405940824519882
-0.15965758910757838
0.10359514244802433
-0.1826299537431059
0.15273038025568766
0.13075901930965214
0.15224832320607723
0.11775856049164916
-0.09924831163190218
0.09582967275889194
0.1171376861256795
-0.16778019360472446
0.13971124806862373
0.11512027647925473
-0.15556439468680283
-0.1715679628816615
-0.1446610959282457
-0.1466494935032593
-0.13489590025836118
-0.08392984377462077
-0.10604163608748926
0.23915276843353214
0.15468721527022825
0.14478539895474413
-0.1411706534218623
0.23176055361335246
0.11155654331560316
-0.08874795452310963
-0.11729378052607808
-0.0875989868005895
0.13899833262839953
-0.21517822123754754
-0.18136318749974278
0.18426730753787623
0.1446590821182438
0.14446029107392613
0.12223767805933224
-0.11915018412247401
0.1859324101384153
0.10526494144133983
-0.17626830511706681
0.12457578549793205
-0.13224119447057728
0.10943756007697432
0.10955710522579733
0.18059208543832117
-0.08555195626622075
-0.13330109235079837
-0.16438403082115868
-0.1459286861819924
-0.12485786856450323
-0.17678697714625036
-0.12536288296958734
0.10610691376947884
-0.18014110316231263
0.11329358139910857
-0.09261071290444353
0.11287661503946805
0.17266750349863036
0.11827470123202498
-0.1473741345112003
-0.11187837038404791
-0.11455865368959138
0.15267184836608677
-0.1825207523739148
0.15620116115994653
0.150706206497034
0.1136609726821424
0.16300404878995214
0.16834825891950111
-0.13903784327926177
-0.16789535911764816
-0.1184146337109421
0.14192386302753443
-0.17089720337856484
0.17967805879664275
-0.11660746883313677
0.18026346944828925
0.13304754601380958
0.17263943747140414
0.17712837164230133
-0.0985510353723173
-0.07213493114984795
0.1442194311452828
-0.10531419414493694
-0.09518235075092786
0.13068270914107036
-0.15347386663919674
-0.1382855035119502
0.10793816507876919
0.1289068377648031
0.18455397010411853
0.16680898471130087
0.10471097962367601
0.11587140103056473
0.14827731784805118
0.12019907545749113
0.16086289482693047
0.13662994077058524
-0.1225729351873181
-0.15796208722189198
-0.1475492013125385
0.10031623515848528
-0.1744979370623099
0.22197504135642013
-0.1882004497334001
-0.17023918664226764
-0.13342782318515284
0.10641019216826898
-0.1152822186028302
0.10424724048388354
-0.12254131556189676
-0.13187298814554083
-0.1330166724583339
0.1350994784763432
-0.1500135940042978
-0.052763747770753024
0.1553437253417116
0.14716261363954436
0.14940154951213852
0.09409775412374026
-0.1643434239271372
-0.15373850562641142
0.1478982317728592
-0.1679893107081988
0.12286103801934456
0.23816277024357915
-0.20278075701909432
0.17783566054217048
0.10480944289842137
0.15255670204360072
0.09451957826904486
0.20451107596562548
-0.14310594815627767
0.10253630850667345
-0.2150178969786496
0.1474210322238432
-0.1793161784791193
0.20231864769929486
-0.09943489328602187
0.18109018232539312
0.10025856985325558
-0.08441367101405439
-0.1477867872265292
-0.09642037095810801
0.1255306625826622
-0.12030517428589028
0.08489913217270387
0.1463264840355422
-0.16735423061474353
-0.07527555059705893
-0.1566986083530132
-0.11654296635766333
0.1660705849401019
0.12324782252782299
-0.12755384441989873
0.08757158858037585
0.1392884869245741
-0.1471442907010826
-0.08618169424066977
-0.1636744503087066
0.14439569672079505
-0.09430955200573746
-0.1810810710571941
-0.15510123426118347
0.11393277446526291
-0.16294386793396218
-0.14706787401118376
0.13621714041690997
-0.17134366259273914
0.1443074265547905
-0.10203591893567275
0.12459883576587363
-0.17814511649772305
0.14389089519017573
-0.11420947070021464
0.1103193096757505
-0.1048717842736315
-0.17186029951483897
-0.12461182683998942
-0.13517613146549967
0.10211134846344071
-0.1910298568225936
-0.17152284655508127
0.14894367874793116
-0.13186967728374432
0.18431225112011995
-0.08823431045863937
0.1727047413960942
-0.15549744407163596
-0.18817012195672211
-0.18439456348610822
-0.19103788540802785
0.17231994585062727
0.17319490235261528
0.10875515306454422
-0.1778107848324847
0.09933038593871595
-0.13993406999341032
0.23049819431425944
0.11501277712353436
-0.17640760464003366
-0.1500900843855899
0.13678181227635638
0.14622165880066232
-0.09905670209305215
-0.17179674303387538
0.1640469541738928
0.15527565327860485
0.13836815050105267
-0.1517210589302132
-0.1893251871134558
-0.14784320269198195
-0.120155147783605
-0.1286280922712407
-0.15797850119093945
-0.1102779437564865
0.1488110276072377
-0.10521449569414573
0.1576845013610229
0.09105328024878755
0.13363553732928185
0.17468015744393384
0.13775486588258462
0.11983894508566242
-0.1525094137860481
-0.17234936343408416
0.1693972620513512
-0.11943778408051008
-0.09155200737795052
-0.18231308101256227
0.18074058781713545
-0.19058858319863708
0.09645961464895314
-0.21228289335811817
-0.1725205689936422
-0.11832255322653487
-0.11279076869576739
0.05741926778687305
-0.1264313651589474
0.1839657434605541
-0.13010882162211795
0.15347916040203402
-0.10963788599470718
0.18202260949011534
-0.14155538319217087
-0.1313145253332315
0.21210910074572573
0.18200953770033051
0.15006871551750003
-0.1314051311679021
0.18751005658581027
-0.16561694930942886
-0.1452647098817083
0.08282120156710984
0.17156546437057119
0.1813790745398952
-0.11610008445300797
-0.15186632785362658
-0.167875293332644
0.16292105568852944
-0.16642316937354504
-0.21827828840677665
0.14907255486277515
0.16396994705177192
0.1173243456013544
-0.13087358607309432
0.24433196978012095
-0.15170854281092516
0.13986618387343502
-0.10108096725383564
-0.09288222994731467
-0.14548652002645476
0.1615514331109034
0.10412465263320242
0.14795034756764666
-0.17531150366521725
-0.14141138654039803
0.10317446555036314
-0.13516375230682798
0.15417067156285028
0.16620523571527582
-0.1092260582793304
-0.1947321085489752
0.1340752338662205
0.13483904729296103
-0.08440605367916268
-0.11679016061081099
-0.10146908462567593
0.19032979342124362
0.18109639917100365
-0.16903404945653303
0.16557487673721322
-0.20619711495363302
-0.14591356277891926
-0.12892276213224058
0.15853473570987442
0.09236774678136749
0.14833313437617246
-0.08691564089529746
-0.12360429172579523
-0.1467887045139681
0.13673637551287215
0.1070612832430311
0.10962822710795735
-0.15331824265140667
0.12337815703176926
-0.18641223463278955
0.07881241824856257
0.118919305376581
-0.18653476123216858
-0.14928547906624484
-0.14255699404422945
-0.13413426281723714
-0.19164786988694968
0.1334265683790483
0.22012442776502916
-0.18413186942144855
-0.12463760462245038
0.22868065045616764
0.1096028902808589
-0.1561476154043303
-0.22137790865829318
0.12923837617866585
-0.1103345430720275
0.16693610175877796
-0.11662907935164249
-0.1184018974098789
0.14078513061193787
0.09149862631155897
0.11711306192028706
-0.10826849273693157
-0.10990397896091139
-0.12925355974263036
-0.14430428048779737
-0.06159342596272651
0.10377263861037735
0.14607410853414743
-0.09671842903506292
0.08886463979642048
-0.12709762397858732
0.1472675961106809
-0.16175547583867383
-0.1689149506677728
-0.1506597605167728
0.12800151073365446
-0.22374802777282607
-0.12877732474435094
-0.017044038341550223
-0.15242218504943816
0.11632861927814771
-0.12252428657789743
0.1387809685185848
-0.16768576761799153
-0.1543246279998643
-0.12287820191549025
0.1273824475806249
-0.18786969577420679
-0.14631007579600908
-0.09360895609142764
-0.11126866429059465
-0.10651189080808374
0.16294256438489085
-0.14264025761686683
0.10746761252429368
0.10009194884655498
0.1707637813649534
0.11266844862387103
-0.11853360598186236
-0.17386043229498147
0.09866825944379794
0.11010702896004133
0.14310732888071742
0.09804060630129845
-0.11414712076912742
0.18187433462605215
-0.1160651249986168
-0.1515260889280706
0.14922710348799706
0.1983435705276242
-0.09654226773104677
-0.18624603572348905
-0.14650110454923188
-0.19554653794542143
-0.09629599825034638
-0.19142355664786034
-0.22159542637601268
0.13504794018021468
0.1381468428189807
0.19805942984588085
0.13387560192731277
0.10418750226148138
-0.18549928742111996
0.10706384577481497
-0.13659398817963178
-0.15707512365265605
0.10874743437998134
-0.11261480956122707
0.15519416286430396
-0.175393746130355
-0.08585017582803511
-0.17196635550977749
-0.08520361111708957
0.15466173999867378
-0.08555154597197934
-0.13440606599946703
0.11345405034905645
0.1499250959610434
-0.10214370340179105
0.09834621532292477
0.13020533218439356
0.18111608409587462
-0.15989031666303682
0.22183479961248687
-0.17995111617024798
0.12070366943202758
0.11835603806300153
0.18997009077197
0.128549708124511
0.09506139324135693
0.12278706122389038
0.1753073733771606
-0.2448149095311923
