-0.08970691653572271
0.02341572532543911
0.022886028844948357
0.01887058274557491
0.01062874031094039
-0.030165258353114704
-0.023249189770225085
-0.0028253552145842257
0.007737573920380972
-0.015392940000657874
0.19678051776804814
-0.03669666931823197
-0.005993730507007473
-0.02289818860416942
0.2070273049944723
-0.37217997214744647
-0.17382135943801652
-0.3601939007015282
0.14819512785275096
0.23143293607786838
-0.0040837151644128565
-0.16297004686559713
-0.007998502898277353
-0.024458915675350114
0.03927811803696356
-0.17018025535221298
0.4050764193074946
-0.07448748397101229
0.31103254683468246
-0.12539938328851877
-0.3371266820846463
0.2775048213904667
0.15862327258104975
-0.027367167347573277
-0.04053579868733799
0.30933032865546256
0.23147099297164303
0.17908349715677851
-0.02834744960861246
0.03517604281271049
-0.14302855062566389
0.41414454371032
0.20937221562799216
-0.07282109330886255
-0.0564412236199644
0.08087485996065712
-0.19776576072248153
-0.32986924272119356
0.2387125869338813
0.2866113720720046
-0.06753436681500857
0.2956877304184165
0.21889492263822266
-0.08505342916464881
0.0545151898656014
-0.10112756409714219
0.019053625457393357
0.1320944542817623
-0.3118924056857366
-0.014999571714342973
-0.2562433221669257
0.19086363872412093
0.19473981996107295
-0.3574418727838034
0.003877211573144723
0.007073331190205753
-0.09567254613969893
0.3473894013550318
-0.02115833629273643
-0.2777211583872808
0.07092842353049951
0.12183943627103057
-0.35365929557841924
-0.4257545510681634
-0.08388178341888841
-0.14304496802753963
0.0924300906263662
0.2289489445669987
0.013891007368228615
0.06951192981063886
-0.06148361965548559
-0.3241390034072039
-0.2203076955338657
0.2175689457889266
0.06811770475510262
-0.3122122653026863
-0.4430604902419726
0.037952418677207875
0.041431755031679264
0.0032744592836878527
-0.00013926498161211977
-0.1399911175764708
0.2046668505222446
0.36383656092852307
-0.3228031567460353
-0.1463890768469059
0.19416337689470575
-0.142607466637729
0.4454438341056073
-0.056759621531080696
0.24152959158375054
-0.3212493222931514
0.10595680645417038
0.20522864292642956
0.4824704714555259
0.032739952170510365
0.11409805860052191
0.047977526379385856
0.18826915114114068
0.48746760873557055
-0.07292296419794142
-0.05872948293083008
0.040314395754717236
-0.13633577144152192
-0.02932544766780961
0.3886553550020308
-0.02802506737355167
-0.010542302088427836
-0.03092540580978006
-0.3900763860102908
-0.3746386856410444
0.2905812465550906
-0.03437344853512822
-0.05373428770536696
0.3337070586567156
0.19092454807764891
0.2114761711603952
0.03880003800631851
0.22666124649289335
-0.3250159105692708
-0.42101827113749146
0.512358929386897
0.29319829691168364
-0.36118448864581876
0.4058538525017047
-0.4069088951128772
-0.20800344909003698
-0.35715045289433084
-0.42168491724102103
0.041962395744261825
0.08380128746376782
0.333215472226459
0.29288274472335474
-0.06519533195287594
-0.12050167311422304
-0.1478408904315116
-0.06773365272026413
0.18915623527298356
-0.1407860847404655
-0.1751798714399342
0.2575371780222003
-0.25021799331536415
0.584412457638358
0.4528619583115865
0.2356485426127355
-0.3294602194480495
0.018896424398780646
0.0971687266968089
0.05370954825094387
-0.004203488623258947
0.1914388141682829
0.3217070158798744
0.1296886355066857
-0.2491969324290811
0.248988020553608
-0.041849812982840906
-0.06732648665899696
0.37888302215112846
0.06850756226455558
0.2846213555180752
0.41510995260365324
-0.1412952515014796
0.41362515578443293
0.36179010707162296
-0.06968443230244536
-0.40828959635397577
0.3398900117048522
0.26796648539354323
0.200573206967126
0.2139576597791207
-0.10392043866900968
-0.15060194466513635
0.057689847971023105
0.31070955200006223
0.01186534800250777
0.043272030703230144
0.061346091083181814
0.09562114433723404
-0.17417936661158023
0.16971335561361334
0.3221941635651365
-0.14482982869841698
-0.28460580931853563
0.28374029331122586
-0.10013540396655159
-0.08786483172100154
-0.3586535472994944
0.11630750116631691
0.16443159112265843
-0.3791265222732901
0.15139056724306574
-0.2868930525633157
-0.23246630430449394
0.13468220445463905
0.02300995818448448
-0.10041071201487578
0.26585562236437293
0.24358651797355105
0.349812709789309
0.1745481093864222
-0.26599279549924715
0.04791545698283157
-0.006930835319401229
-0.14401968356064948
0.3316220572968217
0.11285394325338477
-0.2323743159140112
0.34959374618806244
0.0071586667907251045
-0.4411605021784478
0.03555650190715159
0.3592563465312626
-0.08708064208828314
-0.017887886727809527
-0.0755121337814589
-0.21085246402636648
0.29875395866301985
0.018197671253535146
0.2063841928239492
0.30805233972439466
-0.062026097723078155
0.1073789008519979
-0.2523236417369161
-0.4808309228736475
0.13878570322676248
-0.11232189576154213
0.06330060284751543
0.024273003686844284
-0.09327857313491353
-0.21244905850507562
0.16795972046513874
0.018650509413525477
-0.2482892441716852
0.13207014292350255
0.1485960928719599
-0.0246122874398646
0.327531497123731
0.30651899811293104
-0.49035888307733466
-0.19972931975988562
0.08257915787225717
0.4585925329477864
-0.1335032455775152
0.264100598538119
0.16523794803154018
0.246822671404529
-0.01217628279236575
0.2370242192755142
0.24162558731448788
-0.11903928854639576
-0.21926800908405625
0.1143203644134415
0.08778281730061555
-0.3168006778768502
-0.08639868051766016
0.1568933170643909
0.1953496699493386
-0.21030336086517687
0.04713260710035333
-0.2451811195875776
0.08418272252979808
0.20298078746887555
0.35844604482406645
-0.1117353494669459
-0.14785983920638007
-0.1344347289785909
0.2617183276045568
-0.09501335369010433
0.29213658858550084
-0.10209679181754408
-0.063113063497441
-0.09527740090186124
0.04406406127943765
-0.19272350753806278
-0.2270621132769662
0.20699032948779506
-0.3746082084101172
-0.41496970533756466
0.5366460699007598
0.04008124858982479
0.22154559145356
-0.0381346972440684
0.2540981451963009
-0.29031883954734844
-0.23572517936044354
0.16056039921510717
0.030887906706495778
-0.032128093191338435
0.15929721045280676
-0.0900669885785009
0.03126747009456259
-0.2641543033624121
0.1015994831581151
0.5205115223374028
0.22416953015599742
-0.2594699562657883
0.04046579648231444
0.35364530528275495
-0.028128995051679404
-0.11779788020358017
-0.08472596084792432
-0.45766740025161823
-0.16001495193021828
-0.11453736234263223
0.008171051883463884
-0.19520059496662284
-0.31011040200406
-0.023766864848903023
-0.0379665582823889
0.36781920909547583
-0.09816252000083182
0.11236082858686366
-0.3320776861010757
-0.15827709187106548
-0.013756691944848288
-0.061863054080863115
-0.16123641964998608
-0.13410792311545766
0.05347878869681788
-0.06436093267964733
-0.3153891327240485
-0.22066110083426743
0.5040475547386498
-0.21850477324834622
-0.14439186736966092
0.36386863764282723
0.18210622903281595
0.32991113601400607
0.03310127594032837
0.04066480159461479
-0.30503780316449663
0.01573353496856435
-0.04470067440058453
0.18319881395753138
-0.17770363766386704
-0.16057299341026768
-0.1438899101689306
-0.14315987923951815
0.13035849937071164
0.2236424734648062
-0.24818808138563966
-0.07760909347607751
0.08532787281332412
-0.023736491294926138
0.0829470031351911
-0.16971775141080098
-0.3942292295683627
0.33775785240051115
-0.4510884928095541
0.38082237919214196
0.0925858521163466
0.16737620871531605
0.3653958348513876
0.06365096343138993
-0.15779913708800083
-0.049446697852712426
0.5138769389647077
-0.431916229035525
-0.2212559387722271
-0.16992163878864122
-0.08631958267535744
0.12550244763339952
0.05286813273199325
-0.42995527123772576
0.11712641137078293
-0.265485096447446
0.06979243098148474
-0.1546388251234338
-0.16794423218178056
-0.3032827657545134
-0.21882844435672305
-0.03821122882300393
-0.11937547368093963
0.02176633826981674
-0.047364015612490935
-0.38084074036003396
-0.1436149641741768
-0.0813180351552758
0.18185413781802431
0.12060499507315935
-0.0765421541208627
0.3319521232177163
0.6155841020147403
-0.4691493695567761
-0.40623413935150016
-0.40100043963750237
0.19936668348992495
0.4048822690661839
0.04684611886733723
0.3885818361713923
0.3378751815973169
0.07709779432059512
0.009645993569067896
-0.4243953554120543
0.33242645757467953
0.1252347845000289
-0.4436685630322811
0.42391085066299644
0.010210328393117425
-0.3917160484888575
-0.14383311662595993
0.25326156094340757
-0.37409085108276596
0.06228769437980648
-0.024186403533928865
-0.1569151755021293
-0.011089434540498532
0.11645765455213192
-0.09797767176956143
0.2900638629371503
-0.3113404983814615
-0.12581475930145117
0.02553766114351537
0.01841749838946912
0.2951031735785983
-0.14377095898408687
0.04298476088196852
-0.02134000039214306
-0.044264956187787745
0.08638693475239076
-0.5488163089759672
-0.3996426046366188
-0.1719304426954798
-0.0033759301057002325
0.029762419462021898
0.10771619369075966
0.29211671840768816
0.16411952452512052
0.23679641226661263
-0.4292009230215046
0.13783527429044928
0.03434327708090586
0.37394230245073384
-0.0077509569822383885
-0.15519471674615198
-0.31854953356974425
0.13123717546450242
-0.24199123415017906
-0.010049736683416122
-0.13864643084981693
-0.21426303444614408
0.2030623801729624
-0.17941009995890023
-0.4723930788992343
-0.5438517551378347
-0.2413117223803659
0.163633266050334
0.20111998817031923
0.0251288267417984
0.14263870510008198
-0.3993047213047428
-0.44073673744927305
-0.24341660922414646
0.4296414288802898
0.40553120134995935
0.03753097944248083
-0.33979455715664436
-0.043844251454114816
0.014316817529342975
-0.3062720381020767
0.11570414064348422
-0.16678822496663406
0.31303426090121833
0.09440435441968106
0.09755390683221647
-0.2938821914654807
0.3903274177994547
-0.01813161637931739
-0.1625609850374784
0.1737315649917595
0.06642123206906006
-0.1314498562562616
0.2486545585042423
-0.1876690773641925
-0.19016959418194418
-0.5038765879093847
-0.4333561551364452
0.40630261609276785
0.1686043199370562
-0.25892872460430194
-0.2807840700287796
-0.21064426150093446
0.3240232108686375
0.10720491793308445
0.23396767518469094
-0.1231788656652662
0.22424256888599692
-0.14562244395716062
0.1568195137731177
-0.2392828117504218
0.09071006608481423
0.23359969091828928
-0.13963528491393562
0.3903534096325735
-0.12908904970952367
-0.4353424187067417
0.26223091512386637
0.19648197315313926
0.10639739729454305
-0.03747160132150179
-0.5160546954723995
0.19180322219094145
0.035563544214633425
-0.0493139309670272
-0.05926932565158472
0.2767672817273674
0.36218370865923066
0.2450327645312647
0.10402869005792374
-0.02778142008376483
0.3374768311309131
-0.3662282817696761
0.2085505683012856
-0.18026012951625103
-0.4143618258011351
-0.4390322887378479
-0.5717340933788447
0.3666907034252641
0.11278661819635546
0.2678393551078942
-0.013525311661081323
0.3086961113443262
0.320274734368979
0.11591670041559594
-0.2853366908947739
0.17433197640612774
-0.16349099119697827
0.06520803862714393
0.32380327989801516
0.10419733745035939
-0.0277644159948254
-0.2262248603378944
-0.05323566972743937
0.2862184468699245
0.0767188345470716
-0.5360495406183896
0.18300375754006468
-0.5744138038272593
0.49823221833685555
0.13341255714905698
0.1277236708103907
-0.19328289178515082
-0.37113131797130405
-0.2033240728050041
0.02845437386901511
0.41383236721110833
0.1677609817985078
-0.419312667883789
-0.09131708877330162
0.23749034418244488
-0.19930568305660273
0.27261940803063345
0.10606198631060237
0.12840725164071282
-0.16918570953942647
0.3294557143713941
0.03400811155582733
0.0599766841934788
0.490576655733742
-0.37735813869673807
0.05849030750227515
-0.14821765662717606
-0.11289002739357493
-0.36030127551675356
0.5005308143749204
0.40825674306741366
0.20445270553561906
-0.4087113280430214
0.22804839922946418
-0.022427771427005017
0.14901857938653323
0.020551211648119662
-0.30983932833759864
0.10362722572969418
0.238268534653413
-0.06638665159680951
0.052522547415371504
-0.03336913891360493
-0.38903659565091975
0.23725374954076234
-0.10424302418906292
-0.33953695346106405
0.0956304549449801
-0.023781823204576995
-0.18959542774399285
0.24609054173062442
0.12948277211179754
-0.06657182968695043
0.10556953657776966
-0.1682017036814577
0.20010078278544202
-0.015100995183301897
0.15018619971629982
0.054960489037476246
-0.351248520822397
-0.22549689135571302
-0.20248905252898353
-0.2108211900034136
-0.06887866508741683
0.2984918194767937
0.12745217828329414
-0.14881537894764046
0.11298831072289811
-0.2579899332547005
-0.043925101657862994
0.41218683509344084
-0.23050665491380276
-0.4540238688548513
-0.358912689224277
0.07713964502615693
0.1438907598933093
-0.43433425903056994
-0.10819516482539947
-0.001395998194941236
-0.21472847130851058
-0.23844022430708942
0.16976071006407317
0.07286295450740285
-0.3132027796435213
0.07329388871073812
0.08334818189712684
0.17434588287634092
-0.023707660702866677
0.06061910084063801
-0.015724116316077466
-0.23230835614577153
-0.017095374873698582
-0.22887624662589165
-0.20579962791276785
-0.38032230925868427
0.22465148321908268
-0.16321199753191207
0.189909300170722
-0.5286394231341168
-0.08369843390629958
0.2798740735136548
0.06628159185742297
-0.2571925104874336
-0.23377463299061035
0.021863723669005734
0.6211548947748988
-0.35217324960206653
-0.42898796246507487
0.007613677286265419
0.04622386108916222
0.2437395039567322
0.23029334973803808
-0.11269956018123117
-0.37841446355641
0.32287550248477026
-0.10677796509166187
-0.4302293073517983
0.15098579190274258
-0.11571370606582466
0.14912838698243241
0.022398182231729794
-0.17629970881901197
0.22682127770738592
-0.2474249650552951
0.2135266685715253
0.017895453871327346
0.2600762050444747
-0.030097309484972634
-0.33550213215624636
-0.28043805324794874
-0.09387307811051707
-0.17453469135558383
0.2138295262554289
-0.08536032002757961
-0.2210211573111217
0.3274826563388503
0.1837221244044248
-0.1619175768453524
0.1126252622453284
0.3983039425257265
0.2519395949227776
0.1634133922167298
0.11227823803086837
-0.5963601808439392
-0.0904157136739118
0.2526924887401265
-0.01788741017169873
-0.22548253391961803
-0.2666346116090359
0.00634645283064004
-0.21665067464845972
-0.23917951905404508
-0.054893401166614134
0.05540481586527574
0.22061397987009362
0.13753350700735317
-0.005507377770963132
0.0005721988794349441
0.24253733917071885
-0.024981578931020026
-0.10705410073810176
0.09886460923104706
-0.04153795717087076
0.16059101842360163
0.32034925091484034
-0.007853467217678545
0.19769358070522347
-0.25209523709683557
-0.20180330614000247
-0.3616554684170639
0.18066480587935396
-0.4340669698388733
0.16105096329863083
0.3058835980382053
-4.710807023347194e-05
0.11582101033696449
0.060027433541087
0.40433383367167286
0.11014612446675937
0.08048128921164799
-0.4396124950471447
0.17337200664577024
-0.11681549239791975
-0.21402872125658695
0.14055827815083954
-0.2165907581595175
-0.019243748737461278
0.0892623382126006
0.2184601344813022
0.32324474888104165
-0.10498356720953787
-0.13822323020812655
-0.029571870382383625
0.2319924037154696
0.36896394212215367
-0.3154710679836513
0.26105667532197196
-0.15652632856495957
-0.2895192168682618
-0.26480531339696733
-0.16187060809531678
-0.2083003054956154
0.36646905878375713
0.18913780762445104
-0.00798760729205843
0.3405726717815245
0.3550401045263969
-0.4229973611051374
0.05130604312353778
0.02103711249422992
0.055082481484755696
-0.35291411207512546
-0.0074265616204856255
-0.13810775465725378
0.29354253049035317
-0.0731063910044639
0.012997939372868283
-0.17359059523791315
0.25049249742772206
0.3414829602324564
0.004978508371850335
0.08502390163194654
0.3206204841529281
-0.20650094006643194
0.3849639806780629
-0.10085079293981168
-0.23529234154586676
-0.09098336043181046
-0.06588079295175886
0.39139492906185075
0.2972611367045366
-0.025680425299392184
-0.057224292221742745
-0.22570833405635543
-0.23789293880452755
-0.4704531320827883
0.05317522635583872
0.27959139404661
0.31901754684432587
0.36181173316036097
0.22915768036584
0.2125577094396973
0.08962394248772486
-0.027992344677093633
0.31755590193893524
0.042068439339996586
-0.0975389124916981
0.26817087348262036
-0.5773417224742382
0.19759699458361069
0.09634317246604271
-0.08410652956234595
0.05226949456937742
0.35280689071512794
0.1659795974943158
-0.2977920826405512
0.25367325211510494
-0.18258648886592277
0.024569312379890962
0.07116860321208093
0.04783676753861624
0.10574903370085542
-0.4888054890943398
0.28928035027284726
-0.3448446097358959
-0.11866382525572074
-0.030857824533702734
0.26121788179799066
0.4523702262792576
0.3479803065512519
-0.13832820878591326
0.08346444372383185
-0.40042539519651466
-0.23641228618959984
0.43211641934279743
-0.26810185120287544
-0.25712701298410284
0.15970445879161033
-0.21274571956051647
0.3380461435949139
-0.30365343043104176
-0.2110627994137685
-0.21342400841400533
-0.41150905068220467
0.21723355007311412
-0.15585855505983773
-0.04278750899727542
-0.1781444927070919
-0.39729010505171447
0.11058728126676826
0.369342595458647
0.38577989137840374
0.06322930071132854
0.030194761854742007
0.22652245456896777
-0.0845748720066429
0.23195650899472342
-0.27224617425318
-0.15968302102183268
0.03357741533624482
0.3281304731709514
-0.2585247348719427
0.1592172057679856
-0.3736241835251667
0.26294239920270335
0.0868367023571415
0.26778087865069433
0.1266739124229891
0.2919280618180681
-0.3334570682268666
-0.10214990035177557
-0.07148204377178227
0.5554253175309405
0.014613958302895903
-0.0708696256243656
0.4517381837372258
0.27392201165608077
0.2997101124904576
0.019766896838151034
0.14883758057592744
0.3414465004269021
0.06587639916415243
0.1843024476674713
-0.13013916712820922
0.07137204125785969
0.23712685450479692
0.10870539809625471
0.22069901471190706
-0.24147248710546532
0.06470719036970224
0.057570490408759556
-0.3444567970035815
0.3184482187000569
0.30930680348036677
-0.31293987427695635
-0.33945032882223747
-0.2364323599590891
0.42004537673001124
-0.584705116568188
0.24267668619278948
-0.12786852796301867
-0.27660187231586714
-0.23025187432394173
-0.06451970194116746
0.18189950467749083
0.276392049791205
-0.16273432790042555
0.02360778673018743
0.05012212733532596
-0.0627264925876096
-0.063017551584829
0.23874246261247611
0.20777011664415718
-0.05283218699001524
-0.32483023756870577
0.029365770014498874
0.22924529509892694
0.09432575436403548
0.4580703157437753
-0.1864505500262824
-0.3308951132889527
-0.36503713107704483
0.024182526052478347
0.03462267120359075
-0.44712960451420447
-0.09100777086335285
0.1024597045206548
-0.22454878668589406
-0.049613833440678864
-0.44279272612760406
0.5724382156569398
0.12670840481400725
0.10784472911512953
0.23114175791154687
-0.025595096950381507
-0.04784276587406075
-0.054352940701335506
0.23731943580117143
0.18617088060600698
-0.3064817474835232
-0.04811207493843555
-0.08133066059301654
0.11600072588641583
-0.2881262473853823
-0.1323333494452087
-0.17977376498662012
0.045820597549937156
0.028087179737079204
0.39034642870438907
0.30975980703507566
0.09011767409015037
-0.3030196289124769
-0.0865323175037032
0.38539244246192395
0.1577594834164066
-0.45503475418601735
-0.3165039245892638
0.038526055098213
-0.26040648278581746
0.21721285733293402
0.26767224031070713
0.2728123217075888
-0.5278823646634376
0.15344984922782007
-0.3135697438783335
-0.335672590810527
-0.14535475542815168
-0.22841238530491834
0.31947564353543134
0.08535054939622325
-0.09318849481798899
0.03577345346430359
-0.07601430136958781
0.2990708081302525
-0.3432028548864332
-0.2541218013065483
0.2347389374579427
0.22356789017304246
-0.2553076218218912
0.39805095916389927
0.3524659753842365
0.17510572098737304
-0.30185794285356726
-0.30298851103732743
0.1923132856848492
-0.13661530664198213
0.05686303784210746
-0.04706210531034981
-0.032490919969880495
-0.25300090411753073
0.23711350656216987
0.14702017791086308
-0.2266972177424395
0.0865770556234299
0.0034959313387157706
-0.15793945048779878
0.016761214634042818
0.2977454844971236
-0.3124178487910687
0.12626632777149782
-0.22956430585929338
-0.2512457311110111
0.3058821200541092
0.17305437567502024
-0.27203757788935584
-0.15015146413865532
0.30028322372819966
0.30020482156621686
0.4175869901014876
0.009612418196458476
-0.11134323863608593
-0.46079699149490877
0.1972580264995772
0.2378525044429079
-0.024210172948167945
0.2708243164946006
0.41485703646965727
-0.08404536005842592
-0.35900277450409923
0.1391766537586444
0.095688966191669
0.24968837960594448
-0.4535050814791958
0.47612231371674524
-0.42718300529324416
-0.522284369834356
0.04687886366685329
-0.07504523632411852
0.03916151666087614
0.16356487091440924
0.09852677591742202
0.2353129639753411
-0.06574773420739158
0.20530767558598387
0.02161080529878252
-0.02899521687597078
0.0743273914088586
-0.5206411958153935
0.24397658102918404
-0.526250695922687
-0.05350922293347385
0.24785340637319994
0.24923869859062617
-0.5027707932243032
-0.13190277432036596
-0.19664400969782087
0.1573429022995109
0.19377524055103398
0.19730660246483456
-0.35805642804816945
0.04908565676262995
0.31899804853246233
-0.09129872337129649
-0.16497402401695935
-0.1588432003604809
-0.15440832077065558
0.5009744662223875
0.5026911207879734
-0.09770247542729214
-0.23022721223378262
-0.06283119602944284
-0.20784218268408547
-0.35456532714314937
0.191493827286063
0.02542897366716681
-0.2630217167176643
0.31000165155615267
-0.2954199787776584
-0.5397748490550983
-0.3124169241891599
0.4418394154046861
-0.009944525411041988
-0.3760087853904292
0.18332914035551068
0.21946774249322226
0.30398184650472343
0.22241114949203555
-0.028724618024795975
-0.036860373222750396
0.26066264847095044
0.20684006477229067
-0.5124347836775538
-0.3779119689475011
0.3762897704069669
-0.1927897452390967
-0.20415355650070094
-0.4847197513085968
0.43283266838847856
-0.5464875583940827
0.03473489263290434
0.26887128538294125
-0.004809338661196245
0.251606199592886
0.28870398006810777
-0.1314761601985018
0.08965174711592112
0.0539269049460264
0.24070626453480387
-0.11916997742020552
-0.09322389927077232
-0.27811269673825495
0.2600806050799132
-0.3005755619248485
0.019550940091338495
-0.08257263461441977
-0.2284532154892599
0.387103048826441
0.1944615646923276
-0.348142592690311
0.019468169268141353
-0.38633516190868794
-0.14585586451182148
-0.17284166812129909
0.30004259280048307
0.5057630724289921
-0.25586951347818326
0.2811523522649484
0.23893610766678358
0.3335111134277499
-0.1426348261280098
0.06392070822498333
-0.13740789570661746
-0.10621799968406802
0.11971223526440651
0.09307439346065041
-0.02160811133751209
-0.20609653483540855
0.007099573394923277
-0.07564216952239365
0.24002682499451972
0.17100866801189124
0.01867300849003317
-0.39965890079643573
-0.19985761930163815
-0.48484133503248666
-0.22154087719812293
0.1183034720529868
0.05650583462923076
0.24909333221531338
0.1611965168612318
0.18681875098170458
0.036087182747878255
0.03470804549664844
-0.37131091440527764
-0.36751641325628237
0.22935011225438506
-0.09805264616633003
-0.14418479940101847
-0.23750619801911788
0.08206009265296901
0.25886523346211787
-0.33592218292896536
-0.39653926783567545
-0.3645478810200924
0.06103261922827921
-0.03737844357953768
0.28767638894941927
0.0787391057726444
0.055392581340948106
-0.05417690186786733
-0.07420576566886372
0.10310478660569612
-0.2853593654340293
-0.11775393838730963
0.25622629649716855
-0.14835602363443093
0.22427967746258676
0.24639911207907358
0.1200236698594653
0.16017855752141785
0.15262166903401714
-0.1454812645753517
-0.1617458465550024
0.05130415584454143
0.12245209744971935
0.0885976982964635
-0.25355040969018605
-0.3461114455748856
-0.36633627892665277
-0.32389559497916787
0.2504078984317051
0.2798177301961373
0.05110292623639509
-0.3291857523514039
0.18964945179137455
0.13040008230520805
0.01657863111577229
-0.20535385973826076
-0.044170102525539684
0.049118412915631696
-0.20426354956874693
-0.2303822373613968
0.12183084705130336
0.2219182041808859
0.28823160032187384
-0.14274664469696005
-0.21551229049007006
-0.49879040864395247
0.3245346366001898
-0.2086110515284232
-0.16181657288255463
0.2233405766366346
-0.057939126324395594
0.37508953680930446
-0.4434781182209031
-0.02899859083638099
-0.22272514927158643
-0.027141979557543272
0.21104320545475858
-0.270623685138785
0.2528801201255897
0.4281932079018504
-0.15467276527307935
0.3099611238786725
-0.1004516211723316
-0.02133052782917243
-0.05459840394045667
0.407941859588022
0.039335242698461295
0.2913166452417605
-0.04918403630719984
-0.3433623778349554
-0.28538819315981384
-0.009204309579471092
-0.15613694837767067
-0.15457417535383372
0.03833160905244825
0.16742406540834073
0.2128899917925094
0.16036613910041822
-0.17698526470186376
0.11080816880061543
0.05461831246006152
0.005574649452627129
-0.4272987772809448
0.3969967921385015
0.16054514311715018
-0.18930682155197104
-0.15129845045048468
0.17221092758879467
0.13833130160216012
-0.14934801893530514
-0.35260994608292917
-0.1079172436733542
0.06311145887433436
-0.3738723147654657
0.3431749995550024
-0.27749614596344746
-0.36455232781335845
-0.02145724142103953
0.1449514048089669
0.2141480514813884
-0.2755529088928621
-0.09940208031074313
-0.06713274154582666
0.1455263674613554
-0.25171890058393254
0.4493965624914898
0.23943757731297982
-0.1351851601663223
-0.24182069821646907
0.32817617030108054
-0.19098169096680048
-0.2764038826073535
-0.4363659098263418
0.4921720911941612
0.1599021462766213
-0.26897647945960756
0.5228416802077203
0.4958804313660138
0.28972846602101243
0.29237093547644205
0.30652647809541383
0.2896214671577873
0.23629171649447903
0.08925405327804353
0.32340352467183686
-0.025773140504632294
-0.13604403584148098
0.31294335035821935
0.382940362609697
0.35466035803477247
0.281456578424355
0.2613256512583011
-0.4583411729321776
-0.5345365860510909
-0.4716085175709352
-0.0879042697383829
0.032320568254438346
0.27798393858406356
0.38079934854444747
-0.32464398231736613
0.016832360860607767
-0.12541517189373003
0.31547920950422315
-0.020820434316586235
-0.17146962274888344
-0.046711397633738
0.11455476433068688
0.019396758186637556
-0.12301530760080119
-0.19199416391581475
0.0707447729576514
0.12172542866884653
-0.2789028053670624
-0.11698200968486233
-0.3682679523361127
-0.3494606678752388
-0.2643471893803548
-0.4128722958699026
0.04364195184456095
0.25797938137737186
-0.18217509495640022
0.09521960921761834
0.28985314174199917
0.25103838256825284
-0.18181564681450157
0.02148978166193264
-0.3754964946245535
-0.1598228336432534
0.42567004401283337
0.07574645722483898
0.16209388801818897
-0.18261911282198834
0.01897606158268393
0.1246251370512666
-0.05502247913727008
0.17045537924957221
-0.344153988630594
-0.2151613661582883
0.20872037194246776
-0.0722512298299523
-0.09347922194254493
-0.10537182997040567
0.01165562098732917
0.08818748462254442
0.16226423761070136
-0.1952002357683565
0.0004910525094612025
0.14708738739789332
0.25276947356796686
0.18770574213256241
-0.018180581337830376
0.09321034265551732
0.40343073571184795
-0.13057368688355536
0.501383048856969
-0.09034318453554682
0.17842880853129184
-0.3029328488969714
-0.09870713649305358
0.23922768685448353
-0.10533584561134954
-0.5546697707538235
-0.3424014640259102
0.02002363107497692
0.2415569729722415
0.18355508316985109
-0.28013025209010467
-0.37119537136960207
-0.4464727195994476
0.01654307464010757
-0.20243947794628853
-0.0751310979312897
0.11452746414759676
-0.050754453057759046
0.22666141142272198
-0.13327667765240225
-0.3712966124798569
-0.1892062228279605
0.21682017524467323
0.24997355941501692
0.2126047687803115
-0.0870996426912822
-0.3432225047999237
0.49464432855812246
0.2909292090902681
0.2705375521175548
-0.22406443920126104
-0.4995954569540461
-0.1759835058056936
-0.19473843164816945
0.4997989783118594
0.45398792196834203
0.16333323922567589
-0.44576438764752574
0.3994859333829577
-0.003643336545210488
0.15218525792687068
-0.2313874463194995
0.316377457263664
0.07948373769415167
-0.566647651164622
-0.3070138986814287
-0.3983155350489565
0.3394815020167081
0.29121839079260947
0.40095764892041497
-0.05279717479739755
0.07459741257468383
0.23842437419375695
0.157649988495735
0.5742952435512971
-0.0933098428040208
-0.5807183031742433
-0.5055124950111721
-0.19947561546150475
0.6050708857938035
-0.11563456194242663
0.08460950251501408
0.28915642975376976
-0.5058054032027799
-0.031847505665293346
0.5090381328691236
0.09997649544459161
-0.19111867465051763
-0.13036432038379764
0.47350654910191564
-0.14418194002418194
-0.3690523304275171
-0.13063103113785945
0.22365984110305398
-0.06099705513068679
-0.28692871488381533
-0.19561913385793545
0.055038289256211625
0.2951142527882715
0.166042409667881
-0.09940699625498657
-0.04307776822246215
0.12819006951559375
-0.2907086063132083
0.2803867854547313
-0.1966682842380045
-0.28246659129352936
-0.37172801406825273
0.46964419162606225
0.23170245009434481
-0.002982269879788743
0.1921704109383055
-0.37979338882820124
0.30527928043462393
0.14667037458489668
0.23151382153070837
-0.09333077933980594
-0.5741936980449098
0.0388635348918978
0.2214745829614606
0.051572476453270774
0.033564154727569684
-0.28720654203239937
0.1796588053337407
-0.19957522175342535
0.18585014322045548
-0.4146501786251108
0.06607066384899378
-0.29703771601238194
-0.2400579254459551
0.4916267676557109
0.4937017391653374
0.22483825297930796
0.03238362338087671
-0.03557161793690701
0.060616085164318725
0.24847228875008442
0.30183557664749516
0.04421961103124438
-0.029910709103381332
-0.08516810861181642
0.07791597203515534
0.264345337279031
0.5178593967904448
-0.31076068993312367
0.0011833035133030191
-0.2941991189249642
0.12366654921483487
0.1374203429996854
0.42923609170265287
-0.12647901318176813
0.3403895730957298
-0.14870382454822512
-0.2585000218163744
-0.4377808199526567
-0.2892483394699588
0.4253424499869056
0.06881110135765368
-0.006277435412108317
0.21427292289465177
-0.3253864342181249
0.25170250416001844
0.050973651005253334
-0.16669439688787158
-0.13175327117162647
-0.5210641331184314
-0.28502817086374366
0.2806566004265003
0.13902159981979428
-0.2771357485642612
-0.517173978634627
0.027233603360573556
0.24685679168411495
-0.07041389794740284
0.1948996175547042
0.304458534007992
-0.23092120165383911
0.15174668218403162
-0.36508616502086955
-0.1310362546497047
-0.33745496450764756
0.10432135295410327
-0.041576655493969744
0.16518005461922602
-0.035060343533031224
-0.03577685822009005
-0.1033973190350655
-0.14028505216126247
0.04532020915602343
0.14983506810621022
0.3045429080930798
0.35939551350733007
-0.5218362816934966
-0.13623924478219424
-0.06149731994162565
0.07733382857764659
-0.2363701072565715
0.4714251876452838
0.1156688913679386
-0.4829766474500651
-0.234118182195998
0.19343985339925945
-0.1358916574020685
-0.5951049567957606
-0.08311284031670235
0.587455687147819
-0.22357897021818696
0.14987176129547058
0.2811972020390942
0.3164639831518036
0.030665201497250154
-0.04822780327310818
-0.3136554425225116
0.2054661776815905
-0.0368029540167158
0.27579937262825005
0.027429319792824963
0.048543812437302214
-0.08303513946793048
-0.1260457638438951
0.1884528675796956
0.43860929320513264
0.03664743403402944
-0.4056898186806942
-0.5354996207759699
-0.4354946596543364
0.03546061104980514
0.2901686679898775
-0.2760262965178495
-0.09958867826889803
0.15117706231415834
0.0995773137902041
0.18743727504909238
-0.0052668318143776
0.13179465910797455
0.07098562762622587
-0.3648659764835406
-0.0589992301393306
0.20598632535859307
-0.09339168279382683
0.30341481267494386
-0.06943792168399122
-0.22654713564847712
-0.10647495718328592
-0.25355228319061435
-0.23906385614663478
-0.07898029577246475
-0.24304656336324623
0.11870596487446627
0.019507864170186212
-0.3402396385117499
-0.37551442226949294
-0.2813124029976207
0.17631181920939526
0.3609381646344999
-0.04334282931637062
-0.15477817978269157
0.03460511527284342
-0.007441682535847975
0.20502248220660516
0.07320178552599839
-0.006883928235768703
-0.10285748424836877
-0.07035333875339754
0.2530177335353714
-0.08800724251761347
-0.28630164966056737
0.40871764102915403
0.07951151545747398
-0.2946775980786511
0.3101371878748865
0.2994215611738618
0.2812716861965069
-0.1447317346981598
0.009719640906462905
-0.5346887272390083
-0.2814841063663859
-0.04343005289899554
-0.2976131083390089
0.08351215990061628
-0.33648690287230487
0.21740300076194802
-0.3809797137761496
0.1612305307733138
-0.17680228727777286
0.19195949677653473
0.3184163776906694
0.09450149217419412
0.20052548298573503
0.2892633188236277
-0.17725446517006738
-0.1719216268649488
0.030440953171115465
0.1295595718041716
-0.3422241430025791
0.2828725340701209
0.18970670123026245
-0.13451848084708304
0.0696024220759552
0.10058050785946435
-0.4695535423217335
-0.05423502227139617
-0.37368585018245837
0.04704830128717288
-0.329899520513948
0.2671012726822962
0.08896904131940711
-0.1433190911430477
-0.038635279461798
0.1489014541519304
0.22017447424347555
-0.1005566105804683
0.37198058540405043
-0.4534204222009356
0.43556413568313296
0.20910425912373096
-0.15973488861690094
-0.020383913196638858
-0.082693520381308
0.22859691511213587
0.18121525911512848
0.12769542429915648
-0.16226058480238637
0.10983325051682052
0.4742306453356266
0.03166330040101822
0.23297675699765089
-0.1793178959866073
0.13792398446977983
-0.350928116805855
-0.2795649168169051
0.15425506280055645
0.11291497289378119
-0.20057185044787645
-0.09525091206510793
-0.2899825528509281
0.17003100160722656
-0.11085563984342851
-0.21533771196623436
0.19798283511968273
0.2248072045513651
0.026739441283651914
0.514401258671775
-0.18243977776210063
-0.05447359587527896
0.15952771100790558
0.1740726064455077
0.20846940182306373
-0.059920452357050416
0.07769213566794679
0.19607294209321452
-0.11406950511445454
0.4424524751837168
0.07767854230662624
0.26874053989985247
-0.18750549192736127
0.24631762987356848
0.13823425342113543
0.41550681833986924
-0.40533403713361793
0.5508354742078067
-0.2053333114465024
0.47205497218451037
-0.19961114391655885
-0.5173286322119577
-0.46100710525030963
0.4604754129119492
-0.30657441328234575
0.08436915353022745
-0.4281406630429847
-0.1460479860108358
0.32410560215264556
0.2607355639365234
-0.2687007354469052
0.23426204419156454
0.04377701599022235
0.42545696648914877
0.012592602428868943
0.3566843843873087
-0.18761394944294973
0.2525104197802637
-0.14968686708035916
-0.1479586092917182
0.024406750733362022
0.13502698438503452
-0.21977939797399312
-0.07933216133888704
0.33200974903611413
-0.1719404304110188
0.007412744248409147
0.30216685372116825
0.17035474859766794
-0.2698667725650016
-0.23206422375464864
0.3587807950658993
0.07178733866415485
-0.3560992539564414
-0.16823339970523282
-0.1171564404676487
0.18637654274052468
-0.11449612103978282
0.5010677901800125
-0.3071318880768973
-0.19800048237674953
-0.3089098684292593
0.15983115643342694
0.19233284501005332
0.21279621911093738
-0.33099986776084467
-0.3760960504419961
-0.2141316163468784
0.4807941335001214
-0.0582414958819807
-0.40422838803275474
-0.2898560936987603
0.026454595777489872
-0.18719658799026118
0.19972941966759905
0.0872025900715788
-0.13281931792620225
0.3191904279473904
0.262124631900572
0.1639906714191948
-0.020546955394435018
0.06769365190986842
0.060236336085762815
0.2496362605199814
0.10514580379996041
-0.1447066381138902
-0.004501019947959585
0.41240697371336443
-0.11964529709999908
0.20546328431319927
0.42757250541459585
0.04305026694084686
-0.4472327239761437
0.1630253457845791
0.20231858145921194
0.25128599892294096
-0.0832633768561082
-0.16369517767314096
-0.1453797691586326
-0.12318695696560483
0.05906524478956516
0.2010362972494158
0.36899749303967094
0.27596849593139294
0.17010122554248425
-0.39058773109969847
-0.21743726694202958
0.1802043972917698
0.05872733366472327
-0.2259885901993451
0.05965255818910792
0.20877398642336487
0.3506092357849647
-0.14732035105801045
0.11593572028639235
-0.0959220985265233
-0.10249747918112445
-0.0031630836287869345
-0.01687700525109969
0.3245320489886045
0.3179172564129199
-0.3694283520768668
0.04380845842316927
0.4721612324038897
0.3757649773316706
-0.2186807101409378
-0.3781201095524079
-0.09738365626349435
0.260180806628006
-0.12334944480334534
-0.43641755559372813
0.20617877436158874
-0.3594108736180299
-0.5761467181602672
-0.2838335940752179
0.3637597847906583
-0.31836930081712167
0.22576054798021367
-0.17105070208864487
0.2639268231844405
0.06687239781364233
0.3440555072185716
-0.12781916780326918
-0.2829780294651838
0.0027750736919325662
-0.21446941131473587
-0.010809965663608603
0.2097256958650394
-0.18736212289257712
-0.2913804913958248
0.4372317637900444
-0.2163840181483258
0.3532597156049962
-0.07709593303823242
0.3822458548039433
-0.3576820139803031
0.10744612769555596
-0.08962968778845712
-0.07882102071472546
-0.021952592293268312
0.29557318434878344
-0.167760965955343
-0.302397215244943
0.1649914259504207
-0.09050455111896599
-0.19888788432320892
-0.36813511795579923
0.39437890527413605
-0.3331074761172893
0.20616537244298003
-0.21068951595824512
-0.009195674584242
0.012500290770405894
0.23694898385831709
-0.27006818176918
-0.2667985056841654
-0.4605179688816505
-0.49229204097997675
0.5004638161849688
0.22151819297552272
-0.21770039278812836
-0.44050521236023277
0.2649829034047913
0.0713058594813345
-0.11433396053341591
0.33150186304164264
-0.21921170120774428
-0.1524690069051286
0.253264615846177
-0.41703412404243495
0.21606014922919559
0.03733938513645955
0.002230363649179774
0.11425735087594034
0.020330118352250248
-0.4765975033657468
-0.19780549171610246
-0.4541014790658243
0.0684176996209156
-0.1267257342710513
-0.26059231259814064
-0.1336103675670371
0.39317064912598493
-0.15856289356594408
0.12682808116294048
0.1183940590435027
-0.32998848073537435
0.19166782138418836
0.20679369028565026
0.13043280842607197
0.2620066013550105
-0.25733000992733956
-0.02987050765598675
-0.34870210983314015
-0.4768745805006034
-0.5952394201509335
-0.3608599125253129
0.29440902910512345
0.5070036691132672
0.13012997112297342
-0.4754769302385453
0.18806220829782144
-0.33301025593860123
0.38471008890838243
0.1849177776030591
-0.2768245385948588
-0.13454394312180246
-0.14173602804690077
0.37433798356481535
0.09230790585407461
-0.16374744992464546
0.1994198463078397
0.28585965123928525
-0.07884295567933022
-0.06033979792013955
-0.05995715416885829
-0.025509428885785397
0.015412309423294421
0.12019625108742088
0.27256792167805505
-0.16156053300597017
-0.20738603292977587
0.02336144869757939
0.32598320110180035
-0.17386407552926514
0.04534065252297437
0.3672216528866993
-0.21242263568080738
0.3615971615311881
0.2349151449082881
0.09006818885038789
0.027194907557955908
-0.21995242121442257
0.007233362821881268
0.434443483146128
0.23965171125146018
0.026810865574899728
-0.19245280957091215
0.08637980928232075
-0.1090542384809503
-0.14637016098056432
0.17154267156111574
-0.05264065174068923
0.3667427527458835
0.02119273901394584
-0.07016308582932977
0.02744908288319181
-0.1865522704679537
-0.2217067730680588
-0.11896670834375522
0.40628372044760647
-0.5820238409741332
0.2064114812493672
-0.13051564695400564
0.422928839530074
-0.09854816723020043
0.42448148021731535
-0.3845738280115457
-0.1343270388438721
0.048349712590985444
0.03202995641375901
-0.0820925933829795
0.15286522546273365
-0.11957296908826294
0.23092158435582832
-0.11303449143516475
-0.29170798035274037
-0.013001371344426593
0.2116001702487861
-0.3202783521144446
0.36620944351448115
-0.32292417437651233
-0.4103198983370977
-0.009266310439094561
-0.28244103873729254
-0.3325293448829873
0.45949278387411646
-0.04759173144455669
0.01882064479285926
-0.27676045964342494
0.2937055577598219
-0.026497540786258666
-0.12794772648667435
0.33331841164823395
-0.04669476279423016
-0.42216595405695645
0.443008610138271
0.09936245803234854
-0.012681900740998786
-0.02218069214921433
-0.215173718350701
-0.34373463653740843
-0.10274557882105916
0.41504256226956726
-0.3210054439967201
-0.2563081050711247
0.13584999717203095
0.048535873216022846
-0.3621997142038309
-0.36300612076240824
-0.19006964248633973
-0.053197607905144294
-0.4358847488919301
0.4470359658391619
0.035644199612355654
0.3411272384008209
-0.001648627420480232
-0.0515566203220327
-0.01939387533419612
-0.1901760446250043
-0.2914115461057162
-0.04027059003338404
0.10049114922575988
0.37275323872865535
0.15850087414257172
-0.023443235642829227
-0.2519971574399989
-0.010629091672423322
0.027868784941876893
-0.31968109807479794
0.09702153784717124
-0.3638709756239473
0.31990728081041153
0.11052863632909476
0.35987808561603885
-0.04231684623877148
0.09038516058031197
-0.1964229654820127
-0.05889593114540386
-0.30842332379701043
0.3648570490040416
0.2691301163758063
-0.14009620343590418
0.2077809240734601
0.28698028062201464
-0.006948058491049773
0.22451085287168848
0.07548331027435537
-0.12085297101238224
-0.11909112899872872
-0.04394174807109243
-0.1043835668487737
-0.30709310675875556
-0.29201211214486744
-0.018836422621470315
-0.06470522108829631
0.1195472576789663
0.10995468944091669
-0.3086074455944504
-0.5172988677271972
0.5369257548802566
-0.10820359872672847
-0.032564757272574504
-0.061034996508388235
-0.2826378503272874
0.007463070916179445
-0.2477696995880468
0.3369222837261492
-0.11759797749647169
-0.23844842815449344
-0.030205146303086194
-0.05005161037477784
0.0380100083708864
-0.21738760437832644
0.2171181904437921
0.2752179361655508
0.16883295959789807
-0.2798230736144389
0.39624764096110476
-0.2841891432074368
0.08561183871750713
0.40031971610583944
0.08968046201295889
0.20825243395722914
-0.045401717097981575
0.14102645757363566
-0.3269988451438186
-0.2797703263205082
0.4528898754868584
0.22485805319392013
-0.4620439508167344
-0.29945969147468965
-0.07080727789457701
0.4496430931745745
0.42715990705583706
0.0022515682641668995
-0.09299005243915964
0.03055283216241556
0.08799129058361815
-0.11337736107984049
-0.40203444261250393
0.18373196085293073
0.19396274758104987
-0.6266735074168708
0.13639265576051954
0.28320800070131336
-0.3959454951563031
0.1593144333576585
-0.0013481836658888297
0.20713907773121765
-0.23738125842273544
-0.19554389741884845
-0.4318992893872472
-0.15418777026867597
0.4968943981246431
-0.040540314409751234
-0.047284504674481226
0.23620282730809625
0.17779377414258393
0.3507789311777421
0.26247976675063567
0.4236930688211975
-0.06266790756481166
-0.2022353862596215
0.18979880298317453
0.10806726437590282
0.13738737070012402
0.04464476045237685
-0.08599873246582185
0.3131114597768214
-0.3266147600191169
0.33189385192095433
-0.26603787532853723
-0.1943789628878926
0.20563061199267138
0.29471832351680854
-0.1410753924094772
-0.31814372672211955
-0.21292954825700097
-0.4830167654084794
-0.22523424440005052
0.23969374750449257
0.13310499202906328
-0.2889305059088866
0.23363458904609852
0.06772398353121128
-0.19940693288807218
-0.046385867907718495
-0.020065888012905445
-0.3938070959514218
0.29890679984491153
-0.02957311320084769
0.0730116350066234
-0.3906389495542094
0.13021849115741502
-0.37739399207216084
0.07253606439400873
0.19999645952884856
-0.1394784773560243
-0.102953183222346
-0.22773180393304157
0.24773584130270326
-0.08027466307356629
0.3044712840326998
0.03144594109393999
-0.0887720575570457
-0.526164901213859
-0.09603672905952747
-0.2184409912381303
0.2114002367445482
0.14358639773155896
0.32564430676164086
0.01737450612577889
-0.24661736809206644
0.37700374536073933
-0.2988604595551803
0.12059088659902854
0.04241943952878474
-0.05192766177956665
-0.2843812455549356
-0.18384322499831557
0.49823358439966886
-0.1696847546895997
-0.3716797526670279
0.1180974252990476
-0.31913154384012027
0.032423280714971546
0.08400234455253341
0.17497239590457653
0.19751480020751555
0.3295402947201748
-0.012876791097669498
-0.1470104133644738
0.3223057227635531
0.22396157642798314
-0.35631185371261753
0.20876804753948056
0.04572155597014775
-0.09454704016313092
0.5710367600398714
0.44604401294890544
-0.27598425957910033
0.4679600929839911
-0.4277978195680214
-0.3672508374270581
0.39218413568715893
0.2257478969942821
-0.09372590010578949
-0.0916105168823323
0.03440087756356991
-0.06467525400778212
-0.10687031972631778
-0.2590410896420904
-0.1573523130111111
0.42233728859996367
-0.22997679429665968
0.1399847121376613
0.29464748788322215
-0.11786694646519949
-0.2815003135598343
0.29925417578098706
-0.19883710628253998
-0.19480447823089067
-0.334358281267813
-0.6315169910172614
0.467164081722823
-0.23620722270270128
0.016326222748008733
-0.30070924036480073
0.3730833335483204
0.15709296599254363
-0.4007730585183503
0.24035057253384634
-0.25554433197279147
0.14142150440242382
-0.13631215594567198
0.1891208725003033
0.0669476745954752
-0.1327881155782366
0.05730703131097184
0.29099706319415997
-0.19418646107369517
-0.037475199644860485
0.23538413672723393
-0.3415412094280246
0.2427997376099853
0.1519917853515017
-0.02771454241871927
-0.1605806166573842
-0.546755669784176
-0.2935283136899679
-0.3631014462211676
0.052010254594908184
0.09497763265163219
-0.336484896591644
-0.14710855631569736
-0.060898858823731625
-0.19482907044854136
0.28369259701999683
-0.41492471326028413
-0.2989877225480694
-0.32626455409248734
0.04013503387132432
0.22623762093907385
0.029728706276425106
-0.41912150818639854
-0.0008067984333597775
0.496070199369629
-0.2773386548021285
0.16733550365224115
-0.20709776550624717
-0.06259213875502233
-0.05463085716802714
-0.18560752195756597
-0.09875092799001456
-0.178994722845083
-0.2500779922518313
-0.007761650626425004
-0.2181459764307922
0.08945620636873064
0.15485269712201521
0.10849705560799568
-0.04105461677212675
0.327651142308363
-0.10427185790288351
-0.16447396149269802
0.27920417601802683
-0.11644439069988934
0.009172161072721936
0.061885742334097785
0.36977233165204415
-0.29273256422564464
-0.30082270004276146
0.41275266974773
-0.45909531395964026
0.1924344015851144
0.17701709284766112
-0.5666484844530059
-0.5225173160398011
0.10024710614357925
-0.48324598063845786
0.04730560604946656
0.12387395394094575
0.1476222416259341
0.23452013415870945
0.10310080235176983
-0.4042758328059822
-0.09309600605645901
0.0918026428883871
0.10962084172982052
0.08438931067090259
0.15994112771318916
0.3626092230570049
0.16881249747582092
-0.037188575783553446
0.35760927452009716
0.4609183860617023
-0.22654324136207485
0.24443526500005405
0.05578778046541752
-0.449095193656866
-0.1891296720843278
-0.10100121881258
-0.32560436703962814
0.3198319451115097
0.21747503079989397
0.35994690919058403
0.47498852503145056
0.4212750543816658
0.08886480307668256
0.07583197488846001
-0.15630929615503097
-0.402939947133951
-0.11319127659969608
-0.12984196151855382
0.011199782167284653
0.22636392337075578
-0.38014809635028574
-0.17101068604491446
0.10247592390044595
0.0595589320140832
-0.2722435268338431
-0.23660026472905765
0.03347942550815975
0.12206016395205531
-0.011320520898906101
-0.29877052200388454
-0.15493801038061417
-0.1274842535417059
-0.053990292082837225
-0.2993539977296729
-0.26340808597839943
0.11379136101251264
0.43864020592396097
-0.2504793419371833
-0.11169739686076921
0.31513183043986603
0.15379967401330125
0.4097592450148951
0.3126372333830093
0.20042632869740906
0.005390061859181191
-0.02479558926559849
-0.35735788594789164
0.16899829977451203
0.40936487635198376
-0.4337576069676179
0.28645177556743184
0.4170367037910008
-0.26428085757880376
-0.1254201470609437
0.1544537851221526
-0.05389349992622447
-0.0705627659849784
0.5926118223013641
0.3043335644020623
-0.06858178035161623
-0.19280883783204505
0.07911013119291638
0.4795968969075358
-0.15602112195296003
-0.26946433387058205
0.3202507964269458
-0.31111494749410445
-0.03709877892024929
0.29865263918221463
-0.00741141764801141
0.09437695285384173
0.08524548476541455
-0.15175612422394685
-0.19986839783771843
-0.4230794602182809
0.03230066418817677
0.04887934910436604
0.5647253619571931
-0.10560356496814266
0.17326995863720163
-0.09339951013811293
0.12043196799302969
-0.06011318921930268
0.10264050866683304
-0.3516011589918246
0.1751475498734586
-0.17392386823625253
-0.045105501072920676
-0.19741991120766922
0.2883813151643507
-0.07276292707856263
0.21201031682249588
-0.17384392723031333
-0.277854106084399
-0.10024754200206752
0.11721027830147598
0.0120269733505801
-0.3909425187785131
-0.27624054260109643
-0.003265850834127558
-0.14125272303984465
0.16207592253587882
0.0044544889944624
0.20943011527200456
-0.30706039817510933
-0.15066980973948663
-0.06221934380039143
-0.273370551766777
0.07104191477351732
0.07210712653706108
0.10211782130643729
-0.2780188689186354
-0.12865382410568899
0.03100552749800501
0.29975172092565394
0.08608356095121834
0.07605051641006527
-0.12202637917968687
-0.024237522861088406
-0.05697093984916696
0.6047788525036111
0.0787830772799791
-0.13146442491591567
-0.11040135041187255
0.5281594480408092
-0.002933200248454306
-0.03886097222197875
0.24277618376714868
0.1619886383577351
-0.008501582920045906
-0.00311369548542042
-0.28975012862256805
-0.026446353783866675
0.2305478014920988
-0.3091846268707251
-0.1528808302101552
-0.5651114860870586
0.43990329023371866
0.060002229982440564
0.2688048284222486
-0.001802889218792588
-0.04134342998245855
0.09733557292496524
0.10983111727927408
0.034173647509603354
-0.39853829285450204
-0.3077874741740483
0.3306870497874824
-0.33172699624914814
0.08705537379179878
-0.23785876193144137
0.4298266184015945
0.37919212011994513
0.15250458340730136
0.15576351966017377
-0.2424082374464035
0.2978177502078978
-0.23189939381436153
0.23873738751979998
0.24273773651603386
0.4127398240526775
0.13476618064856832
0.15273560170967448
0.2549976958913877
0.06127626064481035
-0.06239932104679288
-0.1351737678054901
0.1308386701328157
-0.1993138731053912
-0.0002773500367994187
-0.28972335207518163
0.05458057260451776
0.24096180460573366
0.1728882086215751
-0.19265060466170184
-0.2244233627656885
-0.44638306759000823
0.4421367638276611
-0.02274500311063115
-0.3740336304395886
-0.49752710351333546
0.08748569401716397
0.13487023141647464
-0.4019940414674282
-0.324483224807427
-0.4853275449802865
0.5213879819222398
0.02916287578856676
-0.518093259066374
-0.14839644663914872
0.27574609291912366
0.03810582209616674
0.10583254449508096
-0.24708436671706244
-0.03603298764665938
-0.2798688519578278
-0.16489706811330956
-0.16109287321790777
0.19165982552474564
0.3527082067532
-0.4039281429018162
0.0434565590651948
-0.26503912996695145
-0.1268900183444177
-0.3756617793231364
-0.4669841547098569
-0.41178376211636286
0.05620935965861817
-0.15262911788631028
0.17393748078150942
0.15525992474850825
-0.20568942562968107
-0.15290197739034364
0.07995329144328375
0.10353262490880144
0.019878860459856373
0.0014732628301760808
-0.34583822333868336
-0.11339546191617514
0.032168737478392065
0.3278951870863003
-0.407321182792109
-0.22055120640195547
0.08606429928961881
-0.0008045603980163234
0.13555351279113825
0.1846885203914414
0.1425113867508942
-0.28298939194549766
0.3152210269459024
-0.18611996168622774
-0.2229494698032946
0.24943888337942488
-0.05466193775166078
0.07072005197401537
-0.0002705833676036144
0.05736260616105113
0.13513539287319637
0.18729790229313326
-0.20394557613876574
-0.12449852867116258
-0.13133830823354703
-0.08844863765570238
-0.3711238968468915
0.42690987718689377
-0.4060414993359198
0.3309789729240352
-0.5557788658186457
-0.05168772314308984
0.04450079399280665
0.46260531182069586
0.0941750580715012
-0.13153724853310994
0.23660601533117842
-0.015004394191501022
0.26693245096520846
0.3682918660780861
-0.22492561862840407
-0.4811741599945029
-0.29479898656969317
-0.14286439549372834
0.17687086777657435
-0.0564574654861821
0.1780699712351353
-0.25949579517591903
-0.003640806130736766
0.3664128343570504
-0.23635863058106746
0.19037618789749322
-0.29082980547992865
-0.07498373676408365
0.2842526395427211
0.27816294176354556
0.1586405459547856
-0.21671981084019099
0.563941418548447
0.25535397217101385
0.3876623863248313
-0.6090538996778392
0.1460381867780316
-0.4446948796063005
-0.29446446719326413
0.5074694640198883
-0.18128956247172606
0.1793322263807911
0.020890769260594792
-0.45607908527700125
-0.05131095311535275
0.38156076980077513
-0.366999503312174
-0.17917439422607978
-0.312161398770305
-0.0560771109532559
0.10935716833527931
0.2816901357514473
-0.22203788117430548
-0.3110980669869241
0.4610472800478432
0.392461431211286
-0.3650668042690399
-0.0382890882450449
0.12085234305299004
0.035394207323174096
0.196690266153563
-0.027907913367446024
-0.28035132152489217
0.07000233416023366
-0.18390031471911042
-0.04293397090418166
0.06970968364285035
0.06757937798169833
-0.0039759731875254984
-0.07359764440739822
-0.3486187609703173
0.16502186991326748
0.16154717644244426
0.22800301896221611
0.012214618077045668
0.14846581398082215
-0.2135060699488579
-0.09633422993502176
0.17463730335923217
0.3832022901405955
-0.27385877290303773
-0.45807741778919064
0.1758722177041121
0.4675284015573954
-0.09574395201192976
0.11669849222367987
0.12930724324510168
-0.1728238299486223
0.11711739799831344
-0.17540581642344855
0.10633054721527227
0.27634391027056215
-0.21333598330668918
-0.02245671541965825
0.23662887585209616
-0.17332427921697102
0.24889514097483795
0.15974027444170144
0.4178401054779166
-0.36767588153102265
-0.1786442580059026
0.2903009538038622
0.13972933438599447
0.07813940922283377
-0.17309127543115335
0.13785861969460997
-0.23497467890539153
0.2653446432343112
0.013143214921218099
0.22067102882390455
0.24226908137664432
-0.23920158660827154
0.032268435301890955
0.10551756235536179
0.2922617965788171
-0.10427747142687127
0.24721553066040766
-0.07133860042215315
0.17975228080564795
-0.10748288348309651
-0.31379239406170845
0.32229098098613107
0.05233380179079988
-0.5260484993718653
-0.4798983863389651
-0.2537540685923142
-0.45733662527533414
-0.4232499156645517
0.17124218101784794
0.03249563646402101
-0.27278365891611106
0.25717229640856654
0.3050077469997491
-0.33417104032050576
-0.5955060339056295
0.21576955668334727
0.3523603275204403
0.19677472992601647
0.3769627575233913
-0.16029554784451377
0.17447846792284616
-0.4182597090758583
0.3770636888977983
0.23932700202567286
0.47507137840766067
-0.15703486810988493
0.02980096060782916
0.24482185873816303
-0.35998547778426976
-0.5447422099528544
0.05531787155207661
0.2964719445437093
0.2544585149642984
0.06306979550693359
0.03572007137754508
-0.05836528632624524
0.1667276804571266
-0.27136548236933583
-0.3742970673570891
-0.25047024718109523
0.11078682345819396
-0.26047222528709346
-0.2545473809448132
-0.28977346860858066
-0.4364885024097904
0.4235862784127529
-0.4619957502164164
-0.38026456753442783
-0.27517959610319315
-0.019404687310231053
-0.5364859429157685
-0.3727349345492361
0.39043778207010305
0.2887397374249464
-0.35934554544087105
-0.03756896898042754
-0.0562754590699007
0.2079818242492365
0.5424376866323903
0.5974082083473364
-0.23409070645975144
-0.38475648018268815
0.020966334462920906
0.3425015583086808
0.0004141341488983647
-0.29243220884952953
0.47552810452217603
0.45440473268942033
-0.44562740503276765
0.1210506142229881
-0.2300407845767271
0.14448735400042848
-0.2545642166257666
-0.03802588426415729
-0.18252726994802826
-0.2456715619166739
-0.4790645772671319
-0.5099750945577985
0.3626224564639496
0.07214974731764512
-0.2608639104553234
-0.6194691406440893
0.15582535848790297
-0.007614419259659326
0.35470545328522274
0.34663108124701186
0.05575044979358521
0.032710023764560864
0.30061806664317026
-0.37332441252862353
0.034122845013505744
-0.4338196134172757
-0.30868198198140107
-0.051614936765372536
0.1806810758502051
-0.0291247157558773
-0.006849569503967537
0.0019204538130383408
-0.28531327702995923
-0.08495041618074867
0.08614183064411261
0.1649582516191618
0.018194620020985403
-0.32518616681100987
-0.2505238360658166
0.0053089909022771276
-0.2529190677900427
-0.3269619177746934
-0.2982871999604828
-0.09393929794962037
0.2801771975788286
-0.0732043485493128
-0.0313225998491074
-0.0902137853371159
0.06281244495236694
-0.28064904561144566
0.39044758570784316
0.16728531320477785
-0.22255150865845452
-0.4953795887776058
0.3148474636126931
-0.23880441196526944
0.010689444167967873
-0.2945425835503628
0.2733936393806456
0.2568637349149175
-0.3303667903930403
-0.33226548544048173
-0.12000627347150095
-0.35753714057062225
0.2173331107828606
0.03705437985610544
-0.13770472087262065
0.16047053039492643
-0.10512081918322448
0.278876175829755
-0.21794719284554248
0.03172628007083705
0.3800884976618937
-0.17008243439233875
0.3214351128922183
-0.04807346493451417
0.1803595161757059
-0.2897882978192853
-0.04399301370089605
0.19259007636600856
0.6133103351400528
-0.4612320057851827
-0.16387929069630336
0.05848500666386708
0.2328542312494886
0.4134706889289864
0.48655402237679996
-0.18720430948486574
0.03518648664354339
0.49837095914430296
-0.28362124353018414
-0.11179610679359339
0.1866362458259524
0.15045883595771892
-0.005642678925749891
0.1643882151196686
0.21919648687281182
-0.2436046598693272
0.20921362162698173
0.15828077612477554
0.4691006156865278
-0.45779660850136306
-0.3447915183174667
-0.3057881454844368
0.1866274985075988
0.039715682921401325
0.06604781959999656
0.2034954432090793
-0.13343288098979883
0.16627081091570445
0.2658235734062829
0.10149823053548215
-0.3147147082599052
0.2704357322629184
0.10538689406404664
0.055520570517479724
0.19466374265937464
-0.27979062400735466
-0.45921430618341047
-0.40235318711423596
-0.04812292502077921
0.21734337805200007
0.13951959422860383
-0.2797007855489033
0.21669087839773707
0.11288832908891967
-0.14430820067214117
0.2833995293010652
0.40293317749749735
-0.518890093159762
-0.09746653512012478
-0.39170579377687864
-0.03371196747497076
0.23048236491096702
-0.2357900279308398
-0.23953834535445861
-0.15956155357889779
0.1664768658690795
0.1066107741842169
0.3964923780276269
0.17749898147214985
-0.4189179037402634
0.17728219527831438
0.4485326890172697
-0.386859811962407
-0.1349477316783783
0.4388908415148519
0.13655093532784363
0.027912537851360178
0.09043488589679347
-0.4249977927522061
-0.28962892670844353
-0.3086357638229299
-0.25819171486473336
0.2627194284697941
-0.10083105929199662
-0.22252337735728445
-0.14585360478452
-0.06383733286353155
-0.18391336711551728
-0.2577652798025267
-0.14447167629842517
-0.2614748992532696
-0.2668913085362637
0.08413605481208039
0.14450487683482294
0.060721515761986936
-0.11660435291851898
-0.2502844914673074
0.40493662803617647
0.49540813002202483
-0.1012210248083226
0.11626182329740761
0.0611746595917139
0.05917860584942186
-0.28715101503013474
-0.1312599042200896
-0.27789862606136584
0.39617441857777735
0.22402683861784214
-0.07998111107695476
-0.04103534246793259
-0.07830896548337843
-0.032952269169712424
0.031535657481255794
-0.15796411437149216
0.22603996310315297
-0.21975776964244823
0.030689781608174774
-0.1877715946336202
0.3225147713826364
0.050046978927050526
0.08714158418538309
-0.23361510444797617
-0.0389834015308732
0.3194736305531319
0.05737928447418443
-0.3189739285786076
-0.40465286090497743
-0.04558912487773197
0.14972523289184572
0.3277839928482168
0.13644123945967507
0.10422169434543055
-0.46041411644189895
-0.37931302298340064
0.19090822719178382
0.1431190828947107
-0.2147514051388446
0.4942703217810286
0.17512953459579791
0.4034381578117906
0.3175315039816928
0.3936967434845078
-0.22549711870805783
0.005917255873212721
-0.29664561996112504
-0.32696725449884734
0.09691829380370678
-0.09018974173694153
7.810149689452485e-05
-0.3285383988217153
0.12867494206192076
-0.3241989396990329
-0.026211251167829457
0.3030440282925102
-0.48801393307643626
0.13785918925692872
0.25738484134106365
0.11122941243137581
0.3724598830436279
0.34286098267330023
-0.27580817825939824
0.3624209513286805
-0.4709618434983936
-0.45681489736745395
0.4287486584200679
0.15451412713222443
-0.036944103057865066
0.005997506304192771
-0.10500426010262638
0.1504875134951123
-0.11524069128173588
-0.1197410452033506
0.22644132918447454
-0.526412395047928
0.2734405263266564
0.09694489858508712
-0.3926853735024635
-0.024680468806176095
-0.03586443644046156
-0.5240627431315673
0.18181819661297846
0.3942858974486141
-0.18805540882869642
-0.3013951958619011
0.11902963870126185
-0.06993007258732006
0.08652258933970597
-0.006988049367353475
0.3112903912053295
-0.21509739672394945
0.33261001962560266
0.1034699508671041
0.030951704421065637
0.3274605912404883
0.2727218436159138
0.16760316734541272
-0.32896174650599525
0.13119587320576281
-0.21469118083018077
-2.4858511371446596e-05
-0.17491555535128325
0.33484971562032484
0.2274565274633642
-0.39937433115321275
-0.054499947804944826
0.41414741997899207
0.17221085449285464
-0.13704975356849897
0.12481353485212145
-0.21561309427210906
0.02534888853873326
0.11367408928293263
0.21646032916473207
0.42219108825341956
-0.29781867220055175
0.0014359571409786802
0.24528031559290137
0.13255768178359692
-0.4031903087333246
-0.18960207236030796
-0.08631911270274267
0.42660774138966606
-0.007001640189876108
0.1417179519947984
-0.14856382973306448
-0.2504972728503879
-0.03703437848206395
0.2825849404795866
0.21433338332317026
-0.2647090355469509
0.14923896988644533
-0.08788007222906338
-0.2852957561230758
-0.17271661604847072
-0.23988377124905494
0.17466385084983269
-0.11523197399754406
-0.044588593504517285
0.3390316665366475
-0.26460650749972675
0.25986503475508
0.11188696965781991
0.3405790286646761
0.336300957419957
-0.17216132352652835
-0.19592066051255735
0.21335344052609223
-0.45764325413475504
-0.18345201695099608
-0.3267381854037642
-0.07473241001572364
-0.29385207514284095
-0.04315291398792381
0.18470229516314562
-0.01336482509674957
-0.10660177499033256
-0.028383346639344414
0.38332514209208046
0.39976917740748574
-0.2986230620005335
-0.011084510588825449
0.18349030389886833
0.20792457222126504
-0.07982293090336122
-0.19102036054563748
0.24778080776215916
0.14323110601888026
-0.0177199573033019
0.0017129629127576058
-0.24508586787995829
-0.21109256151475214
0.3679155540721903
0.16808041833434434
-0.06749220171891848
0.27899390078698993
0.2704150977886154
-0.3670906378229813
0.0449581977540021
-0.32760906228457654
0.38270197574459913
0.094182081362579
-0.09928121506187315
-0.2765116072036081
0.2057206901040686
-0.4767356209418417
-0.22486638326547612
-0.31326667312625034
0.08483166567370284
-0.0788526338408082
0.1673983791934003
-0.5897863187224037
0.13344797560646687
-0.00872333724405379
-0.03238354559382807
0.11419505005610987
0.35333288021506176
0.13866989938618063
0.2009426771705492
-0.4008340905281982
-0.1678411307862216
-0.24926255957067797
-0.28277263081256165
-0.15176506416751526
-0.23268249944329916
-0.11443522189426697
-0.2863142787222487
0.22235561177758723
0.23445812363364468
-0.3010120393422918
-0.284603290865339
-0.09199400008897245
-0.1060407236327453
-0.11787307191913653
-0.2763127083457569
-0.0023053054691062388
0.17197198372410916
0.17683330898706148
-0.4164580778473297
-0.26461930419760404
0.1697555747499503
-0.16401283883635903
0.12303706087755906
-0.2683664739545307
-0.13788654648492193
-0.1033490722736248
-0.01809282445869227
-0.3968791410003327
0.13291900012125288
0.3352663066428403
-0.30935689449213805
-0.32280578170691443
0.08037638174080285
-0.36391437237654145
0.1890173342344625
0.12755189720620874
-0.029809965125947743
0.19989188089111182
-0.10267047038426762
-0.11433735047516722
0.07799330199737181
0.3783768838485925
-0.008689779114523927
0.24101297060494592
-0.29827366337802214
-0.16855908589602492
-0.12817422714979887
-0.33922893670675724
0.21492619323681028
0.5695535170417372
0.20448686899152047
0.018973290061461187
0.2779467331647387
0.36810186431967745
0.36141137368261617
-0.13616839323937732
0.01917525236784563
-0.168932058932573
-0.11559876373433825
-0.4542256497139841
0.2969394325627388
-0.17770530201591722
0.35197181396745403
0.026658798595194433
0.120639728569391
0.11374715445507191
0.04109306055989226
0.3536579823323617
0.2349922107239844
-0.2741524490761243
-0.12737358580609145
-0.32200570174701254
0.26834636457949845
-0.35457089397335223
0.2817462443703276
0.08134680283363631
0.3965136171752866
-0.25614558056700454
0.33181820857275623
-0.01989803332854282
-0.07104230308536016
0.14219574787703243
-0.4951725969856521
-0.3777207830425029
-0.2789296758239208
-0.09814064631885458
0.13191629041055938
0.18695175577566622
0.2761504504900354
-0.05043057748681862
-0.4212203364580511
-0.06665121975382682
-0.33725253295993207
-0.30303986388002946
-0.23612290503656425
-0.17858521032151398
-0.2895179590141251
-0.13828818488003825
0.17405707405447884
0.3593804494651456
-0.0996016016014665
-0.22887203495516328
0.303702590665762
0.08524547774184915
0.30509775257241256
-0.06903402933932601
0.2864980194814129
0.39755891372302665
0.030006678810092405
0.020375776736387446
-0.03865730632155655
-0.14966766128896092
0.22606609435866698
0.044002880865055966
0.055155396149015296
0.3255445945638301
0.028821087000528853
0.44795842000232156
-0.013678874303323256
-0.4086653832753273
-0.10696360793172653
-0.09397282458755885
0.21685505343557654
-0.40224002769472367
0.17280648336787882
0.06076630829427679
0.32148898988302
0.19769590043789004
0.4831014312072031
-0.4329890782093621
0.5450319891358661
0.6186484550229687
0.009110556603441877
0.3358297870507222
-0.3874020215700399
0.1648394689992515
-0.10716687791295293
0.02968687355307662
0.3086060264068484
-0.2283442796293823
0.3846384902046283
0.19867766936262493
-0.4096430635035005
-0.08482913440688619
-0.01843109110739033
0.06554562854089002
-0.1855204744549135
0.22121439215104083
0.1950739092455719
-0.23513881372398407
0.17386014079627476
-0.07859655656677518
-0.33847284476920675
-0.08265425793908418
-0.2737969591788699
-0.016213591269311503
0.26919933783996775
0.5946040388053451
0.038288965390482245
-0.3416728338054008
-0.10134954546872599
0.16250961619020576
-0.07475177729832061
-0.5798512562818399
-0.3121012951898965
0.07202479622035038
0.3624451088017856
0.28421241433876043
-0.2727533601982531
-0.38601116051971207
-0.37642442730307657
-0.6005184490291644
-0.19608282356464607
-0.3376482191074646
-0.2711552214776655
-0.2983669183316759
-0.16448023564781478
0.22653714581188727
-0.07500522659868177
-0.40015759968697584
-0.10777190861858954
0.12592366926526805
-0.4022805090521273
-0.02321226230345332
0.2932087675627731
0.055270317156321525
0.2508544166416846
0.2689655229479357
-0.5919687359355901
0.2417182980716581
0.23068260027815174
-0.1426994084655918
0.3837051381730998
0.17594857904099526
-0.28750764715767596
0.15239366673728832
-0.37923376827696353
0.32517195500352236
0.1111721835141116
0.008346074546100615
-0.0206614975394442
-0.004812610879319666
0.004337220097046521
0.06872954318521532
-0.05570340493781485
0.003752063543578635
0.19459611833403848
-0.2219309530299625
0.3130092536834424
-0.014195808370882976
0.05992761228921152
-0.10983449328521308
-0.379746216863755
0.19405708947678987
0.27371152158082523
0.18315901743634136
0.1062930247522283
-0.16495385947787247
-0.0012432193596936605
-0.08023875746760648
-0.17270180514733702
0.2033376611691506
0.143075348357644
-0.3615773292017024
-0.26502447825835596
-0.20429137280114418
-0.2841402750371007
-0.3975591884229065
-0.1808747737969322
0.3934690250276649
-0.15816832526406782
-0.39386747111718134
-0.12164559057826546
0.22783516174232357
-0.15694685485313078
0.03936985684473764
-0.08854092412131766
0.13008982802522465
-0.19664025582969147
0.14954045519647066
-0.3795145198203818
-0.30204688061465984
-0.03593480403016444
-0.11133996737255031
-0.23697654340376556
0.2764435929352934
-0.18982919654980615
0.28947186637151984
0.05993858260705333
0.3448562154489429
0.24062306396619346
-0.17504402723771234
-0.25036628853498516
0.36987517839582784
-0.2742688955346095
-0.4244088910484928
-0.4267041862744183
0.18463128706024004
-0.47925446819898204
-0.24861904997171488
0.266644291808925
0.1953948590484547
-0.15253785661158867
0.36883166180092963
-0.2752474435728717
0.08846716529762753
-0.15746414850301735
0.3132499096359696
0.11495071977472995
0.06368739025546694
-0.0825306384611912
-0.3857783699577498
-0.06624189958296373
0.10133470300834098
-0.5642800002538343
-0.04843650954733283
0.4489453110482223
0.15759015103934174
0.4465809785101029
-0.019227396898043033
-0.011714542891262085
-0.48721734330878547
0.44167054143449475
-0.052928406632895234
0.40223930665945684
0.11181202839498898
0.12081873396506546
-0.5175975611342742
0.1602201839190786
-0.09444004747084103
0.2920157686520639
-0.16615300213394768
-0.2534101480726614
-0.2622445833500462
-0.24401335253423517
0.11434460381827072
0.15599016243858313
-0.1836791596678165
0.10150971302752834
0.05013757367808182
-0.26466834478906137
-0.09563344723161471
0.3267141616394022
-0.16493250627042166
-0.009475871886277963
-0.07650406670766707
0.27675599239200266
-0.11278997855670052
0.1710347447755168
-0.09886992553054423
0.085241468757499
0.318653072822201
0.3408594925318802
-0.33506562584579325
0.25467731798264004
-0.18815923103813548
-0.3617682466322265
0.2842606438842444
-0.4721741378191369
-0.08239316930532554
-0.003938938292033004
-0.21527378448734605
-0.43180327025947524
0.3144212455464231
-0.3214806135359375
0.19169552201479156
0.3074496087419661
0.40663149581689695
0.39374313107179687
-0.19763426500918269
-0.2270013339960642
0.04859197189613065
-0.2596630815407812
-0.32984929033482113
-0.47203825811164324
0.16162648068778024
0.02440933735946512
0.598485387270804
-0.4270273704585655
0.3409442302379997
0.4043359116872384
-0.14640807163072017
-0.04015597102174573
-0.08986405854760182
0.47756779260056675
-0.0018769972012794651
0.2606854359189333
0.3268002304796014
0.03572176416187679
0.3008408769656578
-0.28019803050713404
0.06411702538355629
-0.15143358039299998
-0.21753164533866462
-0.4441449231925904
0.44753418638028536
-0.42159426919001197
0.17729400377403226
0.11006287126591069
-0.5834419721235637
-0.16647611686398164
0.14277775408817672
0.3201826850202956
0.1819396009351348
0.30455611256262316
-0.35881898858209405
-0.30996512101368534
-0.3569000566628644
-0.34321185792345016
-0.2951447850965337
-0.06919565942066869
-0.1687853611750441
-0.025333640589471684
0.2328450395452454
-0.27154932310935875
0.27018502180930404
0.03964569582395788
-0.29865205071519496
0.13474448806381406
0.14075685077619304
-0.13236233793556523
-0.07803994165159255
-0.27441907920637043
-0.014360412637518093
0.2549845598735151
0.10862601248498824
0.11352827092411827
0.07729493779281581
-0.2796531018214994
-0.1076203734526951
0.15333284590771534
-0.27222001711482763
-0.09481891996526379
-0.10243166384981967
-0.2667495826608518
0.43332713785934934
0.06578585774086819
-0.10494636030688703
-0.5929719725606941
-0.28994275240659095
0.14138285776013954
-0.16737433062929358
-0.4755549350658457
-0.25474783739183593
0.31572499773237694
0.3689939358045734
-0.29315005810309414
0.30536861591695375
-0.37700505857746136
-0.14278747391805363
-0.4835284508462163
0.21457015922282258
0.4688107482003556
0.005641362846478879
-0.20741075488610244
0.2519779906203419
0.22645835475290568
0.1834126924399449
-0.36215055346981273
-0.31104725225830354
0.16497906833284337
-0.16822281333183844
0.34206786344231976
-0.1224020845560411
-0.0538562280221595
0.21980858802205866
-0.24686478708629989
0.012828085947678437
0.40155987397883375
-0.1859596294945932
-0.39123614352510183
0.016367593341523396
0.13985428229616917
-0.3781469634786513
0.06916593209600555
0.38749550852637504
-0.31148955386052346
0.09114474202073256
0.42724231366281756
-0.4682229201782686
0.38741803981041123
-0.14766730787713134
-0.113888574704467
0.2828509876824387
-0.5577889779910965
-0.054233476188725
-0.25117050413168035
0.3274218642241371
0.18191770739689836
0.32517155733304604
0.051627819002758216
-0.36218810499355225
0.42133549561567984
-0.27407669608867824
0.3387201640088459
-0.30810973740548964
0.1449670958964886
-0.3507673278978742
0.275551845167209
-0.13217801554125855
0.1708668253647623
0.5676945267855945
0.08914118916527539
0.352481434699077
-0.2343093371502982
0.4886312912566111
-0.17641806251898345
0.15954882550118882
-0.18428421834324765
0.0989196741618475
0.027061564494396353
-0.1278690275889316
0.050028308182665245
0.1633339485426984
-0.10940861843953523
0.24353164213041678
-0.2914317702894512
0.22443225097085437
0.02921635337945454
-0.07225900002987311
-0.06149857641259265
-0.1081037259804142
0.013633529527594432
-0.1017414027085922
0.1238226031453889
-0.40251759066792975
-0.4816841272828671
-0.27647612353297557
0.23263563554099295
-0.5515017821875107
-0.4533365989396083
0.022627470873721946
-0.09621722188897702
0.13063588067097393
0.048519777958874036
0.1741890525720972
0.04278500493352103
-0.00034451887774738
-0.16180936367639376
0.1849594523389766
-0.15760516870596591
0.08165970391789051
-0.08049345081294898
0.029484634355085533
-0.41199143104399033
0.2710556518945664
0.1360120683261266
-0.29171321764174984
-0.37656063943707513
0.12109008312310006
-0.5189352095776099
-0.10908895698027253
-0.11806426486706231
-0.0740439291287935
-0.2857422932999099
-0.33827800793509566
-0.1533137787283753
0.30126400223676986
0.2040418062363096
-0.26647562107895856
0.15413289003644332
-0.336164324095539
0.14121085909275088
-0.10828216582189382
-0.09842308846393522
0.17502797587232932
-0.1185884493295664
0.006373934417255388
0.2597031962158307
0.34954175561182943
-0.20199998945285158
-0.25379702673355786
-0.3319339142236181
-0.3070235959180055
-0.4017835599517232
-0.029481519238036616
-0.017818830223005837
0.024106761552295755
-0.18928966984645856
0.4156878128806235
0.06995065465152134
-0.2727666320559836
-0.24607135056890184
0.10738585374449094
0.14189909019143399
0.3298324848554682
0.00493228472525256
-0.1635640775494015
0.24893493126598865
0.20817553731956415
-0.25200643347170515
-0.2047368066927226
0.4088554871154636
0.00037843995763748147
-0.05244077562478925
-0.1843455849664218
0.4543395310881438
0.5473094726120566
0.0010739738514906688
0.2526023626498285
-0.5836790898803679
-0.1558834348087933
0.5768547909394519
-0.24022072304716385
-0.47159072368835064
0.16288751013771036
0.27252240219619117
0.20794559909454888
-0.30824269298125057
0.35792499773604947
0.5776747084787404
-0.4539157295989995
0.3529151633477895
0.013163268960659159
0.4066222317131003
0.2018491636927146
-0.14321395406104676
-0.09710758422551641
0.22419674747703655
0.18726832382998349
-0.2211556137034978
-0.5857152717138244
0.013902924890079797
-0.04239651401151085
-0.38012002783188015
-0.02941632700722733
-0.10944966574152344
0.10833245377594264
-0.24715266656563378
0.4935664966567097
-0.3321992191204622
-0.3393120821372725
0.17609824858657558
0.38760889190097014
-0.12808094005156762
-0.04327462968576509
0.19395650828919775
0.4546092039368228
-0.3959636476093322
0.052827911979309944
0.4620820101741558
0.17174223488592671
0.14653086466129173
-0.17293957639320517
-0.20769695241914143
0.18690207960615451
0.4825620820266724
-0.09514173625454572
0.3632394613862645
0.33875281390565415
0.2708888986552186
-0.11751945834644423
-0.013212823641984407
-0.1391807563575441
0.0020527537991852874
-0.08207296531901476
-0.16039393973102667
-0.36387628465123567
-0.009107439189109844
0.3916153213458623
0.2259655986460631
-0.25221209786525045
0.38772592503466086
0.6230718290118384
-0.4330534896748829
-0.37329022413768553
0.10218547207846738
0.24602430092332062
-0.13800052084581355
0.12315813401233151
0.39898789745848606
-0.2220363345350646
0.12702702903351698
-0.04283345212494101
0.42760154745715057
-0.34147015512460177
-0.510386148492203
-0.11875269554960013
-0.3106035724828441
0.018249147749868192
-0.5424082759863487
0.26985361969784205
-0.14648400192964975
0.3732708453966645
0.1068295415628394
-0.3634117780574655
-0.3787149502294471
0.40600323101199953
0.3824084021203773
0.23670193431854705
0.4745940806255595
0.5519344181483263
-0.5943085548907615
-0.20543877426518536
-0.28211789619500866
0.12005259202197116
0.29293655944298047
-0.13689123440310513
-0.03138552064576857
-0.4012481598880163
0.2687409692331534
-0.20443539706685204
-0.025507420170426173
-0.13433551439906333
0.10666195717376767
0.39255443702408543
0.46447701465178937
-0.36404405750374014
-0.11169768129226154
0.02524280371788482
0.23606446788962568
0.11053974903283992
0.1019437394231651
-0.30208154126625797
-0.08079833552023821
-0.10397340429447958
0.3257281974967754
-0.3457241933195356
-0.2059902248323257
0.05330051574826148
-0.029652096301101553
0.2317829746035424
0.13588770150234203
0.017336195695913287
-0.23992780416274156
0.08153855848348154
0.06351015611417499
-0.1729177698221488
-0.3661451193314753
-0.42978624138891114
0.3166498530146873
-0.2766314547909331
-0.15831896081455105
0.0793281018306292
-0.09407292224572111
-0.08658780444224502
0.27444777827508393
0.18897678594329934
-0.04572299686249386
0.10590239200668815
-0.3985788625116737
0.17839444535869572
0.010036070071288468
0.23970416944307915
-0.26494534275507353
0.24256750305744693
0.3675043545524609
0.17854642289678568
-0.2986129760273765
-0.06791468936218388
0.1790608530947283
-0.30684656406992883
-0.2982821041567941
-0.30097379078375885
0.11816335806536002
0.03527678068183961
0.17762271982660063
0.06539576785924477
0.023936958470724145
-0.14903196603350666
0.28101461544761475
0.14738527301499138
0.04633740778597226
0.47770596939204724
-0.14015235717010122
-0.40985670923767126
0.5522596137751163
0.5717511225829102
-0.3690832984905204
0.048094721910302216
0.0028308764263110615
-0.007108083961788821
-0.15131818084404733
-0.341308645314106
0.2885731729125818
-0.025625817805327154
-0.1708092482801663
0.054309473675618274
-0.1588831772641618
0.297723343022093
0.25951947449925084
-0.1992308605710742
-0.14017173731822574
-0.040921325547014074
-0.4680478165004714
0.24555411640087832
-0.2742956678178916
0.35188878782088506
0.3254047688618945
0.025884260370101976
-0.3479908707253556
-0.1726099156027977
0.1832784052157138
0.010289222769409924
-0.33322132626913414
0.05624002917462244
-0.23965313653982262
0.4518528805333609
0.38871879054575953
0.02507921652573933
-0.39261022185043526
-0.23708954674660374
-0.01815084609285048
-0.07119553173463855
-0.5071324232530712
0.14258330534632432
-0.03853207237664201
0.31272983238458996
0.3286759857968235
-0.33329126115966035
-0.13870992329287118
0.33756554804076766
0.03436309320666906
-0.3961972454620132
-0.3367948919497208
-0.033961289794548766
-0.2637082869232821
-0.2545657830979854
-0.2748118590446593
0.37544524143035835
0.35161963290729426
-0.4265363196702766
-0.1568267491813394
-0.1909255166765071
-0.038585370853392184
0.112023342194703
-0.01096495552813462
