11.869808931078062
5.28730218018777
2.680664665546983
1.4514360572087535
0.8177912856322901
0.4736279078380019
0.2801465064298651
0.168547737680295
0.10288023700834728
0.06359352953956343
0.03975412792239613
0.02510380206186303
0.015998579639994747
0.01028133255218294
0.006657772130239504
0.004341570680556527
0.0028494423004248232
0.001881212047496712
0.0012487152418967388
0.0008330043018957993
0.0005582357610087922
0.00037568058357290103
0.00025381009796105115
0.00017209146082787152
0.00011707197619693164
7.988831826600907e-05
5.467054399638733e-05
3.7512417461359876e-05
2.5802860582927946e-05
1.7789285676157415e-05
1.229079989193e-05
8.508866797015182e-06
5.901704578803315e-06
4.100590246448351e-06
3.470596499082591e-06
2.4164040267703073e-06
1.6853181999651261e-06
1.1771205789418261e-06
9.985617138729964e-07
6.986260567990288e-07
4.894837336850615e-07
4.158001158697089e-07
2.9175274480150975e-07
2.480163576704037e-07
1.742898414298766e-07
1.4826228530780302e-07
1.0433865229987705e-07
7.351238786207836e-08
6.259860573964869e-08
4.415471398992484e-08
3.7620715534789076e-08
2.6568235844421888e-08
1.878141357909113e-08
1.3287750421516143e-08
9.408417097658807e-09
6.6665989601390065e-09
5.690427724338674e-09
4.035456629489513e-09
3.4460893625240085e-09
2.9431682821375866e-09
2.089452763771975e-09
1.7852840460231018e-09
1.2686594068048109e-09
1.0844068189316746e-09
7.712818545756478e-10
6.595179049129598e-10
4.694795638062968e-10
3.344418378534797e-10
2.8615379624960995e-10
2.4486336625685815e-10
2.095528396922955e-10
1.4942742123460998e-10
1.0663492285872871e-10
7.614112291083187e-11
6.521450395197194e-11
5.5861294509914247e-11
4.7854178276849353e-11
3.4201182601206637e-11
2.9308761782743703e-11
2.0963628652344657e-11
1.5003958393173612e-11
1.0744126360424336e-11
7.697596686513724e-12
5.517541846453088e-12
3.9567589362878965e-12
3.3952527899289703e-12
2.4360828602622417e-12
2.0909834202687717e-12
1.501159346810618e-12
1.0783087608230442e-12
7.748932058332524e-13
