11.869808931078062
6.057730727366482
1.8803754650367763
0.8663042862490271
0.640839532780662
0.3397803721835506
0.1930886857299284
0.14989236073615425
0.088866159451929
0.07084500481466019
0.04338220863552794
0.027308141698292477
0.022015084912067034
0.014052280887226386
0.011484482103911547
0.0074246830596669325
0.004871916635495837
0.003997526799377545
0.0026372139648160073
0.0017690290501982816
0.0014499462258870158
0.0009715072402851243
0.0008062962875264787
0.000541923583975961
0.0003680059405304199
0.00030539745431119696
0.000207312842285923
0.00014260494874868859
0.00011801545379920762
8.081522596457139e-05
6.765305963599835e-05
4.635358666141748e-05
3.200334669313425e-05
2.6773227780507176e-05
1.8454135112291215e-05
1.2846111345735248e-05
1.072248847215811e-05
7.431102396031005e-06
6.259410213857543e-06
4.337528677085327e-06
3.021745169794243e-06
3.0178055766163e-06
3.01780556162339e-06
3.0178050818831905e-06
3.017804122392975e-06
3.0178040024576448e-06
3.017803942368118e-06
3.017803882278577e-06
3.0178037623432584e-06
3.0178037473503873e-06
2.9552689461532055e-06
2.4921301947606566e-06
2.49212946462307e-06
2.4921294417520723e-06
2.492129436096675e-06
2.4921294246700236e-06
2.4921294218091584e-06
2.492129416153762e-06
2.4921294104983624e-06
2.4921293990717097e-06
2.4921293876450548e-06
2.4921293819896623e-06
2.492129376334266e-06
2.4921060095267523e-06
2.492012543129868e-06
2.4920118130245373e-06
2.480049683896321e-06
2.480048957583575e-06
2.480048594403488e-06
2.480048571653367e-06
2.480048560290902e-06
2.4800485546624464e-06
2.4800485490339887e-06
2.4800485434055314e-06
2.4800485320430723e-06
2.480048526414615e-06
2.480048520786168e-06
2.480048515157702e-06
2.4800485037952465e-06
2.480048498166791e-06
2.480048486804328e-06
2.480048475441856e-06
2.4800484698134065e-06
2.4800484641849454e-06
2.4800484528224846e-06
2.480048447194031e-06
2.480048441565576e-06
2.4800484359371183e-06
2.4800484245746588e-06
2.4800484018245308e-06
2.480048396196075e-06
2.4800483848336034e-06
2.480048379205146e-06
2.4800483735766922e-06
2.480048370733156e-06
2.480048367889614e-06
2.480048367535769e-06
2.480048367451058e-06
2.4800483674143357e-06
2.4800483673776147e-06
2.4800483673408907e-06
2.4800483673284046e-06
2.4800483673159185e-06
2.480048367303432e-06
2.4800483672909433e-06
2.4800483672784585e-06
2.4800483672659707e-06
2.480048367253484e-06
2.480048367240997e-06
2.48004836722851e-06
2.480048367216023e-06
2.4800483672035363e-06
2.4800483671910497e-06
2.480048367178563e-06
2.4800483671660762e-06
2.4800483671535897e-06
2.480048367141103e-06
2.4800483671286166e-06
2.4800483671161297e-06
2.4800483671036427e-06
2.4800483670911558e-06
2.4800483670786696e-06
2.4800483670661823e-06
2.4800483670536957e-06
2.480048367053688e-06
2.480048367053681e-06
2.4800483670536733e-06
2.480048367053666e-06
2.4800483670536585e-06
2.4800483670536513e-06
2.4800483670536436e-06
2.4800483670536364e-06
2.480048367053629e-06
2.4800483670536216e-06
2.480048367053614e-06
2.4800483670536064e-06
2.4800483670535987e-06
2.4800483670535915e-06
2.480048367053584e-06
2.4800483670535767e-06
2.480048367053569e-06
2.480048367053561e-06
2.480048367053554e-06
2.4800483670535462e-06
2.480048367053539e-06
2.4800483670535314e-06
2.480048367053524e-06
2.4800483670535166e-06
2.4800483670535094e-06
2.4800483670535018e-06
2.4800483670534946e-06
2.480048367053487e-06
2.4800483670534793e-06
2.4800483670534717e-06
2.4800483670534645e-06
2.480048367053457e-06
2.4800483670534497e-06
2.4800483670534425e-06
2.480048367053435e-06
2.4800483670534272e-06
2.4800483670534196e-06
2.4800483670534124e-06
2.480048367053405e-06
2.4800483670533976e-06
2.4800483670533904e-06
2.4800483670533823e-06
2.480048367053375e-06
2.480048367053368e-06
2.4800483670533603e-06
2.4800483670533527e-06
2.4800483670533455e-06
2.4800483670533374e-06
2.4800483670533307e-06
2.480048367053323e-06
2.4800483670533154e-06
2.480048367053308e-06
2.4800483670533006e-06
2.480048367053293e-06
2.4800483670532858e-06
2.480048367053278e-06
2.4800483670532705e-06
2.480048367053263e-06
2.4800483670532557e-06
2.480048367053248e-06
2.480048367053241e-06
2.4800483670532332e-06
2.4800483670532256e-06
2.4800483670532184e-06
2.480048367053211e-06
2.4800483670532036e-06
2.480048367053196e-06
2.4800483670531888e-06
2.480048367053181e-06
2.4800483670531735e-06
2.4800483670531663e-06
2.4800483670531583e-06
2.480048367053151e-06
2.480048367053144e-06
2.480048367053136e-06
2.4800483670531286e-06
2.480048367053121e-06
2.480048367053114e-06
2.4800483670531066e-06
2.480048367053099e-06
2.4800483670530914e-06
2.4800483670530837e-06
2.4800483670530765e-06
2.480048367053069e-06
2.4800483670530613e-06
2.480048367053054e-06
2.480048367053047e-06
2.4800483670530393e-06
2.480048367053032e-06
2.480048367053024e-06
2.480048367053017e-06
2.480048367053009e-06
2.480048367053002e-06
2.4800483670529944e-06
2.480048367052987e-06
2.4800483670529796e-06
2.4800483670529724e-06
2.4800483670529643e-06
2.480048367052957e-06
2.4800483670529495e-06
2.4800483670529423e-06
2.4800483670529347e-06
2.4800483670529275e-06
2.48004836705292e-06
2.4800483670529126e-06
2.480048367052905e-06
2.4800483670528974e-06
2.4800483670528898e-06
2.4800483670528826e-06
2.4800483670528754e-06
2.4800483670528678e-06
2.48004836705286e-06
2.480048367052853e-06
2.4800483670528457e-06
2.4800483670528377e-06
2.4800483670528305e-06
2.480048367052823e-06
2.4800483670528157e-06
2.4800483670528085e-06
2.4800483670528004e-06
2.4800483670527932e-06
2.4800483670527856e-06
2.4800483670527784e-06
2.4800483670527703e-06
2.480048367052763e-06
2.4800483670527555e-06
2.4800483670527483e-06
2.4800483670527407e-06
2.4800483670527335e-06
2.480048367052726e-06
2.4800483670527187e-06
2.4800483670527106e-06
2.4800483670527034e-06
2.4800483670526962e-06
2.4800483670526886e-06
2.4800483670526814e-06
2.4800483670526738e-06
2.480048367052666e-06
2.480048367052659e-06
2.4800483670526513e-06
2.480048367052644e-06
2.4800483670526365e-06
2.4800483670526293e-06
2.4800483670526217e-06
2.480048367052614e-06
2.480048367052607e-06
2.4800483670525992e-06
2.480048367052592e-06
2.480048367052584e-06
2.480048367052577e-06
2.480048367052569e-06
2.480048367052562e-06
2.4800483670525548e-06
2.4800483670525467e-06
2.480048367052539e-06
2.480048367052532e-06
2.4800483670525243e-06
2.4800483670525167e-06
2.4800483670525095e-06
2.480048367052502e-06
2.4800483670524946e-06
2.480048367052487e-06
2.48004836705248e-06
2.480048367052472e-06
2.480048367052465e-06
2.4800483670524574e-06
2.4800483670524497e-06
2.4800483670524425e-06
2.480048367052435e-06
2.4800483670524273e-06
2.48004836705242e-06
2.480048367052412e-06
2.4800483670524053e-06
2.4800483670523977e-06
2.48004836705239e-06
2.480048367052383e-06
2.480048367052375e-06
2.480048367052368e-06
2.48004836705236e-06
2.480048367052353e-06
2.4800483670523456e-06
2.480048367052338e-06
2.4800483670523307e-06
2.4800483670523227e-06
2.4800483670523155e-06
2.4800483670523083e-06
2.4800483670523002e-06
2.480048367052293e-06
2.480048367052286e-06
2.4800483670522782e-06
2.480048367052271e-06
2.4800483670522634e-06
2.4800483670522558e-06
2.4800483670522486e-06
2.4800483670522414e-06
2.4800483670522333e-06
2.4800483670522257e-06
2.4800483670522185e-06
2.480048367052211e-06
2.4800483670522037e-06
2.480048367052196e-06
2.4800483670521884e-06
2.4800483670521812e-06
2.4800483670521736e-06
2.480048367052166e-06
2.480048367052159e-06
2.480048367052151e-06
2.4800483670521444e-06
2.4800483670521363e-06
2.480048367052129e-06
2.4800483670521215e-06
2.4800483670521143e-06
2.4800483670521067e-06
2.480048367052099e-06
2.4800483670520914e-06
2.4800483670520847e-06
2.480048367052077e-06
2.4800483670520694e-06
2.480048367052062e-06
2.4800483670520546e-06
2.480048367052047e-06
2.4800483670520398e-06
2.480048367052032e-06
2.480048367052025e-06
2.4800483670520173e-06
2.4800483670520097e-06
2.480048367052002e-06
2.480048367051995e-06
2.4800483670519873e-06
2.48004836705198e-06
2.4800483670519724e-06
2.480048367051965e-06
2.480048367051958e-06
2.4800483670519504e-06
2.4800483670519424e-06
2.4800483670519347e-06
2.4800483670519275e-06
2.4800483670519195e-06
2.4800483670519127e-06
2.480048367051905e-06
2.480048367051898e-06
2.4800483670518903e-06
2.480048367051883e-06
2.4800483670518755e-06
2.4800483670518683e-06
2.4800483670518606e-06
2.4800483670518526e-06
2.480048367051846e-06
2.480048367051838e-06
2.480048367051831e-06
2.4800483670518234e-06
2.4800483670518157e-06
2.480048367051808e-06
2.4800483670518005e-06
2.480048367051793e-06
2.4800483670517857e-06
2.480048367051778e-06
2.4800483670517713e-06
2.4800483670517632e-06
2.480048367051756e-06
2.4800483670517484e-06
2.480048367051741e-06
2.4800483670517336e-06
2.480048367051726e-06
2.4800483670517188e-06
2.480048367051711e-06
2.4800483670517035e-06
2.4800483670516963e-06
2.4800483670516887e-06
2.480048367051681e-06
2.480048367051674e-06
2.4800483670516662e-06
2.480048367051659e-06
2.4800483670516514e-06
2.480048367051644e-06
2.4800483670516366e-06
2.4800483670516294e-06
