11.869808931078062
9.25611524159908
7.356025905178444
5.934216323471659
4.8455078880001805
3.995912909937053
3.3222782886044553
2.781107500614881
2.3415516868026804
1.9812091398231122
1.6834995464028972
1.435911235778852
1.2288339760541862
1.0547826600342187
0.9078527819399972
0.7833444300011777
0.6774751225894592
0.5871733932624454
0.5099299925976563
0.44368313995164077
0.3867294962283381
0.3376552597397374
0.2952813295699867
0.25862026114640313
0.22684201342783938
0.19924709783021444
0.175243811729528
0.15433079830197183
0.13608195019690011
0.12013420789552902
0.10617751514320298
0.09394647699265278
0.08321347337983581
0.07378291092172552
0.06548641271561272
0.05817884141626521
0.05173486029816113
0.046046032467856136
0.04101839627831675
0.03657042249286233
0.03263127314671178
0.029139285777194185
0.026040727813690892
0.023288716156941475
0.020842285319220465
0.018665599717215733
0.016727281162547635
0.01499981413825516
0.013459043436234224
0.012083738518803643
0.010855220113038853
0.009757033882264655
0.008774670998355645
0.007895324436348005
0.007107681384292943
0.006401735124555722
0.005768625900726874
0.005200503980430738
0.004690407761694207
0.004232157113786495
0.0038202585889729546
0.0034498310915303406
0.003116531644933783
0.0028164929328611016
0.0025462685555982406
0.0023027848432964895
0.0020832986980871644
0.0018853602400350851
0.0017067800079309794
0.0015455999910275267
0.0014000680470448654
0.0012686152891257909
0.0011498360788298632
0.001042470309095588
0.0009453877015268398
0.0008575738773152232
0.0007781179913887904
0.000706201745640459
0.0006410896199024303
0.0005821201791702154
0.0005286983328546129
0.0004802884368962039
0.0004364081427161624
0.0003966229084547018
0.0003605410979863551
0.0003278096019864869
0.00029810992302360705
0.00027115467340249383
0.00024668444041383273
0.00022446497885419107
0.00020428469526304895
0.00018595239235796537
0.00016929524570342264
0.00015415698778426906
0.00014039627742238635
0.0001278852349196751
0.00011650812547213472
0.00010616017531315718
9.674650673746678e-05
8.818117965933074e-05
8.038632868919087e-05
7.329138589590352e-05
6.683238047095112e-05
6.095130744412217e-05
5.5595558430707335e-05
5.0717408128499064e-05
4.627355094106425e-05
4.2224682690644814e-05
3.853512290604074e-05
3.5172473638439045e-05
3.21073111743685e-05
2.931290738689494e-05
2.676497780000712e-05
2.4441453737137613e-05
2.2322276192355388e-05
2.0389209300475074e-05
1.862567149627899e-05
1.7016582643943045e-05
1.554822558981001e-05
1.420812074537454e-05
1.2984912445771102e-05
1.1868265952318938e-05
1.084877408012362e-05
9.917872531206645e-06
9.06776310385175e-06
8.291344029368536e-06
7.58214676138161e-06
6.934278607141949e-06
6.342370649803663e-06
5.801530464204901e-06
5.3072991756761035e-06
4.85561245581749e-06
4.4427650866144985e-06
4.065378760763657e-06
3.7203728168617676e-06
3.404937637131408e-06
3.1165104609941795e-06
2.8527533911685113e-06
2.6115333899493785e-06
2.3909040826366965e-06
2.1890892018013224e-06
2.0044675220847594e-06
1.8355591490672843e-06
1.6810130383766755e-06
1.5395956330216288e-06
1.41018051700213e-06
1.2917389929539715e-06
1.1833314999727023e-06
1.0840997955697952e-06
9.932598326071749e-07
9.100952684382397e-07
8.33951549761967e-07
7.642305206730717e-07
7.003855075101423e-07
6.419168375565515e-07
5.883677525057788e-07
5.393206820215936e-07
4.943938446182302e-07
4.5323814704625324e-07
4.155343554864107e-07
3.8099051454061215e-07
3.4933959196065006e-07
3.2033732886801863e-07
2.937602779333921e-07
2.6940401206257907e-07
2.470814891396e-07
2.2662155922194361e-07
2.0786760076248815e-07
1.9067627569857022e-07
1.7491639181162487e-07
1.6046786403512618e-07
1.4722076518510125e-07
1.3507445894558484e-07
1.2393680716580826e-07
1.1372344607568211e-07
1.04357124263559e-07
9.57670978321991e-08
8.788857732880142e-08
8.066222244084293e-08
7.40336795724679e-08
6.795315930881387e-08
6.237505010648873e-08
5.725756456805322e-08
5.2562416355037994e-08
4.825452449057225e-08
4.43017427616565e-08
4.0674612379810686e-08
3.73461354834544e-08
3.429156791030682e-08
3.148822978635057e-08
2.891533185589067e-08
2.6553816820217974e-08
2.438621379318601e-08
2.2396505485193905e-08
2.0570006236105977e-08
1.889325052191525e-08
1.7353891037060014e-08
1.594060484568483e-08
1.4643008072230774e-08
1.3451577449118236e-08
1.2357578438486072e-08
1.1352999479781658e-08
1.0430491760863414e-08
9.583313996433713e-09
8.80528195936482e-09
8.090722002552144e-09
7.4344288789444236e-09
6.831626503101012e-09
6.27793258952443e-09
5.769325890073355e-09
5.3021163076298775e-09
4.8729173568496785e-09
4.478621212786036e-09
4.116375429603891e-09
3.783561934757218e-09
3.4777777509200036e-09
3.196817077846399e-09
2.938655081237028e-09
2.7014329458402145e-09
2.4834441549190234e-09
2.2831219732386054e-09
2.0990280352190544e-09
1.9298416082735504e-09
1.7743499411068573e-09
1.631439485563964e-09
1.5000876776396605e-09
1.3793555255008561e-09
1.2683805501435755e-09
1.166370705834365e-09
1.0725986355367598e-09
9.863961243602139e-10
9.071495521452327e-10
8.342951938007242e-10
7.673152517803599e-10
7.05733992889973e-10
6.491145202223893e-10
5.97055331337016e-10
5.491876160592644e-10
5.051725173644124e-10
4.646986795744896e-10
4.2748001386272687e-10
3.9325366665979146e-10
3.6177811536564195e-10
3.3283136790135043e-10
3.062094368658642e-10
2.817248833557247e-10
2.5920543225008666e-10
2.384927226050344e-10
2.1944127288909855e-10
2.0191730235729223e-10
1.857978808328221e-10
1.709699655967912e-10
1.573297143501045e-10
1.4478164783172467e-10
1.3323796496624755e-10
1.226179904538953e-10
1.128475427985875e-10
1.0385838406119428e-10
9.558785419676028e-11
8.79782316734108e-11
8.097654650920454e-11
7.453402716063566e-11
6.860586981054267e-11
6.315088005175664e-11
5.813110840264076e-11
5.351174312165625e-11
4.926071301879376e-11
4.534854097384527e-11
4.1748150301232906e-11
3.843458574493904e-11
3.538490107202247e-11
3.257801286008712e-11
2.999456511686609e-11
2.7616656118076387e-11
2.5427881777470875e-11
2.341320128112527e-11
2.155866366535342e-11
1.9851519664074273e-11
1.8279974548229255e-11
1.6833254785946983e-11
1.550142432662507e-11
1.4275328095648598e-11
1.3146498922480885e-11
1.2107232218611615e-11
1.115040115268484e-11
1.0269425275993863e-11
9.458278923744522e-12
8.711416464722291e-12
8.023712539096179e-12
7.390508892545063e-12
6.807428426164991e-12
6.270507636083235e-12
5.776063399186663e-12
5.320708126988475e-12
4.901397991770027e-12
4.515220395031847e-12
4.159575608349495e-12
3.8320352128789816e-12
3.530339770675117e-12
3.2524761216761198e-12
2.9965608209972964e-12
2.760841235077074e-12
2.5437194606705274e-12
2.3437383689408246e-12
2.1595134207568623e-12
1.9898397653543634e-12
1.8335398845535966e-12
1.6895331613828255e-12
1.5568679342899936e-12
1.4346658338993228e-12
1.3220732038907245e-12
1.2183787403098227e-12
1.1228110677946633e-12
1.0347785540193693e-12
9.536538446281074e-13
