108.97995317810478
25.406471938908226
11.17189605969827
5.757885473784967
3.2253021098906345
1.9048065698806056
1.1749677844199766
0.7504201190710944
0.49800250977830274
0.34227739546597036
0.2460058547045776
0.1842002844321371
0.1454044607716014
0.11969193657495225
0.10382542178541598
0.09295417780987236
0.08680808216138303
0.08240548945414616
0.08061826521557691
0.07922017264036185
0.07952829457707367
0.07963337846072704
0.08105380588477828
0.08202922779369715
0.08414649470847735
0.08574270550715823
0.08840202467456493
0.09053717925178262
0.09370646882806
0.09639766103336456
0.10005617071138317
0.10335275018712764
0.10759644759096432
0.1115591002666747
0.1165278627120756
0.12132925768284508
0.12717762716658854
0.1332053836007674
0.14007801602338077
0.14767372397031409
0.15580395301282124
0.1653828077508308
0.17497314679354758
0.18712535316316803
0.1982463099361098
0.21351045882857989
0.22661436809633528
0.24560362112774214
0.26124893982984077
0.2847344679518926
0.3036445399379204
0.33261179853741396
0.35412589397432725
0.3889257036111644
0.4131640843758646
0.45449159049388754
0.4815146565159125
0.5298060944149938
0.5590848646057793
0.615287051198635
0.6459124017680438
0.7118378328891026
0.7442325698619641
0.823035492543994
0.857991142140861
0.9540464058019325
0.9926570806613313
1.1125699050218998
1.157500214489943
1.3123999505038455
1.3706020989932028
1.579574926594546
1.6728342191814534
1.9747438201447949
2.146957563655434
2.618530347259366
3.0062888081151584
3.8528042052478497
4.9186698339293
6.837216164593997
10.53818719726172
16.72817215473424
36.77810950716747
nan
nan
nan
407.20920709411695
nan
2547.981123183393
nan
18033.63788470475
nan
134726.52108981795
nan
1032413.119827796
nan
8016392.043469795
nan
62730629.81021716
nan
493440711.17296016
nan
3896297863.7472405
nan
30858897127.07212
nan
245013502347.4183
nan
1949475579924.1724
nan
15539622919690.941
nan
124068247378201.16
nan
991970418419212.0
nan
7941233895760915.0
nan
6.364604766356106e+16
nan
5.1062213336182746e+17
nan
4.1004281563850127e+18
nan
3.295503539559305e+19
nan
2.6505938720523744e+20
nan
2.133353594102886e+21
nan
1.7181191099027582e+22
nan
1.3844896301701562e+23
nan
1.1162200192487577e+24
nan
9.003541076892182e+24
nan
7.2654417489591235e+25
nan
5.8651514414914875e+26
nan
4.7364166778939417e+27
nan
3.8261356269555375e+28
nan
3.0917059333407993e+29
nan
2.498918322427741e+30
nan
2.0202807856022548e+31
nan
1.6336832256638967e+32
nan
1.3213318569154382e+33
nan
1.0688977413993597e+34
nan
8.648356048281055e+34
nan
6.998382734572983e+35
nan
5.663992856608335e+36
nan
4.58461902392195e+37
nan
3.711372094517092e+38
nan
3.0047753401109885e+39
nan
2.432941913046387e+40
nan
1.9701079249821407e+41
nan
1.595451043325974e+42
nan
1.2921385115690067e+43
nan
1.0465596557634375e+44
nan
8.477068414899245e+44
nan
6.866759582981523e+45
nan
5.562631982052396e+46
nan
4.5063945106999315e+47
nan
3.650872919523621e+48
nan
2.9578846595740276e+49
nan
2.3965212923506374e+50
nan
1.9417599593274106e+51
nan
1.5733406178790218e+52
nan
1.2748579899000612e+53
nan
1.0330270250669123e+54
