64.64329111978816
33.201400949713275
18.715506788580115
11.206962383931398
7.013249866599438
4.540349441031651
3.0194646724835366
2.052091391272711
1.4197144199944773
0.9968938943559351
0.7088329070863892
0.5094607475745647
0.3696086176114477
0.2703672187664097
0.19923021982748423
0.1477851741801146
0.11028661637277537
0.0827591088438453
0.06242068927025457
0.04730453078832397
0.03600829492603452
0.027524245881068055
0.021122160575146154
0.016269771014549406
0.01257657333979978
0.009754490368152346
0.007590013432377418
0.005923965789634167
0.004637191929759865
0.0036401451861820533
0.0028652194404230613
0.002261112901692286
0.0017888283387037518
0.0014185784835945014
0.0011275497002429802
0.0008982116700053666
0.0007170429584562044
0.0005735876541166363
0.0004597380456061728
0.00036918413132980277
0.00029700870908300203
0.00023936553395742521
0.00019323796584558295
0.000156254246746812
0.00012654732648798017
0.0001026434910613716
8.337712478123649e-05
6.78220519603201e-05
5.524339894691366e-05
4.505604482574199e-05
3.6793326103179425e-05
3.0082397302066965e-05
2.462421690552219e-05
2.0178979582397005e-05
1.6554110288780066e-05
1.3594547908724053e-05
1.1175310021371843e-05
9.195549182550167e-06
7.573610787403595e-06
6.243402026484546e-06
5.151339564690716e-06
4.253888505445502e-06
3.515658704600355e-06
2.9078355510137044e-06
2.4069360051726107e-06
1.993787407172931e-06
1.6527418438272434e-06
1.3709810673390166e-06
1.1380193996046728e-06
9.452537597098853e-07
7.856373258618987e-07
6.533715577461408e-07
5.436950800685736e-07
4.526904717749858e-07
3.771276055886119e-07
3.1435001801582985e-07
2.621590624585224e-07
2.1874808453503647e-07
1.826150537453941e-07
1.5252572893587057e-07
1.2745221056320588e-07
1.0655224969013943e-07
8.911763416108442e-08
7.45687316339172e-08
6.242299832592835e-08
5.227616384217981e-08
4.3797228954645107e-08
3.670760406748741e-08
3.077741439483361e-08
2.5816632387432037e-08
2.1662344806827605e-08
1.818324335545185e-08
1.5268312836269615e-08
1.2824557416024618e-08
1.0776602721307427e-08
9.059021977009252e-09
7.616108632646501e-09
6.405855401681038e-09
5.390461410570424e-09
4.536559572443366e-09
3.819764060608577e-09
3.2161437957256567e-09
2.70915734290611e-09
2.2829453882877715e-09
1.9229560166422743e-09
1.6219701137742959e-09
1.368505309073953e-09
1.153523498942377e-09
9.729888006404508e-10
8.220695235650055e-10
6.930349627509713e-10
5.854872142663226e-10
4.944809006701689e-10
4.1802650230238214e-10
3.5282710086903535e-10
2.9950797397759743e-10
2.5255530999857e-10
2.1293544705258682e-10
1.8053469830192626e-10
1.5307932699215598e-10
1.2778400559909642e-10
1.0953726814477704e-10
9.350742402602918e-11
7.878497854107991e-11
6.548361852765083e-11
5.525180313270539e-11
4.8203219193965197e-11
3.927880243281834e-11
3.4219738154206425e-11
2.8535396268125623e-11
2.4556356947869062e-11
2.034994395216927e-11
1.807620719773695e-11
1.5404566511278972e-11
1.2732925824820995e-11
1.0800249583553523e-11
8.810729923425242e-12
8.071765478234738e-12
6.821210263296962e-12
5.286437954055145e-12
4.206412995699793e-12
3.694822225952521e-12
3.126388037344441e-12
3.183231456205249e-12
1.9326762412674725e-12
2.0463630789890885e-12
1.8189894035458565e-12
2.1600499167107046e-12
1.4779288903810084e-12
1.0231815394945443e-12
1.7053025658242404e-12
6.821210263296962e-13
2.2737367544323206e-13
1.0231815394945443e-12
1.6484591469634324e-12
7.958078640513122e-13
9.094947017729282e-13
9.094947017729282e-13
7.958078640513122e-13
-3.979039320256561e-13
3.410605131648481e-13
2.2737367544323206e-13
9.094947017729282e-13
5.684341886080801e-13
3.979039320256561e-13
-5.115907697472721e-13
-3.979039320256561e-13
-1.3073986337985843e-12
3.979039320256561e-13
8.526512829121202e-13
-3.410605131648481e-13
-9.663381206337363e-13
-4.547473508864641e-13
3.410605131648481e-13
-1.1937117960769683e-12
-3.979039320256561e-13
-2.8421709430404007e-13
-7.389644451905042e-13
-3.410605131648481e-13
-2.2737367544323206e-13
-3.979039320256561e-13
-1.7053025658242404e-13
1.0231815394945443e-12
9.663381206337363e-13
-2.8421709430404007e-13
5.684341886080801e-13
6.821210263296962e-13
-6.821210263296962e-13
1.0231815394945443e-12
1.1368683772161603e-13
3.979039320256561e-13
4.547473508864641e-13
6.821210263296962e-13
-5.684341886080801e-13
-1.0231815394945443e-12
-7.389644451905042e-13
-3.410605131648481e-13
-3.410605131648481e-13
4.547473508864641e-13
1.1368683772161603e-12
9.094947017729282e-13
5.684341886080801e-13
7.389644451905042e-13
-5.684341886080802e-14
-1.7053025658242404e-13
-1.1368683772161603e-13
-4.547473508864641e-13
1.1368683772161603e-12
1.3073986337985843e-12
5.684341886080801e-13
1.7053025658242404e-13
0.0
0.0
-2.2737367544323206e-13
-7.958078640513122e-13
1.1368683772161603e-13
2.8421709430404007e-13
2.8421709430404007e-13
7.958078640513122e-13
9.094947017729282e-13
6.821210263296962e-13
5.684341886080801e-13
-4.547473508864641e-13
0.0
9.094947017729282e-13
2.2737367544323206e-13
1.7053025658242404e-13
0.0
-3.410605131648481e-13
-2.8421709430404007e-13
-3.410605131648481e-13
5.684341886080802e-14
-5.684341886080802e-14
2.8421709430404007e-13
0.0
-9.094947017729282e-13
-4.547473508864641e-13
2.2737367544323206e-13
1.7053025658242404e-13
6.252776074688882e-13
9.094947017729282e-13
-1.1368683772161603e-13
1.7053025658242404e-13
5.684341886080802e-14
1.1937117960769683e-12
2.2737367544323206e-13
1.0231815394945443e-12
3.410605131648481e-13
-1.1368683772161603e-13
1.7053025658242404e-13
0.0
4.547473508864641e-13
3.979039320256561e-13
8.526512829121202e-13
5.115907697472721e-13
-3.979039320256561e-13
2.2737367544323206e-13
4.547473508864641e-13
6.821210263296962e-13
1.1368683772161603e-13
0.0
1.7053025658242404e-13
-1.1368683772161603e-13
2.2737367544323206e-13
6.821210263296962e-13
5.115907697472721e-13
1.1368683772161603e-13
-1.1368683772161603e-13
4.547473508864641e-13
-5.684341886080802e-14
0.0
1.7053025658242404e-13
-2.2737367544323206e-13
1.1368683772161603e-13
0.0
-1.7053025658242404e-13
5.115907697472721e-13
1.7053025658242404e-13
4.547473508864641e-13
1.1368683772161603e-13
-2.2737367544323206e-13
4.547473508864641e-13
-1.7053025658242404e-13
1.7053025658242404e-13
5.684341886080801e-13
-5.684341886080802e-14
-3.979039320256561e-13
-1.1368683772161603e-13
-4.547473508864641e-13
-3.410605131648481e-13
-3.410605131648481e-13
-7.389644451905042e-13
-7.958078640513122e-13
-2.2737367544323206e-13
-1.1368683772161603e-13
1.7053025658242404e-13
0.0
2.2737367544323206e-13
0.0
1.1368683772161603e-13
-2.8421709430404007e-13
-3.410605131648481e-13
-2.2737367544323206e-13
-2.2737367544323206e-13
-5.684341886080802e-14
-4.547473508864641e-13
-3.410605131648481e-13
-5.684341886080801e-13
-4.547473508864641e-13
-6.252776074688882e-13
-5.115907697472721e-13
-6.821210263296962e-13
-6.821210263296962e-13
-4.547473508864641e-13
-5.115907697472721e-13
-6.252776074688882e-13
-6.252776074688882e-13
-6.252776074688882e-13
-5.684341886080801e-13
-4.547473508864641e-13
-6.252776074688882e-13
-5.684341886080801e-13
-4.547473508864641e-13
-4.547473508864641e-13
-5.115907697472721e-13
-6.821210263296962e-13
-5.684341886080801e-13
-4.547473508864641e-13
-4.547473508864641e-13
-4.547473508864641e-13
-4.547473508864641e-13
-5.115907697472721e-13
-5.684341886080801e-13
-5.684341886080801e-13
-5.115907697472721e-13
-4.547473508864641e-13
-5.684341886080801e-13
-4.547473508864641e-13
-5.684341886080801e-13
-5.115907697472721e-13
-5.115907697472721e-13
-5.115907697472721e-13
