64.64329111978816
21.924303374806698
8.633581435266137
3.756098616250938
1.7507134253476693
0.8570609079559404
0.4351774780820392
0.22733356328058107
0.1215207472654356
0.06622240633589627
0.036691338345065105
0.020627474266007084
0.01174863000392179
0.0067711263475302985
0.003944905255821141
0.0023214220777845185
0.001378848545641631
0.0008261682883130561
0.0004990886692439744
0.00030382981344700966
0.0001863100968080289
0.00011503250516398111
7.148434468717824e-05
4.469382383831544e-05
2.8104706416343106e-05
1.776891275540038e-05
1.1291728526430234e-05
7.210306876004324e-06
4.625103656508145e-06
2.9795643285979168e-06
1.9272733879915904e-06
1.2513908131950302e-06
8.154627835210704e-07
5.331987722456688e-07
3.497548277664464e-07
2.30118018862413e-07
1.5183957202680176e-07
1.0046102261185297e-07
6.663810836471384e-08
4.43102408098639e-08
2.9532202461268753e-08
1.9725689526239876e-08
1.320245246461127e-08
8.85484041646123e-09
5.949118531134445e-09
4.005187292932533e-09
2.700232926144963e-09
1.8246737454319373e-09
1.2350369615887757e-09
8.354845704161562e-10
5.675246939063072e-10
3.866489350912161e-10
2.625029082992114e-10
1.7888623915496282e-10
1.2181544661871158e-10
8.287770469905809e-11
5.67297320230864e-11
3.8539837987627834e-11
2.6545876607997343e-11
1.9042545318370685e-11
1.3358203432289883e-11
1.000444171950221e-11
5.343281372915953e-12
3.922195901395753e-12
2.8421709430404007e-12
1.1937117960769683e-12
1.8189894035458565e-12
2.2737367544323206e-13
-5.115907697472721e-13
1.0231815394945443e-12
1.1368683772161603e-13
1.0800249583553523e-12
-1.7053025658242404e-13
1.7053025658242404e-13
2.8421709430404007e-13
-7.389644451905042e-13
-4.547473508864641e-13
2.2737367544323206e-13
5.684341886080802e-14
5.684341886080802e-14
1.3073986337985843e-12
-1.1368683772161603e-13
2.2737367544323206e-13
1.4779288903810084e-12
-9.094947017729282e-13
-1.7053025658242404e-13
-7.958078640513122e-13
-5.684341886080801e-13
4.547473508864641e-13
3.410605131648481e-13
0.0
1.4210854715202004e-12
6.252776074688882e-13
-2.2737367544323206e-13
3.979039320256561e-13
4.547473508864641e-13
1.7053025658242404e-13
3.979039320256561e-13
-3.410605131648481e-13
-3.410605131648481e-13
3.410605131648481e-13
1.7053025658242404e-13
1.7053025658242404e-13
0.0
-6.252776074688882e-13
3.410605131648481e-13
3.979039320256561e-13
6.252776074688882e-13
-2.2737367544323206e-13
-9.094947017729282e-13
3.979039320256561e-13
-3.979039320256561e-13
3.410605131648481e-13
2.8421709430404007e-13
-2.2737367544323206e-13
9.094947017729282e-13
5.684341886080802e-14
2.8421709430404007e-13
-4.547473508864641e-13
1.1368683772161603e-13
-3.410605131648481e-13
-2.8421709430404007e-13
1.1368683772161603e-13
4.547473508864641e-13
-1.1368683772161603e-13
1.1368683772161603e-13
-2.8421709430404007e-13
-1.7053025658242404e-13
-7.958078640513122e-13
-1.1368683772161603e-13
-2.2737367544323206e-13
-1.7053025658242404e-13
-1.7053025658242404e-13
-1.7053025658242404e-13
-5.684341886080801e-13
-5.115907697472721e-13
-6.821210263296962e-13
-4.547473508864641e-13
-4.547473508864641e-13
-6.252776074688882e-13
-7.958078640513122e-13
-4.547473508864641e-13
-3.979039320256561e-13
-5.115907697472721e-13
-7.389644451905042e-13
-5.684341886080801e-13
-5.115907697472721e-13
-5.115907697472721e-13
-4.547473508864641e-13
-5.684341886080801e-13
-5.115907697472721e-13
-5.115907697472721e-13
-5.684341886080801e-13
