64.64329111978816
36.35833549337951
21.501137314652397
13.217089634960018
8.38275762512518
5.455443784452825
3.6273494195181684
2.455594297304742
1.687809675839219
1.1752023273004397
0.8274403672548942
0.588249093676211
0.421769566030207
0.30469327158908754
0.22160592706393345
0.1621618637290112
0.11932571038551032
0.08825557541246098
0.06558533481069162
0.048953778275517834
0.03669095053299998
0.027606959618367455
0.020848316984711346
0.015799187701702522
0.012012643779655718
0.00916250841044075
0.007009749650535468
0.005378343209542891
0.00413811803872477
0.003192404479250399
0.0024691748752729836
0.0019145402958997693
0.001488054316553189
0.0011592561354518693
0.000905132510013118
0.0007082479880864412
0.0005553510982281296
0.0004363456281453182
0.00034351425085787923
0.0002709467940462673
0.00021410263991583633
0.00016948516429238225
0.00013439793207226103
0.00010675242782554051
8.493036091294925e-05
6.767490106085461e-05
5.400673001076939e-05
4.316209094668011e-05
3.454384960832613e-05
2.768428350918839e-05
2.221621457465517e-05
1.785097441597827e-05
1.4361194871526095e-05
1.1567517617550038e-05
9.32810758058622e-06
7.530688833412569e-06
6.086225823764835e-06
4.924001245854015e-06
3.987770810454094e-06
3.232741164538311e-06
2.6231654715047625e-06
2.1304999222593324e-06
1.7319092648904189e-06
1.409107426297851e-06
1.1474350571916148e-06
9.351141443403321e-07
7.626794058523956e-07
6.225180868568714e-07
5.084891085971321e-07
4.1564567254681606e-07
3.3999077686530654e-07
2.782962837954983e-07
2.2794438336859457e-07
1.8682158042793162e-07
1.5321313640015433e-07
1.2572570540214656e-07
1.0323117294319673e-07
8.480918722852948e-08
6.9713564698759e-08
5.733568286814261e-08
4.7178787099255715e-08
3.884269972331822e-08
3.1996705729397945e-08
2.636846829773276e-08
2.1739879230153747e-08
1.7933245999302017e-08
1.4799127256992506e-08
1.2218890788062708e-08
1.0092662705574185e-08
8.33989588500117e-09
6.894083526276518e-09
5.701338068320183e-09
4.716866897069849e-09
3.903778633684851e-09
3.232685230614152e-09
2.6767565941554494e-09
2.217973360529868e-09
1.8386003830528352e-09
1.5237446859828196e-09
1.263686044694623e-09
1.0489884516573511e-09
8.716369848116301e-10
7.233893484226428e-10
6.007780939398799e-10
4.981188794772606e-10
4.1529801819706336e-10
3.440163709456101e-10
2.863771442207508e-10
2.3783286451362073e-10
1.986109054996632e-10
1.6422063708887435e-10
1.376179170620162e-10
1.1374368114047684e-10
9.652012522565201e-11
7.935341272968799e-11
6.571099220309407e-11
5.468336894409731e-11
4.5361048250924796e-11
3.717559593496844e-11
3.313971319585107e-11
2.7114310796605423e-11
2.0691004465334117e-11
1.8246737454319373e-11
1.5973000699887052e-11
1.318767317570746e-11
1.1368683772161603e-11
9.777068044058979e-12
6.821210263296962e-12
6.650680006714538e-12
5.9117155615240335e-12
4.092726157978177e-12
3.808509063674137e-12
2.7284841053187847e-12
2.3874235921539366e-12
2.6147972675971687e-12
1.8758328224066645e-12
1.9326762412674725e-12
9.094947017729282e-13
5.684341886080801e-13
1.2505552149377763e-12
0.0
1.0800249583553523e-12
7.389644451905042e-13
3.979039320256561e-13
0.0
3.979039320256561e-13
6.252776074688882e-13
-5.684341886080801e-13
3.410605131648481e-13
-1.1368683772161603e-13
4.547473508864641e-13
-5.684341886080801e-13
2.2737367544323206e-13
9.663381206337363e-13
1.1368683772161603e-12
-5.684341886080802e-14
-4.547473508864641e-13
-2.8421709430404007e-13
2.8421709430404007e-13
-5.684341886080801e-13
-8.526512829121202e-13
1.0800249583553523e-12
-7.389644451905042e-13
3.410605131648481e-13
6.252776074688882e-13
-2.2737367544323206e-13
4.547473508864641e-13
4.547473508864641e-13
2.8421709430404007e-13
5.684341886080802e-14
-1.1368683772161603e-13
-1.1368683772161603e-13
-4.547473508864641e-13
1.7053025658242404e-13
2.2737367544323206e-13
6.821210263296962e-13
-2.8421709430404007e-13
-1.1368683772161603e-13
5.115907697472721e-13
0.0
-3.410605131648481e-13
-2.2737367544323206e-13
3.979039320256561e-13
-1.0800249583553523e-12
3.410605131648481e-13
1.3642420526593924e-12
-4.547473508864641e-13
2.2737367544323206e-13
6.821210263296962e-13
1.0231815394945443e-12
-3.979039320256561e-13
-2.8421709430404007e-13
1.0800249583553523e-12
7.958078640513122e-13
1.0800249583553523e-12
1.1368683772161603e-12
1.8189894035458565e-12
7.389644451905042e-13
6.821210263296962e-13
3.410605131648481e-13
5.115907697472721e-13
-3.979039320256561e-13
-3.979039320256561e-13
6.821210263296962e-13
4.547473508864641e-13
1.1368683772161603e-13
-7.958078640513122e-13
-1.7053025658242404e-13
-8.526512829121202e-13
-1.0800249583553523e-12
2.2737367544323206e-13
-7.389644451905042e-13
-1.1368683772161603e-13
-9.094947017729282e-13
0.0
-1.3642420526593924e-12
3.410605131648481e-13
3.979039320256561e-13
-3.410605131648481e-13
4.547473508864641e-13
-1.7053025658242404e-13
-1.1368683772161603e-13
3.979039320256561e-13
3.410605131648481e-13
3.979039320256561e-13
3.979039320256561e-13
5.684341886080801e-13
-4.547473508864641e-13
3.410605131648481e-13
1.1937117960769683e-12
-4.547473508864641e-13
1.1368683772161603e-13
3.979039320256561e-13
3.410605131648481e-13
1.1368683772161603e-13
-1.1368683772161603e-13
3.979039320256561e-13
6.821210263296962e-13
-1.1368683772161603e-13
-1.1368683772161603e-13
2.2737367544323206e-13
2.2737367544323206e-13
5.684341886080802e-14
-5.684341886080802e-14
5.684341886080802e-14
4.547473508864641e-13
4.547473508864641e-13
2.2737367544323206e-13
-2.2737367544323206e-13
-4.547473508864641e-13
-1.1368683772161603e-13
-1.7053025658242404e-13
-3.410605131648481e-13
-2.2737367544323206e-13
-1.1368683772161603e-13
-2.2737367544323206e-13
-3.410605131648481e-13
3.410605131648481e-13
1.7053025658242404e-13
2.2737367544323206e-13
3.410605131648481e-13
7.958078640513122e-13
-2.2737367544323206e-13
0.0
0.0
-2.2737367544323206e-13
-7.389644451905042e-13
-1.0231815394945443e-12
-6.252776074688882e-13
-1.7053025658242404e-13
-3.410605131648481e-13
-3.410605131648481e-13
-1.1368683772161603e-13
5.684341886080802e-14
0.0
0.0
-3.410605131648481e-13
-1.1368683772161603e-13
-3.410605131648481e-13
-3.410605131648481e-13
-1.7053025658242404e-13
-3.410605131648481e-13
-3.979039320256561e-13
-3.979039320256561e-13
-2.8421709430404007e-13
-5.115907697472721e-13
-5.684341886080801e-13
-5.684341886080801e-13
-6.252776074688882e-13
-5.684341886080801e-13
-4.547473508864641e-13
-6.252776074688882e-13
-5.684341886080801e-13
-5.684341886080801e-13
-5.115907697472721e-13
-5.684341886080801e-13
-4.547473508864641e-13
-5.684341886080801e-13
-5.115907697472721e-13
-6.252776074688882e-13
-4.547473508864641e-13
-5.684341886080801e-13
-6.252776074688882e-13
-6.252776074688882e-13
-5.684341886080801e-13
-4.547473508864641e-13
-5.684341886080801e-13
-5.115907697472721e-13
-5.684341886080801e-13
-6.252776074688882e-13
-5.684341886080801e-13
-5.115907697472721e-13
-5.115907697472721e-13
-5.115907697472721e-13
-5.115907697472721e-13
